-50	42.385597229
-48.7062683105	41.8509864807
-47.4125366211	41.648223877
-46.1188049316	42.1302680969
-44.8250732422	41.1519966125
-43.5313415527	41.2322273254
-42.2376098633	41.6560173035
-40.9438781738	41.6079483032
-39.6501464844	41.2253608704
-38.3564147949	42.2031936646
-37.0626831055	42.7476081848
-35.768951416	42.9677238464
-34.4752197266	43.2825279236
-33.1814880371	43.0454711914
-31.8877544403	41.9810180664
-30.5940227509	41.8592796326
-29.3002910614	42.4356231689
-28.0065593719	42.6593437195
-26.7128276825	42.8629798889
-25.419095993	43.1394691467
-24.1253643036	43.5066719055
-22.8316326141	44.3007240295
-21.5379009247	46.0674667358
-20.2441692352	45.6566123962
-18.9504375458	45.7321662903
-17.6567058563	46.3873558044
-16.3629741669	46.7708320618
-15.0692415237	44.8302383423
-13.7755098343	45.7120742798
-12.4817781448	49.4501190186
-11.1880464554	56.6855316162
-9.89431476593	68.200302124
-8.60058307648	85.4691696167
-7.30685138702	162.783569336
-6.01311969757	586.371276855
-4.71938753128	1172.88598633
-3.42565608025	1603.31518555
-2.13192415237	1251.27062988
-0.838192403316	1373.74645996
0.455539345741	1338.06213379
1.7492711544	1138.80407715
3.04300284386	844.47845459
4.33673477173	521.660339355
5.63046646118	309.316802979
6.92419815063	165.350418091
8.21792984009	82.3938598633
9.51166152954	50.804775238
10.805393219	44.8876533508
12.0991249084	44.6055488586
13.3928575516	46.0215034485
14.686589241	45.9355278015
15.9803209305	42.6767654419
17.2740516663	41.8793563843
18.5677833557	42.0475387573
19.8615169525	42.5761756897
21.155248642	42.8949165344
22.4489803314	42.6756401062
23.7427120209	43.0799674988
25.0364437103	41.9463729858
26.3301753998	42.1136322021
27.6239070892	42.9856529236
28.9176387787	43.0628547668
30.2113704681	41.5563659668
31.5051021576	41.1168022156
32.7988319397	42.4387512207
34.0925674438	43.6521186829
35.3862991333	42.6655807495
36.6800308228	42.050945282
37.9737625122	41.8712882996
39.2674942017	42.021522522
40.5612258911	42.0635910034
41.8549575806	41.5468177795
43.14868927	40.7994918823
44.4424209595	41.456111908
45.7361526489	42.6741943359
47.0298843384	42.6970291138
48.3236160278	40.3140830994
49.6173477173	40.2050361633
50.9110794067	40.5979003906
52.2048110962	41.1107444763
53.4985427856	41.4460830688
54.7922744751	41.3407402039
56.0860061646	40.5656204224
57.379737854	40.9787445068
58.6734695435	40.934047699
59.9672012329	40.7668190002
61.2609329224	41.0956268311
62.5546646118	41.2510414124
63.8483963013	41.5749969482
65.1421279907	41.3555870056
66.4358596802	41.5066337585
67.7295913696	42.4537620544
69.0233230591	40.8803520203
70.3170547485	40.6991882324
71.610786438	40.7279167175
72.9045181274	40.525604248
74.1982498169	40.1732215881
75.4919815063	41.1165542603
76.7857131958	41.1483306885
78.0794448853	41.812625885
79.3731765747	42.1004447937
80.6669082642	41.3103752136
81.9606399536	40.3765220642
83.2543716431	41.3906555176
84.5481033325	41.1629905701
85.841835022	40.5311927795
87.1355667114	40.5701446533
88.4292984009	42.1238174438
89.7230300903	40.7499198914
91.0167617798	41.3564910889
92.3104934692	42.4846153259
93.6042251587	42.9505233765
94.8979568481	42.4065704346
96.1916885376	42.1789550781
97.4854202271	41.5728225708
98.7791519165	41.0505981445
100.072883606	41.308555603
101.366615295	43.0884208679
102.660346985	42.116317749
103.954078674	42.1539268494
105.247810364	42.5881690979
106.541542053	42.5883369446
107.835273743	41.4740600586
109.129005432	42.0351295471
110.422737122	41.0010871887
111.716468811	40.9855651855
113.0102005	42.0521011353
114.30393219	43.1820640564
115.597663879	43.0747833252
116.891403198	43.2489624023
118.185134888	42.6033287048
119.478866577	41.8652191162
120.772598267	42.098072052
122.066329956	44.1076889038
123.360061646	43.0954856873
124.653793335	41.995639801
125.947525024	41.7427940369
127.241256714	42.577507019
128.534988403	43.9143638611
129.828720093	43.9087142944
131.122451782	44.3986053467
132.416183472	44.1572799683
133.709915161	43.5318031311
135.003646851	44.5395965576
136.29737854	44.4135131836
137.591110229	44.0023612976
138.884841919	45.0952949524
140.178573608	46.5395126343
141.472305298	46.1117172241
142.766036987	47.7911911011
144.059768677	49.0932846069
145.353500366	50.6611785889
146.647232056	52.2008323669
147.940963745	53.5619277954
149.234695435	56.2574157715
150.528427124	60.1195716858
151.822158813	67.1579055786
153.115890503	76.1686706543
154.409622192	85.7087631226
155.703353882	94.8717803955
156.997085571	102.882530212
158.290817261	114.051139832
159.58454895	126.064041138
160.87828064	136.964065552
162.172012329	145.494522095
163.465744019	151.703109741
164.759475708	159.593078613
166.053207397	164.306625366
167.346939087	166.827865601
168.640670776	169.747619629
169.934402466	171.054260254
171.228134155	172.396850586
172.521865845	170.192520142
173.815597534	168.582382202
175.109329224	168.582046509
176.403060913	162.318603516
177.696792603	157.452697754
178.990524292	154.750610352
180.284255981	149.40524292
181.577987671	142.321350098
182.87171936	139.131286621
184.16545105	138.640670776
185.459182739	139.149856567
186.752914429	136.184280396
188.046646118	131.762420654
189.340377808	129.301269531
190.634109497	128.116088867
191.927841187	127.721977234
193.221572876	129.436798096
194.515304565	130.630157471
195.809036255	130.175201416
197.102767944	129.914825439
198.396499634	128.221099854
199.690231323	130.280700684
200.983963013	131.152267456
202.277694702	130.678543091
203.571426392	130.851531982
204.865158081	128.286483765
206.158889771	128.137130737
207.45262146	126.063774109
208.746353149	125.058280945
210.040084839	126.330696106
211.333816528	124.390274048
212.627548218	126.01700592
213.921279907	123.608360291
215.215011597	122.819534302
216.508743286	125.305465698
217.802474976	128.97895813
219.096206665	130.188064575
220.389938354	129.570617676
221.683670044	127.027336121
222.977401733	126.429542542
224.271133423	128.842041016
225.564865112	126.289451599
226.858596802	128.019195557
228.152328491	129.700546265
229.446060181	130.76663208
230.73979187	130.946136475
232.03352356	130.469589233
233.327255249	132.960372925
234.620986938	133.603408813
235.914718628	132.990158081
237.208450317	132.755599976
238.502182007	134.250228882
239.795913696	137.508987427
241.089645386	133.446777344
242.383377075	133.959472656
243.677108765	132.701065063
244.970840454	130.371627808
246.264572144	131.614944458
247.558303833	128.376800537
248.852035522	127.640296936
250.145767212	126.251907349
251.439498901	124.488433838
252.733230591	123.385444641
254.02696228	123.936141968
255.32069397	121.799407959
256.614440918	123.253128052
257.908172607	123.514259338
259.201904297	122.26436615
260.495635986	121.558006287
261.789367676	122.101715088
263.083099365	121.431762695
264.376831055	124.43548584
265.670562744	126.112205505
266.964294434	125.090888977
268.258026123	125.6746521
269.551757813	126.569564819
270.845489502	124.079017639
272.139221191	123.398353577
273.432952881	123.542396545
274.72668457	122.630966187
276.02041626	122.075309753
277.314147949	121.290618896
278.607879639	122.614936829
279.901611328	124.314819336
281.195343018	125.522468567
282.489074707	126.244468689
283.782806396	126.696365356
285.076538086	124.52973938
286.370269775	124.010467529
287.664001465	121.749130249
288.957733154	118.289505005
290.251464844	120.017295837
291.545196533	119.381813049
292.838928223	121.700668335
294.132659912	121.958953857
295.426391602	120.854980469
296.720123291	120.719894409
298.01385498	122.853607178
299.30758667	120.916152954
300.601318359	121.821495056
301.895050049	122.360473633
303.188781738	121.215080261
304.482513428	119.345817566
305.776245117	121.207626343
307.069976807	121.298439026
308.363708496	120.908889771
309.657440186	120.240768433
310.951171875	120.650489807
312.244903564	123.452323914
313.538635254	120.302368164
314.832366943	121.48361969
316.126098633	121.077163696
317.419830322	121.334899902
318.713562012	122.635749817
320.007293701	120.836128235
321.301025391	123.932624817
322.59475708	121.17665863
323.88848877	120.306114197
325.182220459	120.876411438
326.475952148	120.590339661
327.769683838	119.410423279
329.063415527	122.337364197
330.357147217	122.509780884
331.650878906	119.856323242
332.944610596	118.803199768
334.238342285	122.442581177
335.532073975	124.100578308
336.825805664	124.737854004
338.119537354	123.434913635
339.413269043	121.975212097
340.707000732	121.304351807
342.000732422	121.809280396
343.294464111	124.612617493
344.588195801	124.349853516
345.88192749	121.427001953
347.17565918	120.175590515
348.469390869	121.636901855
349.763122559	123.360435486
351.056854248	120.70891571
352.350585938	121.117088318
353.644317627	122.863449097
354.938049316	123.705955505
356.231781006	123.940338135
357.525512695	125.674964905
358.819244385	126.436347961
360.112976074	124.028091431
361.406707764	124.346847534
362.700439453	122.646820068
363.994171143	119.689346313
365.287902832	122.084945679
366.581634521	122.290611267
367.875366211	122.881919861
369.1690979	122.821662903
370.46282959	119.856506348
371.756561279	117.344306946
373.050292969	122.852798462
374.344024658	125.237182617
375.637756348	120.482620239
376.931488037	121.2862854
378.225219727	123.058067322
379.518951416	122.674728394
380.812683105	122.743644714
382.106414795	122.712516785
383.400146484	119.969192505
384.693878174	121.255577087
385.987609863	123.467094421
387.281341553	124.25453186
388.575073242	124.368835449
389.868804932	121.961456299
391.162536621	121.076629639
392.456268311	120.723655701
393.75	122.618774414
395.043731689	123.845230103
396.337463379	118.728408813
397.631195068	120.060874939
398.924926758	122.08303833
400.218658447	121.739707947
401.512390137	123.140258789
402.806121826	125.315597534
404.099853516	123.199554443
405.393585205	123.448066711
406.687316895	123.771690369
407.981048584	123.113395691
409.274780273	123.751899719
410.568511963	124.098770142
411.862243652	121.444213867
413.155975342	124.357429504
414.449707031	123.079406738
415.743438721	123.523727417
417.03717041	123.429840088
418.3309021	121.910964966
419.624633789	119.905891418
420.918365479	119.194618225
422.212097168	122.000114441
423.505828857	125.585189819
424.799560547	124.109565735
426.093292236	121.064582825
427.387023926	120.867370605
428.680755615	117.053611755
429.974487305	124.505134583
431.268218994	125.860237122
432.561950684	122.997184753
433.855682373	121.010520935
435.149414063	122.347244263
436.443145752	122.740783691
437.736877441	123.570571899
439.030609131	120.058891296
440.32434082	120.820762634
441.61807251	122.980316162
442.911804199	123.239379883
444.205535889	122.521453857
445.499267578	122.807151794
446.792999268	123.726913452
448.086730957	123.847808838
449.380462646	124.60068512
450.674194336	124.556587219
451.967926025	121.411201477
453.261657715	122.346588135
454.555389404	121.170120239
455.849121094	122.779441833
457.142852783	123.296440125
458.436584473	122.781600952
459.730316162	123.468833923
461.024047852	125.43762207
462.317779541	125.06212616
463.61151123	122.935119629
464.90524292	122.489868164
466.198974609	122.922203064
467.492706299	122.812309265
468.786437988	122.512283325
470.080169678	122.192771912
471.373901367	126.026954651
472.667633057	124.932914734
473.961364746	122.760765076
475.255096436	122.718811035
476.548828125	123.474807739
477.842559814	118.960723877
479.136291504	127.097801208
480.430023193	125.510925293
481.723754883	123.528175354
483.017486572	123.45324707
484.311218262	122.879989624
485.604949951	121.845161438
486.898681641	125.099746704
488.19241333	124.063804626
489.48614502	126.125846863
490.779876709	126.910636902
492.073608398	124.061401367
493.367340088	122.259819031
494.661071777	125.475860596
495.954803467	123.76361084
497.248535156	124.005264282
498.542266846	124.384841919
499.835998535	123.875358582
501.129730225	123.456382751
502.423461914	125.629638672
503.717193604	123.738693237
505.010925293	123.327072144
506.304656982	123.343467712
507.598388672	123.48323822
508.892120361	123.607414246
510.185852051	122.980911255
511.47958374	117.60458374
512.77331543	121.259536743
514.067077637	122.761367798
515.360778809	121.949356079
516.654541016	121.763954163
517.948242188	124.283584595
519.242004395	126.83380127
520.535705566	126.013870239
521.829467773	123.876670837
523.123168945	123.570335388
524.416931152	124.171295166
525.710632324	123.485481262
527.004394531	120.783073425
528.298095703	121.866218567
529.59185791	119.54058075
530.885559082	122.01978302
532.179321289	121.728652954
533.473022461	119.332572937
534.766784668	118.966194153
536.06048584	121.014198303
537.354248047	122.762153625
538.647949219	120.412078857
539.941711426	120.718650818
541.235412598	123.705726624
542.529174805	125.504081726
543.822875977	123.255767822
545.116638184	122.816932678
546.410339355	121.444953918
547.704101563	121.827598572
548.997802734	126.220306396
550.291564941	126.927375793
551.585266113	123.539985657
552.87902832	124.886917114
554.172729492	121.379234314
555.466491699	121.358810425
556.760192871	123.264320374
558.053955078	123.169967651
559.34765625	122.016990662
560.641418457	122.278686523
561.935119629	124.168922424
563.228881836	125.258407593
564.522583008	120.284240723
565.816345215	121.669822693
567.110046387	124.597557068
568.403808594	125.119850159
569.697509766	123.563858032
570.991271973	123.585914612
572.284973145	121.805404663
573.578735352	124.212669373
574.872436523	123.057876587
576.16619873	123.324554443
577.459899902	125.244354248
578.753662109	124.758514404
580.047363281	123.852149963
581.341125488	121.596427917
582.63482666	124.647735596
583.928588867	123.483642578
585.222290039	120.438018799
586.516052246	120.094490051
587.809753418	122.874313354
589.103515625	120.627281189
590.397216797	119.869644165
591.690979004	123.690658569
592.984680176	124.157409668
594.278442383	123.731140137
595.572143555	123.980003357
596.865905762	123.073280334
598.159606934	125.607910156
599.453369141	126.138473511
600.747070313	124.797462463
602.04083252	124.359230042
603.334533691	124.982406616
604.628295898	125.72063446
605.92199707	125.371116638
607.215759277	121.705421448
608.509460449	123.148422241
609.803222656	122.959701538
611.096923828	124.884757996
612.390686035	123.85710907
613.684387207	120.843055725
614.978149414	122.940475464
616.271850586	118.068405151
617.565612793	122.473922729
618.859313965	124.195625305
620.153076172	123.012435913
621.446777344	121.724220276
622.740539551	121.6772995
624.034240723	122.053604126
625.32800293	124.174934387
626.621704102	121.939399719
627.915466309	122.584281921
629.20916748	122.444641113
630.502929688	123.496261597
631.796630859	124.945419312
633.090393066	123.198944092
634.384094238	120.893463135
635.677856445	123.21686554
636.971557617	122.586196899
638.265319824	119.417030334
639.559020996	118.611213684
640.852783203	120.07233429
642.146484375	121.317474365
643.440246582	126.994506836
644.733947754	123.386100769
646.027709961	121.239227295
647.321411133	120.818252563
648.61517334	121.906684875
649.908874512	121.723693848
651.202636719	120.264343262
652.496337891	124.685325623
653.790100098	124.174041748
655.08380127	121.211044312
656.377563477	123.093238831
657.671264648	123.541290283
658.965026855	121.283760071
660.258728027	120.67729187
661.552490234	125.377502441
662.846191406	122.04548645
664.139953613	126.028770447
665.433654785	123.575927734
666.727416992	123.932723999
668.021118164	125.558166504
669.314880371	125.246414185
670.608581543	124.363639832
671.90234375	125.201843262
673.196044922	125.568824768
674.489807129	127.879051208
675.783508301	126.372756958
677.077270508	125.057281494
678.37097168	124.697479248
679.664733887	123.057121277
680.958435059	122.330360413
682.252197266	125.093887329
683.545898438	122.100387573
684.839660645	122.99394989
686.133361816	123.658424377
687.427124023	123.453697205
688.720825195	123.499908447
690.014587402	123.420082092
691.308288574	124.93208313
692.602050781	121.452285767
693.895751953	120.191421509
695.18951416	120.001014709
696.483215332	122.998924255
697.776977539	125.480926514
699.070678711	122.071968079
700.364440918	119.330444336
701.65814209	122.528045654
702.951904297	124.585632324
704.245605469	124.809028625
705.539367676	125.137680054
706.833068848	123.50504303
708.126831055	120.353561401
709.420532227	121.628623962
710.714294434	125.277183533
712.007995605	129.813568115
713.301757813	126.00125885
714.595458984	125.94733429
715.889221191	125.406913757
717.182922363	123.267585754
718.47668457	123.151626587
719.770385742	123.092247009
721.064147949	122.09223175
722.357849121	124.888832092
723.651611328	122.758644104
724.9453125	123.305511475
726.239074707	123.101882935
727.532775879	121.554718018
728.826538086	124.645835876
730.120239258	126.177093506
731.414001465	126.523696899
732.707702637	125.034828186
734.001464844	123.598892212
735.295166016	120.571022034
736.588928223	119.824691772
737.882629395	123.346069336
739.176391602	125.373901367
740.470092773	124.900665283
741.76385498	125.040962219
743.057556152	125.055145264
744.351318359	122.72480011
745.645019531	124.165077209
746.938781738	126.093292236
748.23248291	123.428367615
749.526245117	123.261138916
750.819946289	123.346748352
752.113708496	122.338302612
753.407409668	120.860900879
754.701171875	120.210693359
755.994873047	121.169265747
757.288635254	122.347160339
758.582336426	123.17010498
759.876098633	126.850540161
761.169799805	123.065887451
762.463562012	121.483390808
763.757263184	123.495010376
765.051025391	123.879066467
766.344726563	124.030418396
767.63848877	124.605247498
768.932189941	124.250106812
770.225952148	124.541122437
771.51965332	121.429931641
772.813415527	122.819084167
774.107116699	122.810676575
775.400878906	123.729301453
776.694580078	124.634246826
777.988342285	123.749893188
779.282043457	121.988075256
780.575805664	123.410675049
781.869506836	122.91330719
783.163269043	125.143859863
784.456970215	123.156356812
785.750732422	123.569786072
787.044433594	123.82333374
788.338195801	122.99987793
789.631896973	123.336662292
790.92565918	122.472297668
792.219360352	122.618392944
793.513122559	123.05607605
794.80682373	121.804244995
796.100585938	121.783966064
797.394287109	123.680549622
798.688049316	123.254638672
799.981750488	120.418243408
801.275512695	125.560813904
802.569213867	126.683227539
803.862976074	123.321601868
805.156677246	124.627159119
806.450439453	125.195030212
807.744140625	123.82510376
809.037902832	123.126586914
810.331604004	123.801193237
811.625366211	122.727340698
812.919067383	124.979515076
814.21282959	124.445854187
815.506530762	121.954704285
816.800292969	120.438018799
818.093994141	122.398078918
819.387756348	123.95488739
820.68145752	123.77532196
821.975219727	125.350273132
823.268920898	123.804885864
824.562683105	123.808990479
825.856384277	122.522979736
827.150146484	124.830955505
828.443847656	124.947593689
829.737609863	124.302017212
831.031311035	123.79675293
832.325073242	122.628326416
833.618774414	123.816711426
834.912536621	122.529914856
836.206237793	122.009155273
837.5	123.248413086
838.793762207	125.305915833
840.087463379	123.632637024
841.381225586	119.739234924
842.674926758	118.399085999
843.968688965	120.858131409
845.262390137	124.299064636
846.556152344	124.229988098
847.849853516	125.449371338
849.143615723	126.577079773
850.437316895	124.416442871
851.731079102	123.67640686
853.024780273	124.414550781
854.31854248	123.231994629
855.612243652	124.113601685
856.906005859	119.265235901
858.199707031	125.490707397
859.493469238	124.4295578
860.78717041	121.237327576
862.080932617	124.373695374
863.374633789	125.988349915
864.668395996	122.175483704
865.962097168	122.531677246
867.255859375	124.14490509
868.549560547	123.682624817
869.843322754	119.880073547
871.137023926	120.842697144
872.430786133	121.666488647
873.724487305	119.749603271
875.018249512	119.050292969
876.311950684	121.717575073
877.605712891	122.776649475
878.899414063	123.183326721
880.19317627	121.137176514
881.486877441	118.698654175
882.780639648	122.345153809
884.07434082	123.565193176
885.368103027	122.853874207
886.661804199	122.060592651
887.955566406	120.815818787
889.249267578	119.823394775
890.543029785	120.533241272
891.836730957	116.250137329
893.130493164	116.433631897
894.424194336	121.596199036
895.717956543	122.719306946
897.011657715	122.666252136
898.305419922	122.698608398
899.599121094	120.488502502
900.892883301	119.409889221
902.186584473	122.42035675
903.48034668	121.281562805
904.774047852	117.616767883
906.067810059	118.517997742
907.36151123	117.504516602
908.655273438	118.800521851
909.948974609	121.993965149
911.242736816	122.197357178
912.536437988	122.197357178
913.830200195	122.994033813
915.123901367	123.547431946
916.417663574	123.10774231
917.711364746	118.596504211
919.005126953	119.025878906
920.298828125	119.976669312
921.592590332	119.932922363
922.886291504	121.454299927
924.180053711	122.822044373
925.473754883	124.405426025
926.76751709	122.401565552
928.061218262	118.541114807
929.354980469	120.107948303
930.648681641	120.212371826
931.942443848	119.890625
933.23614502	119.964553833
934.529907227	120.184677124
935.823608398	121.19644165
937.117370605	121.671661377
938.411071777	119.305633545
939.704833984	122.126792908
940.998535156	121.304588318
942.292297363	119.945259094
943.585998535	119.854766846
944.879760742	120.001342773
946.173461914	119.622489929
947.467224121	119.52822876
948.760925293	119.816589355
950.0546875	118.198600769
951.348388672	120.964767456
952.642150879	119.421607971
953.935852051	118.2786026
955.229614258	119.687889099
956.52331543	118.884864807
957.817077637	117.404342651
959.110778809	118.443580627
960.404541016	119.311538696
961.698242188	120.823936462
962.992004395	121.2917099
964.285705566	117.943565369
965.579467773	117.138938904
966.873168945	117.283676147
968.166931152	116.580421448
969.460632324	116.123390198
970.754394531	117.018386841
972.048095703	117.367095947
973.34185791	115.184707642
974.635559082	117.787506104
975.929321289	117.344017029
977.223022461	119.416030884
978.516784668	118.425140381
979.81048584	117.539009094
981.104248047	115.964263916
982.397949219	116.589836121
983.691711426	118.819046021
984.985412598	118.213592529
986.279174805	116.891792297
987.572875977	113.716209412
988.866638184	117.703491211
990.160339355	116.219200134
991.454101563	118.979370117
992.747802734	116.140892029
994.041564941	115.129806519
995.335266113	115.256286621
996.62902832	113.921737671
997.922729492	115.942840576
999.216491699	120.213302612
1000.51019287	117.724472046
1001.80395508	116.039344788
1003.09765625	115.279312134
1004.39141846	117.726631165
1005.68511963	119.035263062
1006.97888184	116.958145142
1008.27258301	116.05456543
1009.56634521	117.734825134
1010.86004639	116.93082428
1012.15380859	113.305473328
1013.44750977	113.402587891
1014.74127197	114.808639526
1016.03497314	114.824661255
1017.32873535	115.357955933
1018.62243652	115.882102966
1019.91619873	114.916313171
1021.2098999	114.95475769
1022.50366211	117.780967712
1023.79736328	119.941970825
1025.09106445	117.845344543
1026.3848877	118.927047729
1027.67858887	119.248260498
1028.97229004	117.058303833
1030.26599121	116.246696472
1031.55981445	114.140777588
1032.85351563	114.071922302
1034.1472168	115.558601379
1035.44091797	116.905517578
1036.73474121	117.820678711
1038.02844238	117.883476257
1039.32214355	116.043640137
1040.61584473	115.9765625
1041.90966797	114.642219543
1043.20336914	115.492507935
1044.49707031	116.892471313
1045.79077148	116.715911865
1047.08459473	116.557266235
1048.3782959	115.801208496
1049.67199707	115.820976257
1050.96569824	118.401847839
1052.25952148	118.463409424
1053.55322266	115.260612488
1054.84692383	115.820526123
1056.140625	118.675125122
1057.43444824	115.6014328
1058.72814941	115.652763367
1060.02185059	115.353286743
1061.31555176	117.282806396
1062.609375	119.473709106
1063.90307617	118.689605713
1065.19677734	117.72151947
1066.49047852	117.544563293
1067.78430176	114.964706421
1069.07800293	121.319168091
1070.3717041	120.029678345
1071.66540527	117.871803284
1072.95922852	117.58731842
1074.25292969	117.493354797
1075.54663086	117.98903656
1076.84033203	118.631195068
1078.13415527	118.054267883
1079.42785645	116.835365295
1080.72155762	116.643234253
1082.01525879	116.541938782
1083.30908203	115.224807739
1084.6027832	117.266372681
1085.89648438	114.555000305
1087.19018555	115.937759399
1088.48400879	115.046478271
1089.77770996	116.252891541
1091.07141113	116.97719574
1092.3651123	115.439674377
1093.65893555	117.601234436
1094.95263672	117.560928345
1096.24633789	115.140388489
1097.54003906	112.949043274
1098.8338623	111.838798523
1100.12756348	116.140533447
1101.42126465	114.88508606
1102.71496582	115.750274658
1104.00878906	118.297302246
1105.30249023	117.204162598
1106.59619141	114.041267395
1107.88989258	114.021400452
1109.18371582	115.300750732
1110.47741699	115.574623108
1111.77111816	110.589660645
1113.06481934	113.405952454
1114.35864258	114.464874268
1115.65234375	115.395561218
1116.94604492	115.668411255
1118.23974609	113.381111145
1119.53356934	113.206390381
1120.82727051	113.54851532
1122.12097168	113.388504028
1123.41467285	115.606178284
1124.70849609	112.108299255
1126.00219727	116.191230774
1127.29589844	110.821754456
1128.58959961	111.697021484
1129.88342285	114.552085876
1131.17712402	117.463264465
1132.4708252	115.053916931
1133.76452637	114.768127441
1135.05834961	115.426193237
1136.35205078	115.622055054
1137.64575195	116.010574341
1138.93945313	113.910240173
1140.23327637	114.437866211
1141.52697754	115.816398621
1142.82067871	114.971534729
1144.11437988	116.066482544
1145.40820313	117.756530762
1146.7019043	116.46270752
1147.99560547	116.265808105
1149.28930664	117.02973175
1150.58312988	117.091583252
1151.87683105	115.120773315
1153.17053223	112.534378052
1154.4642334	112.065979004
1155.75805664	112.271736145
1157.05175781	116.415512085
1158.34545898	112.495750427
1159.63916016	113.738143921
1160.9329834	112.922271729
1162.22668457	112.959838867
1163.52038574	113.371322632
1164.81408691	114.603813171
1166.10791016	113.766944885
1167.40161133	111.645179749
1168.6953125	111.426147461
1169.98901367	113.471611023
1171.28283691	115.729957581
1172.57653809	112.445114136
1173.87023926	115.275840759
1175.16394043	113.753112793
1176.45776367	113.527114868
1177.75146484	114.336746216
1179.04516602	115.091323853
1180.33886719	112.717933655
1181.63269043	111.57774353
1182.9263916	111.486778259
1184.22009277	112.301475525
1185.51379395	113.683555603
1186.80761719	112.850212097
1188.10131836	114.609336853
1189.39501953	114.327514648
1190.6887207	114.144584656
1191.98254395	114.493751526
1193.27624512	114.060928345
1194.56994629	113.128944397
1195.86364746	114.199523926
1197.1574707	114.480705261
1198.45117188	115.096542358
1199.74487305	115.086761475
1201.03857422	111.608451843
1202.33239746	110.788253784
1203.62609863	116.447143555
1204.9197998	111.694869995
1206.21350098	116.974205017
1207.50732422	110.743515015
1208.80102539	114.386955261
1210.09472656	111.053718567
1211.38842773	110.278671265
1212.68225098	112.722175598
1213.97595215	114.667053223
1215.26965332	114.035919189
1216.56335449	112.567893982
1217.85717773	112.32346344
1219.15087891	113.314041138
1220.44458008	115.15120697
1221.73828125	116.902915955
1223.03210449	114.327880859
1224.32580566	114.75479126
1225.61950684	112.083480835
1226.91320801	113.255241394
1228.20703125	116.438232422
1229.50073242	116.020271301
1230.79443359	113.976898193
1232.08813477	115.656364441
1233.38195801	115.16884613
1234.67565918	111.685035706
1235.96936035	111.104507446
1237.26306152	113.208755493
1238.55688477	113.036079407
1239.85058594	112.505973816
1241.14428711	112.752838135
1242.43798828	113.944389343
1243.73181152	115.268623352
1245.0255127	116.592887878
1246.31921387	113.255783081
1247.61291504	115.411880493
1248.90673828	114.008415222
1250.20043945	112.053276062
1251.49414063	113.211990356
1252.7878418	113.085708618
1254.08166504	112.819000244
1255.37536621	115.843391418
1256.66906738	115.747108459
1257.96276855	111.590835571
1259.2565918	112.686920166
1260.55029297	113.549545288
1261.84399414	112.126548767
1263.13769531	116.829978943
1264.43151855	115.573066711
1265.72521973	115.054214478
1267.0189209	113.245491028
1268.31262207	111.755889893
1269.60644531	113.127349854
1270.90014648	115.136039734
1272.19384766	112.565910339
1273.48754883	111.029815674
1274.78137207	115.954025269
1276.07507324	115.493713379
1277.36877441	110.680831909
1278.66247559	111.006454468
1279.95629883	113.104957581
1281.25	114.150337219
1282.54370117	115.347259521
1283.83752441	114.14490509
1285.13122559	112.840042114
1286.42492676	112.658996582
1287.71862793	113.88608551
1289.01245117	114.717460632
1290.30615234	116.243972778
1291.59985352	117.734649658
1292.89355469	117.005203247
1294.18737793	115.086425781
1295.4810791	113.625198364
1296.77478027	112.138427734
1298.06848145	111.497650146
1299.36230469	110.860977173
1300.65600586	115.697654724
1301.94970703	117.402023315
1303.2434082	115.886260986
1304.53723145	112.443519592
1305.83093262	115.048484802
1307.12463379	116.88923645
1308.41833496	117.366950989
1309.7121582	115.995536804
1311.00585938	116.673561096
1312.29956055	118.245002747
1313.59326172	117.359069824
1314.88708496	117.190109253
1316.18078613	116.927780151
1317.4744873	115.381187439
1318.76818848	115.565818787
1320.06201172	115.536659241
1321.35571289	114.225273132
1322.64941406	121.061340332
1323.94311523	118.422851563
1325.23693848	120.348228455
1326.53063965	126.396614075
1327.82434082	125.397705078
1329.11804199	125.01184082
1330.41186523	124.496757507
1331.70556641	124.493637085
1332.99926758	124.512664795
1334.29296875	123.007041931
1335.58679199	122.542945862
1336.88049316	122.381546021
1338.17419434	121.402679443
1339.46789551	120.536605835
1340.76171875	120.901954651
1342.05541992	120.930786133
1343.34912109	119.592559814
1344.64282227	118.704177856
1345.93664551	117.398010254
1347.23034668	116.163375854
1348.52404785	118.059387207
1349.81774902	116.745826721
1351.11157227	113.573699951
1352.40527344	112.516532898
1353.69897461	111.991752625
1354.99267578	113.42817688
1356.28649902	115.416915894
1357.5802002	113.60206604
1358.87390137	113.167625427
1360.16760254	114.477615356
1361.46142578	116.627662659
1362.75512695	114.277923584
1364.04882813	110.233261108
1365.3425293	112.570999146
1366.63635254	114.982650757
1367.93005371	113.547302246
1369.22375488	112.578987122
1370.51745605	112.205635071
1371.8112793	113.477577209
1373.10498047	113.004547119
1374.39868164	114.308769226
1375.69238281	114.860389709
1376.98620605	113.728927612
1378.27990723	112.018211365
1379.5736084	111.029624939
1380.86730957	112.63583374
1382.16113281	113.258468628
1383.45483398	111.243202209
1384.74853516	110.27469635
1386.04223633	110.522346497
1387.33605957	112.93951416
1388.62976074	114.811859131
1389.92346191	110.707527161
1391.21716309	114.453811646
1392.51098633	113.471984863
1393.8046875	114.989822388
1395.09838867	115.816009521
1396.39208984	114.569107056
1397.68591309	113.204917908
1398.97961426	113.544914246
1400.27331543	112.768043518
1401.5670166	112.794906616
1402.86083984	113.562461853
1404.15454102	111.914161682
1405.44824219	108.846931458
1406.74194336	106.788253784
1408.0357666	112.127578735
1409.32946777	112.93031311
1410.62316895	112.271789551
1411.91687012	114.354797363
1413.21069336	114.110641479
1414.50439453	108.228149414
1415.7980957	109.213882446
1417.09179688	109.421546936
1418.38562012	109.42880249
1419.67932129	113.088233948
1420.97302246	109.73625946
1422.26672363	109.674034119
1423.56054688	109.266227722
1424.85424805	110.483573914
1426.14794922	112.344078064
1427.44165039	112.293319702
1428.73547363	111.522964478
1430.0291748	111.182182312
1431.32287598	112.775054932
1432.61657715	115.177444458
1433.91040039	114.001823425
1435.20410156	111.969955444
1436.49780273	110.571914673
1437.79150391	110.930198669
1439.08532715	107.43371582
1440.37902832	114.141334534
1441.67272949	111.288238525
1442.96643066	111.281791687
1444.26025391	111.724716187
1445.55395508	113.179359436
1446.84765625	112.175239563
1448.14135742	111.017799377
1449.43518066	113.04750824
1450.72888184	114.049858093
1452.02258301	110.745529175
1453.31628418	110.905822754
1454.61010742	113.382743835
1455.90380859	111.678459167
1457.19750977	110.098518372
1458.49121094	110.961273193
1459.78503418	111.282699585
1461.07873535	111.854515076
1462.37243652	106.265380859
1463.6661377	109.733573914
1464.95996094	108.455482483
1466.25366211	109.596626282
1467.54736328	111.630638123
1468.84106445	114.799636841
1470.1348877	114.3383255
1471.42858887	116.000083923
1472.72229004	116.258781433
1474.01599121	114.808410645
1475.30981445	115.603912354
1476.60351563	117.771202087
1477.8972168	117.191970825
1479.19091797	118.286148071
1480.48474121	112.075965881
1481.77844238	118.35710144
1483.07214355	118.061798096
1484.36584473	115.198196411
1485.65966797	115.363113403
1486.95336914	117.122612
1488.24707031	116.821212769
1489.54077148	116.855651855
1490.83459473	116.525230408
1492.1282959	118.032691956
1493.42199707	117.9662323
1494.71569824	118.780570984
1496.00952148	121.119552612
1497.30322266	120.561172485
1498.59692383	120.853713989
1499.890625	121.62991333
1501.18444824	120.216133118
1502.47814941	121.249320984
1503.77185059	121.125595093
1505.06555176	124.850959778
1506.359375	123.171485901
1507.65307617	126.660545349
1508.94677734	125.793449402
1510.24047852	127.140388489
1511.53430176	123.73600769
1512.82800293	130.597167969
1514.1217041	131.523101807
1515.41540527	125.741622925
1516.70922852	129.373504639
1518.00292969	129.561447144
1519.29663086	130.561630249
1520.59033203	130.300247192
1521.88415527	135.001342773
1523.17785645	137.313858032
1524.47155762	140.473892212
1525.76525879	143.083816528
1527.05908203	142.790908813
1528.3527832	143.537261963
1529.64648438	146.863693237
1530.94018555	151.648803711
1532.23400879	156.791625977
1533.52770996	158.805862427
1534.82141113	158.732910156
1536.1151123	161.061080933
1537.40893555	161.439971924
1538.70263672	170.683776855
1539.99633789	177.861495972
1541.29003906	177.363525391
1542.5838623	180.216491699
1543.87756348	194.114151001
1545.17126465	197.48550415
1546.46496582	199.160675049
1547.75878906	206.600982666
1549.05249023	214.0650177
1550.34619141	226.281646729
1551.63989258	229.630889893
1552.93371582	239.867996216
1554.22741699	253.887481689
1555.52111816	272.914215088
1556.81481934	287.912414551
1558.10864258	300.505249023
1559.40234375	314.342315674
1560.69604492	326.062896729
1561.98974609	341.41986084
1563.28356934	359.378387451
1564.57727051	374.531219482
1565.87097168	387.9190979
1567.16467285	395.641418457
1568.45849609	404.520568848
1569.75219727	416.422851563
1571.04589844	432.365020752
1572.33959961	444.180541992
1573.63342285	447.629882813
1574.92712402	463.352111816
1576.2208252	463.387573242
1577.51452637	463.476013184
1578.80834961	444.615844727
1580.10205078	454.328948975
1581.39575195	457.824127197
1582.68945313	470.377319336
1583.98327637	497.074951172
1585.27697754	533.264465332
1586.57067871	596.679016113
1587.86437988	684.758422852
1589.15820313	775.425170898
1590.4519043	853.493041992
1591.74560547	903.526794434
1593.03930664	918.057617188
1594.33312988	915.169128418
1595.62683105	889.618469238
1596.92053223	834.079772949
1598.2142334	774.60949707
1599.50805664	713.701171875
1600.80175781	645.935241699
1602.09545898	586.67590332
1603.38916016	536.54888916
1604.6829834	490.805389404
1605.97668457	451.350158691
1607.27038574	414.203643799
1608.56408691	377.746765137
1609.85791016	349.059173584
1611.15161133	320.639312744
1612.4453125	289.278137207
1613.73901367	271.852874756
1615.03283691	257.236358643
1616.32653809	238.085464478
1617.62023926	225.912445068
1618.91394043	209.126358032
1620.20776367	201.990325928
1621.50146484	194.139968872
1622.79516602	182.041610718
1624.08886719	173.443511963
1625.38269043	167.293533325
1626.6763916	162.076660156
1627.97009277	155.51725769
1629.26379395	148.507507324
1630.55761719	145.978729248
1631.85131836	143.20526123
1633.14501953	138.790298462
1634.4387207	135.000930786
1635.73254395	133.327636719
1637.02624512	130.658004761
1638.31994629	129.032363892
1639.61364746	125.945457458
1640.9074707	124.318336487
1642.20117188	125.019981384
1643.49487305	122.843910217
1644.78857422	119.442871094
1646.08239746	119.66783905
1647.37609863	119.81275177
1648.6697998	117.495124817
1649.96350098	118.35370636
1651.25732422	120.825660706
1652.55102539	117.771400452
1653.84472656	112.329429626
1655.13842773	112.652160645
1656.43225098	112.754844666
1657.72595215	112.148033142
1659.01965332	109.61631012
1660.31335449	112.632301331
1661.60717773	110.954055786
1662.90087891	111.442718506
1664.19458008	112.030212402
1665.48828125	110.672096252
1666.78210449	108.658821106
1668.07580566	108.596298218
1669.36950684	111.235572815
1670.66320801	108.129867554
1671.95703125	107.535949707
1673.25073242	110.048774719
1674.54443359	108.008880615
1675.83813477	109.863235474
1677.13195801	106.516815186
1678.42565918	108.038566589
1679.71936035	108.537895203
1681.01306152	112.005096436
1682.30688477	107.29485321
1683.60058594	106.80872345
1684.89428711	103.538490295
1686.18798828	106.765365601
1687.48181152	109.517166138
1688.7755127	106.621902466
1690.06921387	105.100975037
1691.36291504	103.678634644
1692.65673828	105.160362244
1693.95043945	109.091316223
1695.24414063	107.056854248
1696.5378418	104.658508301
1697.83166504	107.174179077
1699.12536621	108.1326828
1700.41906738	106.349754333
1701.71276855	104.635414124
1703.0065918	105.83531189
1704.30029297	107.499305725
1705.59399414	106.688087463
1706.88769531	105.672363281
1708.18151855	105.279808044
1709.47521973	105.982673645
1710.7689209	105.120620728
1712.06262207	105.327575684
1713.35644531	107.976066589
1714.65014648	107.146728516
1715.94384766	107.257865906
1717.23754883	106.024459839
1718.53137207	107.040771484
1719.82507324	108.04737854
1721.11877441	106.147483826
1722.41247559	104.126426697
1723.70629883	107.657592773
1725	105.648902893
1726.29370117	107.13520813
1727.58752441	106.298660278
1728.88122559	107.185028076
1730.17492676	105.02256012
1731.46862793	107.960441589
1732.76245117	107.618980408
1734.05615234	109.292114258
1735.34985352	106.869064331
1736.64355469	110.014595032
1737.93737793	108.189277649
1739.2310791	107.660797119
1740.52478027	105.019195557
1741.81848145	106.992851257
1743.11230469	106.902633667
1744.40600586	108.619277954
1745.69970703	109.728797913
1746.9934082	107.800254822
1748.28723145	107.950386047
1749.58093262	111.636764526
1750.87463379	109.040542603
1752.16833496	112.172981262
1753.4621582	106.936592102
1754.75585938	106.614402771
1756.04956055	107.24168396
1757.34326172	111.240592957
1758.63708496	108.467559814
1759.93078613	107.060699463
1761.2244873	107.227111816
1762.51818848	108.21912384
1763.81201172	104.349052429
1765.10571289	106.929168701
1766.39941406	105.63910675
1767.69311523	106.342803955
1768.98693848	104.050132751
1770.28063965	102.348228455
1771.57434082	105.566383362
1772.86804199	107.154136658
1774.16186523	103.698730469
1775.45556641	102.96321106
1776.74926758	101.193817139
1778.04296875	99.1582717896
1779.33679199	104.144348145
1780.63049316	104.379203796
1781.92419434	105.42565918
1783.21789551	103.653572083
1784.51171875	103.043907166
1785.80541992	103.494285583
1787.09912109	101.618438721
1788.39282227	100.664665222
1789.68664551	102.299171448
1790.98034668	103.608955383
1792.27404785	103.608078003
1793.56774902	101.931495667
1794.86157227	101.074745178
1796.15527344	100.572631836
1797.44897461	99.4945678711
1798.74267578	100.225196838
1800.03649902	103.023200989
1801.3302002	102.077972412
1802.62390137	102.302459717
1803.91760254	102.052009583
1805.21142578	100.936279297
1806.50512695	98.8963088989
1807.79882813	96.7776641846
1809.0925293	98.2410354614
1810.38635254	101.300979614
1811.68005371	100.105735779
1812.97375488	100.815116882
1814.26745605	101.419967651
1815.5612793	97.0890045166
1816.85498047	94.7693557739
1818.14868164	97.4190979004
1819.44238281	99.6963882446
1820.73620605	98.8616333008
1822.02990723	98.1625595093
1823.3236084	99.721786499
1824.61730957	100.082275391
1825.91113281	98.5278320313
1827.20483398	97.3264541626
1828.49853516	97.1688232422
1829.79223633	98.8785858154
1831.08605957	99.6500701904
1832.37976074	98.7652893066
1833.67346191	97.1709518433
1834.96716309	97.5797348022
1836.26098633	95.4368743896
1837.5546875	94.3569869995
1838.84838867	97.1814575195
1840.14208984	97.5430984497
1841.43591309	96.3644943237
1842.72961426	95.4389724731
1844.02331543	96.2200469971
1845.3170166	96.2304153442
1846.61083984	96.5156555176
1847.90454102	96.3229293823
1849.19824219	98.1293869019
1850.49194336	98.1438751221
1851.7857666	96.9895935059
1853.07946777	97.0368118286
1854.37316895	96.7085647583
1855.66687012	95.7138290405
1856.96069336	95.2768325806
1858.25439453	97.0970077515
1859.5480957	95.9356079102
1860.84179688	94.6401977539
1862.13562012	94.4154586792
1863.42932129	95.3350296021
1864.72302246	97.2115325928
1866.01672363	96.0043487549
1867.31054688	95.365272522
1868.60424805	97.4685668945
1869.89794922	96.2983016968
1871.19165039	94.4562149048
1872.48547363	94.2564239502
1873.7791748	95.4484100342
1875.07287598	94.3139419556
1876.36657715	93.0503082275
1877.66040039	93.7368850708
1878.95410156	93.9777984619
1880.24780273	95.8697891235
1881.54150391	99.3185806274
1882.83532715	97.3742370605
1884.12902832	94.7220687866
1885.42272949	95.4164962769
1886.71643066	93.6713943481
1888.01025391	94.1762466431
1889.30395508	94.9656906128
1890.59765625	95.7506713867
1891.89135742	93.6952896118
1893.18518066	94.2367477417
1894.47888184	95.9354705811
1895.77258301	96.4330368042
1897.06628418	96.2697601318
1898.36010742	94.340461731
1899.65380859	94.3395843506
1900.94750977	95.3088150024
1902.24121094	93.1028900146
1903.53503418	94.5066146851
1904.82873535	93.9545669556
1906.12243652	95.5594329834
1907.4161377	96.954864502
1908.70996094	96.0199279785
1910.00366211	95.4725952148
1911.29736328	95.2515792847
1912.59106445	98.3088378906
1913.8848877	95.5498199463
1915.17858887	95.0098342896
1916.47229004	93.6016082764
1917.76599121	93.4519424438
1919.05981445	94.8855133057
1920.35351563	98.2581787109
1921.6472168	95.4568252563
1922.94091797	94.724861145
1924.23474121	95.3127288818
1925.52844238	96.32837677
1926.82214355	96.5788269043
1928.11584473	91.2408752441
1929.40966797	94.7184906006
1930.70336914	93.0322494507
1931.99707031	96.9049453735
1933.29077148	94.4223556519
1934.58459473	96.2979049683
1935.8782959	93.5523300171
1937.17199707	95.2023391724
1938.46569824	95.3092727661
1939.75952148	95.5755004883
1941.05322266	91.9884414673
1942.34692383	94.6158676147
1943.640625	95.3959884644
1944.93444824	97.7075271606
1946.22814941	93.1884460449
1947.52185059	90.5573120117
1948.81555176	93.460723877
1950.109375	93.1311340332
1951.40307617	94.4198532104
1952.69677734	97.1335525513
1953.99047852	94.9492645264
1955.28430176	93.1343765259
1956.57800293	94.5583267212
1957.8717041	94.7748184204
1959.16540527	93.8240432739
1960.45922852	94.2421646118
1961.75292969	95.2721633911
1963.04663086	94.3368682861
1964.34033203	93.3446044922
1965.63415527	95.0817565918
1966.92785645	96.0565032959
1968.22155762	96.3663711548
1969.51525879	95.0656661987
1970.80908203	94.0365982056
1972.1027832	93.5382537842
1973.39648438	93.0026855469
1974.69018555	92.1697921753
1975.98400879	93.1922302246
1977.27770996	94.4353713989
1978.57141113	96.929145813
1979.8651123	94.8138809204
1981.15893555	93.5796585083
1982.45263672	92.9885177612
1983.74633789	92.5857315063
1985.04003906	91.3426818848
1986.3338623	93.3759918213
1987.62756348	93.0878829956
1988.92126465	93.1329650879
1990.21496582	91.0278015137
1991.50878906	91.5386886597
1992.80249023	92.9656906128
1994.09619141	91.8441848755
1995.38989258	91.370880127
1996.68371582	92.2248535156
1997.97741699	91.1129226685
1999.27111816	92.458366394
2000.56481934	90.1997756958
2001.85864258	91.4364776611
2003.15234375	91.0447387695
2004.44604492	90.5890960693
2005.73974609	90.9009094238
2007.03356934	89.5844726563
2008.32727051	89.9487075806
2009.62097168	87.8375930786
2010.91467285	91.5226821899
2012.20849609	95.0535125732
2013.50219727	91.8179931641
2014.79589844	93.7011108398
2016.08959961	89.3360977173
2017.38342285	87.3944320679
2018.67712402	91.5744857788
2019.9708252	90.0113754272
2021.26452637	89.7988433838
2022.55834961	87.9773635864
2023.85205078	89.3253631592
2025.14575195	90.68019104
2026.43945313	90.9181213379
2027.73327637	88.2169036865
2029.02697754	89.875213623
2030.32067871	91.0631561279
2031.61437988	89.0155105591
2032.90820313	89.439239502
2034.2019043	89.4952468872
2035.49560547	88.6890487671
2036.78930664	87.9327468872
2038.08312988	87.8513336182
2039.37683105	88.7124938965
2040.67053223	90.1356658936
2041.9642334	87.6444091797
2043.25805664	85.3252639771
2044.55175781	86.1865692139
2045.84545898	86.8728408813
2047.13916016	86.0906829834
2048.43286133	88.0048980713
2049.7265625	86.0758285522
2051.02050781	87.4959106445
2052.31420898	89.3495330811
2053.60791016	87.7966918945
2054.90161133	88.6251068115
2056.1953125	89.8622741699
2057.48901367	85.6597747803
2058.78271484	85.299369812
2060.07641602	86.9846038818
2061.37036133	87.6087875366
2062.6640625	88.2327194214
2063.95776367	88.4839477539
2065.25146484	86.8053970337
2066.54516602	85.192779541
2067.83886719	89.3734359741
2069.13256836	84.9471511841
2070.42626953	84.8821258545
2071.72021484	87.4009857178
2073.01391602	87.7649993896
2074.30761719	88.4995498657
2075.60131836	88.4096908569
2076.89501953	90.0986022949
2078.1887207	85.839553833
2079.48242188	84.1347198486
2080.77612305	84.3198852539
2082.07006836	84.0588226318
2083.36376953	85.2133331299
2084.6574707	86.2546157837
2085.95117188	87.1524581909
2087.24487305	88.7610244751
2088.53857422	86.0396881104
2089.83227539	87.5249252319
2091.12597656	88.8365020752
2092.41992188	85.7727661133
2093.71362305	85.5955657959
2095.00732422	83.9294128418
2096.30102539	83.9140396118
2097.59472656	86.3171234131
2098.88842773	87.4931564331
2100.18212891	84.8716812134
2101.47583008	83.5260925293
2102.76977539	82.9670028687
2104.06347656	85.4918365479
2105.35717773	88.5713424683
2106.65087891	85.467376709
2107.94458008	85.3820571899
2109.23828125	84.4672164917
2110.53198242	83.963394165
2111.82568359	83.640083313
2113.11962891	86.3454971313
2114.41333008	85.9444274902
2115.70703125	84.55834198
2117.00073242	84.0021286011
2118.29443359	84.9890594482
2119.58813477	84.7057037354
2120.88183594	82.97215271
2122.17553711	82.8866653442
2123.46948242	85.017288208
2124.76318359	84.4272003174
2126.05688477	84.9556808472
2127.35058594	84.8899078369
2128.64428711	83.2057952881
2129.93798828	86.7433166504
2131.23168945	84.4209136963
2132.52539063	83.7498245239
2133.81933594	82.3363418579
2135.11303711	84.0869827271
2136.40673828	83.0073623657
2137.70043945	84.0295562744
2138.99414063	84.23853302
2140.2878418	84.7772674561
2141.58154297	83.4054031372
2142.87524414	84.5796890259
2144.16918945	82.5746841431
2145.46289063	83.1260528564
2146.7565918	84.8682861328
2148.05029297	84.3706665039
2149.34399414	83.0568389893
2150.63769531	84.5580749512
2151.93139648	82.7649307251
2153.22509766	82.0807571411
2154.51904297	85.4983978271
2155.81274414	82.4241714478
2157.10644531	82.2117080688
2158.40014648	83.8330841064
2159.69384766	82.1772384644
2160.98754883	80.7860717773
2162.28125	82.1514511108
2163.57495117	83.2796859741
2164.86889648	83.6608428955
2166.16259766	84.8353729248
2167.45629883	84.4094619751
2168.75	81.9126815796
2170.04370117	81.5255508423
2171.33740234	84.3992156982
2172.63110352	82.8480834961
2173.92504883	81.6907272339
2175.21875	81.6199417114
2176.51245117	81.726234436
2177.80615234	81.9705429077
2179.09985352	82.5614852905
2180.39355469	82.871131897
2181.68725586	83.3430099487
2182.98095703	82.8226470947
2184.27490234	80.4220657349
2185.56860352	81.5504455566
2186.86230469	80.4817199707
2188.15600586	82.1626434326
2189.44970703	81.4389953613
2190.7434082	81.6508102417
2192.03710938	82.6356124878
2193.33081055	80.1909713745
2194.62475586	82.512878418
2195.91845703	81.9218521118
2197.2121582	79.2518157959
2198.50585938	80.5380630493
2199.79956055	79.8449249268
2201.09326172	80.8495941162
2202.38696289	80.3875579834
2203.68066406	81.2028884888
2204.97460938	80.9525909424
2206.26831055	82.1390609741
2207.56201172	81.3557510376
2208.85571289	80.8632354736
2210.14941406	81.5143508911
2211.44311523	78.4416732788
2212.73681641	82.6258468628
2214.03051758	78.8105163574
2215.32446289	82.9572067261
2216.61816406	79.3845062256
2217.91186523	78.263885498
2219.20556641	79.4940490723
2220.49926758	81.2431716919
2221.79296875	78.0424575806
2223.08666992	80.3746261597
2224.38037109	82.0887832642
2225.67431641	80.1740264893
2226.96801758	82.153427124
2228.26171875	81.9702682495
2229.55541992	80.6736907959
2230.84912109	79.6195526123
2232.14282227	78.9906616211
2233.43652344	78.1323699951
2234.73022461	80.4734802246
2236.02416992	80.0782470703
2237.31787109	80.2079772949
2238.61157227	78.5471038818
2239.90527344	78.8454284668
2241.19897461	81.2657012939
2242.49267578	79.1267776489
2243.78637695	80.5441055298
2245.08007813	79.5456848145
2246.37402344	78.0183258057
2247.66772461	80.8316040039
2248.96142578	78.2880477905
2250.25512695	78.8062210083
2251.54882813	79.6997146606
2252.8425293	77.277671814
2254.13623047	76.469329834
2255.42993164	80.5987319946
2256.72387695	79.7822418213
2258.01757813	80.6623535156
2259.3112793	77.8779449463
2260.60498047	79.7552490234
2261.89868164	78.3956451416
2263.19238281	76.3740844727
2264.48608398	78.69556427
2265.77978516	75.2209472656
2267.07373047	77.4939727783
2268.36743164	75.9950408936
2269.66113281	79.0796966553
2270.95483398	76.9945755005
2272.24853516	76.1630096436
2273.54223633	76.5586395264
2274.8359375	77.4106063843
2276.12963867	78.1629180908
2277.42358398	78.8464431763
2278.71728516	74.0522384644
2280.01098633	77.1277313232
2281.3046875	75.8885955811
2282.59838867	76.4917907715
2283.89208984	76.1405944824
2285.18579102	79.9584732056
2286.47949219	75.549079895
2287.7734375	78.710609436
2289.06713867	77.5550384521
2290.36083984	77.5732421875
2291.65454102	74.865524292
2292.94824219	74.7995605469
2294.24194336	77.1759490967
2295.53564453	78.5633087158
2296.8293457	76.0703430176
2298.12329102	76.8536682129
2299.41699219	75.7930679321
2300.71069336	77.5003433228
2302.00439453	74.6489486694
2303.2980957	76.9610595703
2304.59179688	79.236579895
2305.88549805	79.1326828003
2307.17919922	75.9564590454
2308.47314453	76.0293579102
2309.7668457	73.9295043945
2311.06054688	75.4804229736
2312.35424805	75.7615585327
2313.64794922	75.7043075562
2314.94165039	78.2377166748
2316.23535156	76.762046814
2317.52905273	74.36743927
2318.82299805	76.669593811
2320.11669922	77.2954864502
2321.41040039	76.9088745117
2322.70410156	76.4515304565
2323.99780273	74.779624939
2325.29150391	76.2627868652
2326.58520508	76.6462402344
2327.87890625	73.8786849976
2329.17285156	74.6094207764
2330.46655273	75.3816299438
2331.76025391	74.6946792603
2333.05395508	76.2348632813
2334.34765625	76.5690155029
2335.64135742	76.6911239624
2336.93505859	75.6568756104
2338.22875977	74.0447616577
2339.52270508	75.4501876831
2340.81640625	74.5522155762
2342.11010742	75.3452224731
2343.40380859	75.0608291626
2344.69750977	75.6248321533
2345.99121094	76.0282974243
2347.28491211	76.6695327759
2348.57861328	75.6188964844
2349.87255859	76.148765564
2351.16625977	76.8793029785
2352.45996094	75.9172286987
2353.75366211	75.2489395142
2355.04736328	77.2607955933
2356.34106445	76.828453064
2357.63476563	72.0249633789
2358.9284668	74.0910949707
2360.22241211	72.1600418091
2361.51611328	71.8925323486
2362.80981445	75.8303070068
2364.10351563	73.6509170532
2365.3972168	77.2381134033
2366.69091797	77.3278503418
2367.98461914	75.4031219482
2369.27832031	75.0941543579
2370.57226563	74.2144470215
2371.8659668	75.7393112183
2373.15966797	76.1326675415
2374.45336914	75.2682952881
2375.74707031	74.5127792358
2377.04077148	73.8228607178
2378.33447266	75.7599716187
2379.62817383	76.5682449341
2380.92211914	77.3440856934
2382.21582031	75.7496032715
2383.50952148	75.0275421143
2384.80322266	74.3983306885
2386.09692383	75.5036315918
2387.390625	76.1023788452
2388.68432617	73.1613693237
2389.97802734	74.8012542725
2391.27197266	73.7064361572
2392.56567383	76.7071990967
2393.859375	75.4004669189
2395.15307617	71.8418045044
2396.44677734	75.5226135254
2397.74047852	74.8821411133
2399.03417969	72.2436523438
2400.32788086	73.1025238037
2401.62182617	72.1769790649
2402.91552734	74.3931884766
2404.20922852	73.0207672119
2405.50292969	71.5788650513
2406.79663086	75.4392852783
2408.09033203	75.43699646
2409.3840332	74.9465484619
2410.67773438	70.5754928589
2411.97167969	69.9457015991
2413.26538086	74.9270019531
2414.55908203	74.3398284912
2415.8527832	74.6689529419
2417.14648438	75.8348464966
2418.44018555	73.516242981
2419.73388672	73.6215667725
2421.02758789	73.2953186035
2422.3215332	71.6720504761
2423.61523438	74.0704116821
2424.90893555	74.3715057373
2426.20263672	75.7673339844
2427.49633789	73.2320709229
2428.79003906	73.8983383179
2430.08374023	73.6965332031
2431.37744141	76.9045410156
2432.67138672	77.1502304077
2433.96508789	74.0630264282
2435.25878906	71.4234085083
2436.55249023	70.2157592773
2437.84619141	73.889541626
2439.13989258	77.7420730591
2440.43359375	74.7445831299
2441.72729492	75.8462982178
2443.02124023	76.4217834473
2444.31494141	75.0639190674
2445.60864258	76.0139083862
2446.90234375	75.5400924683
2448.19604492	74.1112442017
2449.48974609	74.2747879028
2450.78344727	74.6773223877
2452.07714844	75.1465530396
2453.37109375	75.4348678589
2454.66479492	75.1351776123
2455.95849609	76.7059249878
2457.25219727	76.3237686157
2458.54589844	75.2707748413
2459.83959961	74.5486679077
2461.13330078	72.4996109009
2462.42700195	74.222038269
2463.72094727	75.3237533569
2465.01464844	76.0991592407
2466.30834961	77.0394744873
2467.60205078	75.8496551514
2468.89575195	76.1765899658
2470.18945313	73.7619552612
2471.4831543	73.9349594116
2472.77685547	76.0533218384
2474.07080078	76.6348648071
2475.36450195	76.5825881958
2476.65820313	74.0600357056
2477.9519043	75.2468261719
2479.24560547	77.1256408691
2480.53930664	77.709312439
2481.83300781	74.5267410278
2483.12670898	74.7400054932
2484.4206543	75.2643737793
2485.71435547	74.1214370728
2487.00805664	73.2381744385
2488.30175781	75.0378570557
2489.59545898	75.3413848877
2490.88916016	74.8026351929
2492.18286133	73.3179855347
2493.4765625	73.8286743164
2494.77050781	74.2511749268
2496.06420898	74.5833358765
2497.35791016	74.3727111816
2498.65161133	75.7374343872
2499.9453125	73.3240280151
2501.23901367	72.7472839355
2502.53271484	75.1375274658
2503.82641602	73.8413543701
2505.12036133	73.5141830444
2506.4140625	72.8992385864
2507.70776367	73.1667251587
2509.00146484	74.0887069702
2510.29516602	75.262046814
2511.58886719	72.618560791
2512.88256836	74.8849258423
2514.17626953	72.7059783936
2515.47021484	73.2680892944
2516.76391602	73.8418121338
2518.05761719	71.7926177979
2519.35131836	73.5426025391
2520.64501953	73.6781005859
2521.9387207	74.8781585693
2523.23242188	74.6435623169
2524.52612305	73.7685546875
2525.82006836	69.4255752563
2527.11376953	72.2186355591
2528.4074707	71.4856033325
2529.70117188	74.204284668
2530.99487305	72.4903259277
2532.28857422	71.5651931763
2533.58227539	73.4252700806
2534.87597656	71.9323501587
2536.16992188	72.0514526367
2537.46362305	74.0070953369
2538.75732422	70.2836990356
2540.05102539	73.6095504761
2541.34472656	70.5230178833
2542.63842773	73.807975769
2543.93212891	71.5748901367
2545.22583008	72.5822067261
2546.51977539	73.9897384644
2547.81347656	73.0151977539
2549.10717773	72.1317901611
2550.40087891	69.5449295044
2551.69458008	72.1625671387
2552.98828125	73.8917388916
2554.28198242	73.0612258911
2555.57568359	73.2921524048
2556.86962891	72.7493209839
2558.16333008	74.4535980225
2559.45703125	73.371383667
2560.75073242	74.7423324585
2562.04443359	73.7010574341
2563.33813477	73.3801727295
2564.63183594	73.8394088745
2565.92553711	73.0990905762
2567.21948242	75.1155014038
2568.51318359	75.8484573364
2569.80688477	74.1549530029
2571.10058594	74.4289245605
2572.39428711	75.0849761963
2573.68798828	74.1399307251
2574.98168945	77.704498291
2576.27539063	79.3299407959
2577.56933594	75.3169174194
2578.86303711	75.7727813721
2580.15673828	77.1580047607
2581.45043945	76.9171981812
2582.74414063	77.0319366455
2584.0378418	78.3368835449
2585.33154297	76.9252700806
2586.62524414	76.9725952148
2587.91918945	78.5564422607
2589.21289063	77.6406326294
2590.5065918	82.2079238892
2591.80029297	80.0622711182
2593.09399414	82.1858215332
2594.38769531	82.3362197876
2595.68139648	82.6256103516
2596.97509766	83.2455368042
2598.26904297	82.5854721069
2599.56274414	82.7430877686
2600.85644531	83.5515136719
2602.15014648	85.7868347168
2603.44384766	86.9940109253
2604.73754883	85.9759521484
2606.03125	86.0542831421
2607.32495117	86.8526382446
2608.61889648	89.2005462646
2609.91259766	89.1773071289
2611.20629883	91.1378173828
2612.5	92.0743713379
2613.79370117	91.0485992432
2615.08740234	95.3006362915
2616.38110352	94.5609817505
2617.67504883	95.3263320923
2618.96875	97.9833145142
2620.26245117	99.796585083
2621.55615234	102.025047302
2622.84985352	104.196464539
2624.14355469	103.427970886
2625.43725586	101.64743042
2626.73095703	105.824401855
2628.02490234	108.30997467
2629.31860352	109.931480408
2630.61230469	111.058776855
2631.90600586	114.303627014
2633.19970703	116.444084167
2634.4934082	116.648330688
2635.78710938	120.469581604
2637.08081055	123.759437561
2638.37475586	124.526176453
2639.66845703	126.281761169
2640.9621582	130.561630249
2642.25585938	132.794570923
2643.54956055	135.238037109
2644.84326172	136.719055176
2646.13696289	143.77255249
2647.43066406	147.040390015
2648.72460938	148.192276001
2650.01831055	153.538909912
2651.31201172	156.079086304
2652.60571289	159.340133667
2653.89941406	159.839324951
2655.19311523	165.929168701
2656.48681641	172.150405884
2657.78051758	168.806472778
2659.07446289	173.022201538
2660.36816406	174.623016357
2661.66186523	180.835784912
2662.95556641	179.101119995
2664.24926758	177.188156128
2665.54296875	178.651290894
2666.83666992	179.581359863
2668.13037109	180.159805298
2669.42431641	178.336090088
2670.71801758	171.690872192
2672.01171875	171.500854492
2673.30541992	168.859939575
2674.59912109	162.761474609
2675.89282227	155.120376587
2677.18652344	154.782791138
2678.48022461	152.121932983
2679.77416992	145.204116821
2681.06787109	139.660247803
2682.36157227	134.572967529
2683.65527344	132.49458313
2684.94897461	128.682952881
2686.24267578	126.106384277
2687.53637695	123.187049866
2688.83007813	118.320144653
2690.12402344	116.341400146
2691.41772461	112.079391479
2692.71142578	112.054962158
2694.00512695	109.052871704
2695.29882813	104.575119019
2696.5925293	101.637527466
2697.88623047	99.7166519165
2699.17993164	96.6685028076
2700.47387695	93.270401001
2701.76757813	91.4746246338
2703.0612793	88.8402862549
2704.35498047	90.5612716675
2705.64868164	88.3235244751
2706.94238281	85.2739639282
2708.23608398	84.4959793091
2709.52978516	84.7290649414
2710.82373047	82.7451934814
2712.11743164	81.2768859863
2713.41113281	82.1361541748
2714.70483398	78.0037460327
2715.99853516	79.8840484619
2717.29223633	76.2141723633
2718.5859375	74.2184829712
2719.87963867	75.9108581543
2721.17358398	75.9564208984
2722.46728516	73.8561325073
2723.76098633	72.7964859009
2725.0546875	72.0760269165
2726.34838867	74.344619751
2727.64208984	71.5621109009
2728.93579102	70.3313369751
2730.22949219	69.6889724731
2731.5234375	70.214263916
2732.81713867	67.9993515015
2734.11083984	68.5252990723
2735.40454102	69.7676239014
2736.69824219	66.5799255371
2737.99194336	66.7942276001
2739.28564453	66.9417572021
2740.5793457	65.4345855713
2741.87329102	65.6438369751
2743.16699219	66.1598587036
2744.46069336	65.2045211792
2745.75439453	66.2623291016
2747.0480957	65.4163970947
2748.34179688	66.4739151001
2749.63549805	64.7553634644
2750.92919922	61.9551849365
2752.22314453	65.145942688
2753.5168457	64.9782485962
2754.81054688	65.4819946289
2756.10424805	63.089466095
2757.39794922	64.0504150391
2758.69165039	61.8965110779
2759.98535156	62.7373008728
2761.27905273	61.7712020874
2762.57299805	61.8404273987
2763.86669922	61.59998703
2765.16040039	61.6658973694
2766.45410156	61.6775817871
2767.74780273	59.66796875
2769.04150391	59.7434196472
2770.33520508	58.2144508362
2771.62890625	59.6547851563
2772.92285156	60.8854179382
2774.21655273	56.6748313904
2775.51025391	57.5473442078
2776.80395508	59.0431861877
2778.09765625	61.0784378052
2779.39135742	61.9500999451
2780.68505859	60.833065033
2781.97875977	60.8494796753
2783.27270508	59.1430931091
2784.56640625	59.4231033325
2785.86010742	59.4856300354
2787.15380859	59.0814170837
2788.44750977	59.8059158325
2789.74121094	57.5659294128
2791.03491211	58.2331390381
2792.32861328	56.4627304077
2793.62255859	58.2597579956
2794.91625977	59.6337890625
2796.20996094	59.2174949646
2797.50366211	58.8554153442
2798.79736328	58.1812210083
2800.09106445	56.2637176514
2801.38476563	56.6275520325
2802.6784668	58.8846359253
2803.97241211	58.6161003113
2805.26611328	56.7896461487
2806.55981445	56.4625015259
2807.85351563	58.0680923462
2809.1472168	58.4865570068
2810.44091797	57.2118644714
2811.73461914	56.2795028687
2813.02832031	58.5192909241
2814.32226563	58.8482666016
2815.6159668	56.9595146179
2816.90966797	57.6103897095
2818.20336914	57.5104980469
2819.49707031	54.2836799622
2820.79077148	56.601348877
2822.08447266	56.143611908
2823.37817383	56.8412857056
2824.67211914	57.292514801
2825.96582031	56.3590507507
2827.25952148	56.7810134888
2828.55322266	57.1466789246
2829.84692383	56.7730293274
2831.140625	56.9978523254
2832.43432617	56.8880996704
2833.72802734	54.8372879028
2835.02197266	55.4066925049
2836.31567383	55.7715530396
2837.609375	57.1613616943
2838.90307617	58.2090644836
2840.19677734	54.9643363953
2841.49047852	55.5066871643
2842.78417969	56.0574760437
2844.07788086	55.6742019653
2845.37182617	55.2812080383
2846.66552734	55.0536804199
2847.95922852	54.2096977234
2849.25292969	56.7648391724
2850.54663086	54.0011672974
2851.84033203	53.6564674377
2853.1340332	54.1998138428
2854.42773438	55.5427742004
2855.72167969	55.0105743408
2857.01538086	52.9852867126
2858.30908203	53.945476532
2859.6027832	55.6170196533
2860.89648438	54.8698539734
2862.19018555	53.5554237366
2863.48388672	53.9884796143
2864.77758789	56.1542243958
2866.0715332	53.6507492065
2867.36523438	51.3948631287
2868.65893555	53.2258644104
2869.95263672	53.6398468018
2871.24633789	54.2882232666
2872.54003906	56.1395149231
2873.83374023	52.8279647827
2875.12744141	53.0465316772
2876.42138672	50.0629043579
2877.71508789	54.2049407959
2879.00878906	53.9959411621
2880.30249023	54.9469108582
2881.59619141	55.1367645264
2882.88989258	51.5909156799
2884.18359375	53.5791320801
2885.47729492	55.2346229553
2886.77124023	50.4281997681
2888.06494141	51.9600296021
2889.35864258	53.9097747803
2890.65234375	51.1702919006
2891.94604492	55.2791786194
2893.23974609	52.6725654602
2894.53344727	53.9699058533
2895.82714844	52.7534599304
2897.12109375	53.1527938843
2898.41479492	53.8948097229
2899.70849609	52.6827507019
2901.00219727	55.9652709961
2902.29589844	50.9740142822
2903.58959961	51.3727989197
2904.88330078	51.953086853
2906.17700195	52.312953949
2907.47094727	52.7685165405
2908.76464844	51.2575492859
2910.05834961	52.0382270813
2911.35205078	52.802986145
2912.64575195	53.6282272339
2913.93945313	50.7026062012
2915.2331543	52.0905685425
2916.52685547	52.0886535645
2917.82080078	52.6422996521
2919.11450195	53.1763954163
2920.40820313	53.299041748
2921.7019043	52.0647926331
2922.99560547	53.0512046814
2924.28930664	53.6768989563
2925.58300781	49.6223602295
2926.87670898	51.4547538757
2928.1706543	52.6119117737
2929.46435547	53.222366333
2930.75805664	53.2764167786
2932.05175781	52.4429130554
2933.34545898	52.0955505371
2934.63916016	50.4782829285
2935.93286133	52.1649551392
2937.2265625	51.3567733765
2938.52050781	50.3624038696
2939.81420898	50.3276901245
2941.10791016	49.1545753479
2942.40161133	48.3017997742
2943.6953125	51.9942817688
2944.98901367	51.8219985962
2946.28271484	51.0632820129
2947.57641602	51.5587654114
2948.87036133	51.8987388611
2950.1640625	49.4995613098
2951.45776367	49.5419120789
2952.75146484	51.0523872375
2954.04516602	49.5773162842
2955.33886719	50.0461502075
2956.63256836	50.8793525696
2957.92626953	47.6463127136
2959.22021484	50.9898605347
2960.51391602	51.1030769348
2961.80761719	52.1546020508
2963.10131836	52.5256767273
2964.39501953	50.9428825378
2965.6887207	49.5227584839
2966.98242188	48.2910804749
2968.27612305	50.1674766541
2969.57006836	48.5551986694
2970.86376953	49.4263725281
2972.1574707	50.6627998352
2973.45117188	50.382183075
2974.74487305	50.2483596802
2976.03857422	48.9110183716
2977.33227539	48.6508293152
2978.62597656	49.736240387
2979.91992188	50.1433105469
2981.21362305	46.973033905
2982.50732422	49.9089775085
2983.80102539	49.3653831482
2985.09472656	49.6506118774
2986.38842773	48.9527320862
2987.68212891	51.106010437
2988.97583008	48.4632606506
2990.26977539	48.2506599426
2991.56347656	50.4751091003
2992.85717773	49.2456054688
2994.15087891	49.321346283
2995.44458008	50.1029167175
2996.73828125	48.7230224609
2998.03198242	50.0022087097
2999.32568359	47.963886261
3000.61962891	48.0536689758
3001.91333008	49.6347122192
3003.20703125	49.0145149231
3004.50073242	49.9914588928
3005.79443359	48.3186035156
3007.08813477	47.5453605652
3008.38183594	48.1622505188
3009.67553711	47.5761299133
3010.96948242	49.8444900513
3012.26318359	48.3101615906
3013.55688477	46.8828010559
3014.85058594	47.4509391785
3016.14428711	47.2326622009
3017.43798828	47.1313018799
3018.73168945	48.8545684814
3020.02539063	44.0629997253
3021.31933594	46.7506790161
3022.61303711	46.5604782104
3023.90673828	48.4793014526
3025.20043945	45.1214904785
3026.49414063	47.5508499146
3027.7878418	48.6658248901
3029.08154297	46.6268463135
3030.37524414	47.1849327087
3031.66918945	48.687122345
3032.96289063	48.4887886047
3034.2565918	45.8245849609
3035.55029297	48.8021354675
3036.84399414	49.0403823853
3038.13769531	48.0053138733
3039.43139648	46.6955223083
3040.72509766	48.1952705383
3042.01904297	46.9383811951
3043.31274414	46.4796028137
3044.60644531	45.8425865173
3045.90014648	46.0737838745
3047.19384766	47.8116950989
3048.48754883	45.3800926208
3049.78125	46.0831871033
3051.07495117	46.3022003174
3052.36889648	46.7265625
3053.66259766	48.854675293
3054.95629883	46.1727104187
3056.25	46.6931190491
3057.54370117	46.3502960205
3058.83740234	45.9841079712
3060.13110352	47.0410995483
3061.42504883	48.1420173645
3062.71875	46.257194519
3064.01245117	45.977722168
3065.30615234	45.5022277832
3066.59985352	45.8752441406
3067.89355469	46.3076972961
3069.18725586	48.5113945007
3070.48095703	48.4718856812
3071.77490234	46.3101196289
3073.06860352	46.8925056458
3074.36230469	45.8535423279
3075.65600586	46.5483283997
3076.94970703	48.6276397705
3078.2434082	47.3027038574
3079.53710938	45.5140190125
3080.83081055	45.9192466736
3082.12475586	45.4239845276
3083.41845703	45.3688621521
3084.7121582	47.4053421021
3086.00585938	47.424785614
3087.29956055	47.686504364
3088.59326172	46.8537750244
3089.88696289	48.1482696533
3091.18066406	46.9738578796
3092.47460938	46.8104858398
3093.76831055	46.2913284302
3095.06201172	44.9668006897
3096.35571289	47.208732605
3097.64941406	46.129108429
3098.94311523	45.6091117859
3100.23681641	47.5073471069
3101.53051758	45.7889518738
3102.82446289	47.3151817322
3104.11816406	47.4704170227
3105.41186523	45.2767333984
3106.70556641	46.077796936
3107.99926758	48.1295776367
3109.29296875	48.492023468
3110.58666992	46.7183113098
3111.88037109	46.4382820129
3113.17431641	46.1436462402
3114.46801758	46.5612335205
3115.76171875	46.0304298401
3117.05541992	47.6081352234
3118.34912109	46.9800491333
3119.64282227	46.9791030884
3120.93652344	47.7981948853
3122.23022461	48.1115837097
3123.52416992	46.8687515259
3124.81787109	47.636138916
3126.11157227	45.4403648376
3127.40527344	46.7007637024
3128.69897461	47.9336929321
3129.99267578	47.0696334839
3131.28637695	47.8992843628
3132.58007813	46.5523300171
3133.87402344	46.7297935486
3135.16772461	47.8737983704
3136.46142578	49.0726585388
3137.75512695	46.6962280273
3139.04882813	48.7585983276
3140.3425293	46.3637924194
3141.63623047	47.8348007202
3142.92993164	48.422958374
3144.22387695	51.077922821
3145.51757813	48.6801109314
3146.8112793	50.4075698853
3148.10498047	49.9038314819
3149.39868164	50.8480529785
3150.69238281	50.201587677
3151.98608398	51.4758796692
3153.27978516	51.0334320068
3154.57373047	50.9986724854
3155.86743164	48.2798194885
3157.16113281	48.826335907
3158.45483398	51.5844306946
3159.74853516	51.5242233276
3161.04223633	49.8927993774
3162.3359375	51.4415016174
3163.62963867	50.200214386
3164.92358398	49.1105079651
3166.21728516	52.6716537476
3167.51098633	50.3221702576
3168.8046875	52.5299720764
3170.09838867	50.3791007996
3171.39208984	55.3847122192
3172.68579102	52.6947288513
3173.97949219	50.9207763672
3175.2734375	53.3037376404
3176.56713867	53.006111145
3177.86083984	55.1150970459
3179.15454102	51.9352111816
3180.44824219	53.8370857239
3181.74194336	54.5016212463
3183.03564453	52.9407997131
3184.3293457	53.7601585388
3185.62329102	52.9168586731
3186.91699219	52.4656143188
3188.21069336	51.9256362915
3189.50439453	52.8705482483
3190.7980957	53.5196380615
3192.09179688	53.5660552979
3193.38549805	55.7322769165
3194.67919922	53.5459403992
3195.97314453	54.3047676086
3197.2668457	52.8910102844
3198.56054688	50.4848327637
3199.85424805	51.6502037048
3201.14794922	49.7623062134
3202.44165039	51.2636489868
3203.73535156	50.7231369019
3205.02905273	50.9080543518
3206.32299805	52.068813324
3207.61669922	54.2549476624
3208.91040039	50.2358169556
3210.20410156	49.6336326599
3211.49780273	49.8553771973
3212.79150391	49.3585014343
3214.08520508	47.9555397034
3215.37890625	48.1211242676
3216.67285156	50.1419525146
3217.96655273	50.7003669739
3219.26025391	50.6368865967
3220.55395508	52.1722946167
3221.84765625	50.8354492188
3223.14135742	48.4649200439
3224.43505859	47.9706344604
3225.72875977	49.5648498535
3227.02270508	49.9595069885
3228.31640625	48.2258529663
3229.61010742	48.7919807434
3230.90380859	48.4185028076
3232.19750977	48.181854248
3233.49121094	48.7295036316
3234.78491211	46.2721443176
3236.07861328	46.1832504272
3237.37255859	46.6214866638
3238.66625977	47.8720550537
3239.95996094	45.2389678955
3241.25366211	47.1833839417
3242.54736328	46.2965240479
3243.84106445	48.0613098145
3245.13476563	44.6851463318
3246.4284668	43.7556762695
3247.72241211	45.5152015686
3249.01611328	44.6815986633
3250.30981445	44.373260498
3251.60351563	45.1493263245
3252.8972168	44.9718322754
3254.19091797	44.3399505615
3255.48461914	44.8033866882
3256.77832031	43.486946106
3258.07226563	42.6739349365
3259.3659668	43.5149040222
3260.65966797	42.3756446838
3261.95336914	41.6798667908
3263.24707031	43.422328949
3264.54077148	43.492149353
3265.83447266	43.7309989929
3267.12817383	42.2264404297
3268.42211914	41.2826118469
3269.71582031	40.7688751221
3271.00952148	43.160282135
3272.30322266	43.2362670898
3273.59692383	40.9439582825
3274.890625	42.1870613098
3276.18432617	40.3323707581
3277.47802734	41.0646133423
3278.77197266	41.2832641602
3280.06567383	40.7337913513
3281.359375	41.7403755188
3282.65307617	40.2827377319
3283.94677734	41.8667793274
3285.24047852	41.0721092224
3286.53417969	42.4760627747
3287.82788086	43.6940956116
3289.12182617	40.1522598267
3290.41552734	42.4651412964
3291.70922852	40.2495193481
3293.00292969	42.6487731934
3294.29663086	40.1459617615
3295.59033203	40.829246521
3296.8840332	41.8079223633
3298.17773438	40.6302680969
3299.47167969	40.8898849487
3300.76538086	41.6071662903
3302.05908203	40.7715454102
3303.3527832	40.075340271
3304.64648438	42.6956977844
3305.94018555	39.0642356873
3307.23388672	40.3602485657
3308.52758789	40.7789115906
3309.8215332	40.0487442017
3311.11523438	39.6560440063
3312.40893555	39.739528656
3313.70263672	40.1389884949
3314.99633789	40.217956543
3316.29003906	40.6327857971
3317.58374023	40.3856277466
3318.87744141	39.337348938
3320.17138672	38.0313606262
3321.46508789	40.6587867737
3322.75878906	40.1329956055
3324.05249023	40.9019622803
3325.34619141	39.027633667
3326.63989258	39.2615661621
3327.93359375	39.0992622375
3329.22729492	38.9691963196
3330.52124023	40.4989547729
3331.81494141	41.6912269592
3333.10864258	39.8760528564
3334.40234375	40.4860038757
3335.69604492	41.0121536255
3336.98974609	41.2913627625
3338.28344727	39.3131217957
3339.57714844	39.7890815735
3340.87109375	41.0460700989
3342.16479492	40.191204071
3343.45849609	41.3022270203
3344.75219727	40.4452209473
3346.04589844	41.5606880188
3347.33959961	41.1304244995
3348.63330078	38.8631744385
3349.92700195	41.9778594971
3351.22094727	39.5162315369
3352.51464844	39.731086731
3353.80834961	39.3672218323
3355.10205078	37.3123550415
3356.39575195	37.8726501465
3357.68945313	39.0861434937
3358.9831543	38.4664878845
3360.27685547	37.7435951233
3361.57080078	39.2693099976
3362.86450195	39.1659545898
3364.15820313	38.9573745728
3365.4519043	38.1340484619
3366.74560547	39.039932251
3368.03930664	39.4523506165
3369.33300781	40.0004043579
3370.62670898	39.1645889282
3371.9206543	41.1944313049
3373.21435547	39.3435668945
3374.50805664	39.4580879211
3375.80175781	37.7235183716
3377.09545898	38.5297622681
3378.38916016	38.1386947632
3379.68286133	37.4193267822
3380.9765625	38.1935844421
3382.27050781	38.9478645325
3383.56420898	38.672077179
3384.85791016	37.6907653809
3386.15161133	36.655872345
3387.4453125	36.8265419006
3388.73901367	38.4168548584
3390.03271484	38.6865386963
3391.32641602	39.6117591858
3392.62036133	38.4909248352
3393.9140625	39.8765983582
3395.20776367	38.756690979
3396.50146484	37.5702514648
3397.79516602	37.6756362915
3399.08886719	38.1217269897
3400.38256836	38.1454811096
3401.67626953	37.908290863
3402.97021484	37.505115509
3404.26391602	38.4158172607
3405.55761719	38.5259017944
3406.85131836	38.9144973755
3408.14501953	37.7168731689
3409.4387207	38.8723335266
3410.73242188	38.8457107544
3412.02612305	39.3174629211
3413.32006836	38.0295143127
3414.61376953	38.5997085571
3415.9074707	38.2937736511
3417.20117188	38.9533996582
3418.49487305	37.1086730957
3419.78857422	38.2561912537
3421.08227539	38.3703155518
3422.37597656	37.6388168335
3423.66992188	38.1356468201
3424.96362305	38.2475204468
3426.25732422	39.173828125
3427.55102539	37.0840873718
3428.84472656	37.7247085571
3430.13842773	37.9098434448
3431.43212891	39.2461967468
3432.72583008	36.8446426392
3434.01977539	38.9667358398
3435.31347656	39.2662963867
3436.60717773	37.0169487
3437.90087891	36.2181625366
3439.19458008	37.8515777588
3440.48828125	37.8404808044
3441.78198242	37.3914260864
3443.07568359	37.158946991
3444.36962891	35.493473053
3445.66333008	38.1858596802
3446.95703125	39.011505127
3448.25073242	38.3199119568
3449.54443359	37.9191665649
3450.83813477	36.5034065247
3452.13183594	36.9579238892
3453.42553711	37.082862854
3454.71948242	37.6062011719
3456.01318359	37.491809845
3457.30688477	37.1171951294
3458.60058594	36.8816680908
3459.89428711	37.8365516663
3461.18798828	37.138343811
3462.48168945	37.8102722168
3463.77539063	37.5167808533
3465.06933594	37.364238739
3466.36303711	36.8441848755
3467.65673828	36.2820625305
3468.95043945	37.0676803589
3470.24414063	37.2969894409
3471.5378418	36.8457946777
3472.83154297	36.0869255066
3474.12524414	36.9282646179
3475.41918945	36.5064239502
3476.71289063	37.0958137512
3478.0065918	36.6255378723
3479.30029297	36.3294792175
3480.59399414	38.0762748718
3481.88769531	36.2436637878
3483.18139648	36.7414283752
3484.47509766	35.9808616638
3485.76904297	35.0923347473
3487.06274414	35.5446472168
3488.35644531	36.7291717529
3489.65014648	36.7618103027
3490.94384766	36.9812164307
3492.23754883	35.9525032043
3493.53125	36.7066078186
3494.82495117	35.7401046753
3496.11889648	36.4030685425
3497.41259766	36.0630645752
3498.70629883	38.7924880981
3500	38.5109138489
