-4.831493540634745187e+01	3.198763699109323966e+01
-4.648314829694745498e+01	3.578030056509324197e+01
-4.465136500224745220e+01	3.769409603609323511e+01
-4.281957789294744998e+01	3.651202816509323412e+01
-4.098779459824745430e+01	3.986426968109324065e+01
-3.915600748884745030e+01	4.495985073609324445e+01
-3.732422419414745463e+01	4.827777523609324817e+01
-3.549243708484745241e+01	5.382538265709322900e+01
-3.366065379014744963e+01	6.055149502309322429e+01
-3.182886668074745273e+01	6.105936092909323776e+01
-2.999708147874745379e+01	6.611985439809322429e+01
-2.816529627674745484e+01	7.798212856809324478e+01
-2.633351107464745411e+01	8.445319790409322991e+01
-2.450172587264745516e+01	9.093055386109323024e+01
-2.266994067064745622e+01	1.035808834510932428e+02
-2.083815546864745016e+01	1.162151302770932517e+02
-1.900637026654745654e+01	1.259829830600932183e+02
-1.717458506454745049e+01	1.427179989290932269e+02
-1.534279986254745332e+01	1.923276485880932398e+02
-1.351101370684745362e+01	2.925928768590931668e+02
-1.167922850474745289e+01	5.182577022990931255e+02
-9.847443302747453941e+00	1.256193920565093549e+03
-8.015658100747453219e+00	4.497254345365093286e+03
-6.183872421877453895e+00	1.311498481416509276e+04
-4.352087219857454059e+00	2.620234614226509802e+04
-2.520301540987453848e+00	3.673205512666509458e+04
-6.885163389674535672e-01	3.546411372036509420e+04
1.143268922666546228e+00	4.233056293916509458e+04
2.975054303502546293e+00	3.041966450166509458e+04
4.806839505532545687e+00	2.092983247036509420e+04
6.638624945982546599e+00	1.333151508756509429e+04
8.470410148002546435e+00	5.689869579745094597e+03
1.030219582687254665e+01	2.085012890285093363e+03
1.213398102885254559e+01	5.581145748570930891e+02
1.396576623095254632e+01	1.720011257610932205e+02
1.579755143295254705e+01	1.082728085000932481e+02
1.762933663495254422e+01	8.956431240609323652e+01
1.946112279065254569e+01	7.704465908609321900e+01
2.129290799265254464e+01	6.623049587809322247e+01
2.312469319475254537e+01	6.007187313609324519e+01
2.495647839675254431e+01	5.304180569209324148e+01
2.678826359875254326e+01	4.683587307509323949e+01
2.862004880085254399e+01	4.280024380309323817e+01
3.045183400285254294e+01	4.031799740409323363e+01
3.228361920485254899e+01	3.333474392469324243e+01
3.411540440685254794e+01	2.625414700079322472e+01
3.594719151625254483e+01	2.333496517709322404e+01
3.777897481095254761e+01	2.022336239389323254e+01
3.961076192035255161e+01	1.620477718879323703e+01
4.144254521495254551e+01	1.307297176889323076e+01
4.327433232435254951e+01	8.328815885093238336e+00
4.510611561905254518e+01	8.592976041393232123e+00
4.693790272845254918e+01	6.635471768893231648e+00
4.876968602305255018e+01	4.301823087293236370e+00
5.060147313245254708e+01	2.687374539893234271e+00
5.243326024185255108e+01	1.188938565793227431e+00
5.426504353655254675e+01	4.239593228119629459e-06
5.609683064585254897e+01	1.513462491593233761e+00
5.792861394055254465e+01	4.054310269893245611e+00
5.976040104995254865e+01	1.106054348519323760e+01
6.159218434465255143e+01	2.298645443489324691e+01
6.342397145405254832e+01	3.607364315609323313e+01
6.525575474865254932e+01	4.631952328209324321e+01
6.708753804335253790e+01	5.304544491309324172e+01
6.891932515275253479e+01	5.469623226709323660e+01
7.075111226215254590e+01	5.458292812909323288e+01
7.258289937145254100e+01	5.443066830209323115e+01
7.441468648085253790e+01	5.300005001609324040e+01
7.624646596085254657e+01	5.252656979109323743e+01
7.807825307025254347e+01	5.196143765009323801e+01
7.991004017955253858e+01	5.177749294809323999e+01
8.174182728895253547e+01	5.014529080009324957e+01
8.357360676895254414e+01	4.781263393909323867e+01
8.540539387835254104e+01	4.865554470609322379e+01
8.723718098765253615e+01	4.999426693509323627e+01
8.906896809705254725e+01	5.086665005309323107e+01
9.090074757705254171e+01	4.935108608809323982e+01
9.273253468645253861e+01	4.868433041109322801e+01
9.456432179575254793e+01	4.994644589009323710e+01
9.639610890515254482e+01	5.020481533609323321e+01
9.822789601455254171e+01	4.850542111009323065e+01
1.000596754945525362e+02	4.857211727709324123e+01
1.018914626036525419e+02	5.058774227709324123e+01
1.037232497136525353e+02	5.425905270109322487e+01
1.055550368226525393e+02	5.746768612409324106e+01
1.073868163026525480e+02	5.762291378509324602e+01
1.092186034116525377e+02	6.346011013609322760e+01
1.110503905216525453e+02	6.671699184909324742e+01
1.128821776306525351e+02	6.969781155209324197e+01
1.147139571106525437e+02	7.446453518409322214e+01
1.165457442196525477e+02	8.145049709809323701e+01
1.183775313296525411e+02	8.945537991109323173e+01
1.202093184386525451e+02	9.812110561909325668e+01
1.220411055486525385e+02	1.046482204870932406e+02
1.238728850286525471e+02	1.132530178500932152e+02
1.257046721376525369e+02	1.240308346230932415e+02
1.275364592466525409e+02	1.364709591350932385e+02
1.293682463566525485e+02	1.493211025670932202e+02
1.312000334656525524e+02	1.573776516390932443e+02
1.330318205746525564e+02	1.649302639440932410e+02
1.348635924256525414e+02	1.667538876010931972e+02
1.366953795346525453e+02	1.638018764930932321e+02
1.385271666446525671e+02	1.569358944370932250e+02
1.403589537536525427e+02	1.476721920450932259e+02
1.421907408636525645e+02	1.420183224160932696e+02
1.440225279726525685e+02	1.319353146030932464e+02
1.458543150816525440e+02	1.232786983920932187e+02
1.476861021916525658e+02	1.176156124550932276e+02
1.495178893006525414e+02	1.144006924110932175e+02
1.513496611516525547e+02	1.136146969280932382e+02
1.531814482606525587e+02	1.191851772740932489e+02
1.550132353696525627e+02	1.165178799110932175e+02
1.568450224796525561e+02	1.213250545940932312e+02
1.586768095886525600e+02	1.256460384800932388e+02
1.605085966976525640e+02	1.269194302040932456e+02
1.623403838076525574e+02	1.247199062780932337e+02
1.641721709166525613e+02	1.179533352330932416e+02
1.660039427676525463e+02	1.046836819130932383e+02
1.678357298766525503e+02	9.200574917409325337e+01
1.696675169866525437e+02	7.803008694209322016e+01
1.714993040956525476e+02	6.492506069709322958e+01
1.733310912046525516e+02	5.506264156909323049e+01
1.751628783146525450e+02	4.907475704709324305e+01
1.769946654236525490e+02	4.466161007409324668e+01
1.788264525326525529e+02	4.152044338709323767e+01
1.806582396426525463e+02	3.996052975209322256e+01
1.824900114926525418e+02	3.756013149809324148e+01
1.843217986026525637e+02	3.516506619009324197e+01
1.861535857116525676e+02	3.476039547509324024e+01
1.879853728216525610e+02	3.133036465219322508e+01
1.898171599306525650e+02	2.926825375129323348e+01
1.916489470396525689e+02	2.940396542129323620e+01
1.934807341496525623e+02	3.009300655889322940e+01
1.953125212586525663e+02	3.095476955939322750e+01
1.971443083676525418e+02	3.215523190069323078e+01
1.989760802186525552e+02	3.342340511849324969e+01
2.008078673276525592e+02	3.653838009409323462e+01
2.026396544376525526e+02	4.011555142009324015e+01
2.044714415466525566e+02	4.122009701309323759e+01
2.063032286566525499e+02	3.876372189109323330e+01
2.081350157656525539e+02	3.381651730109322784e+01
2.099668028746525579e+02	2.892299313119323045e+01
2.117985899846525513e+02	2.428948635629322794e+01
2.136303618346525468e+02	1.994288296279323802e+01
2.154621489446525686e+02	1.655743069219324326e+01
2.172939360536525442e+02	1.393462795789323216e+01
2.191257231626525481e+02	1.207253689339323799e+01
2.209575102726525415e+02	1.138841671519323384e+01
2.227892973816525455e+02	1.278084988169323211e+01
2.246210844906525494e+02	8.818272061893235758e+00
2.264528716006525428e+02	8.064175076993228330e+00
2.282846587096525468e+02	7.630619473993238699e+00
2.301164305606525602e+02	7.174610562893243504e+00
2.319482176696525642e+02	7.166508145893234705e+00
2.337800047796525575e+02	7.435474820693237064e+00
2.356117918886525615e+02	5.845646329493241922e+00
2.374435789976525655e+02	5.268642850493231222e+00
2.392753661076525589e+02	4.508160062393232970e+00
2.411071532166525628e+02	4.822781033993233102e+00
2.429389403256525668e+02	4.837498136093238088e+00
2.447707274356525602e+02	3.101406522293236101e+00
2.466024992856525557e+02	4.566708035993237935e+00
2.484342863956525491e+02	2.449985929093235981e+00
2.502660735046525531e+02	3.112888761093237200e+00
2.520978606146525465e+02	2.653286405093229661e+00
2.539296477236525504e+02	1.633503385093240334e+00
2.557614348326525544e+02	1.802013822093233575e+00
2.575932219426525194e+02	3.411533780593236642e+00
2.594249937926525718e+02	2.878231473493235271e+00
2.612567809026525651e+02	2.684574552093226707e+00
2.630885680116525691e+02	2.495258756193224681e+00
2.649203551206525731e+02	2.725170560393226360e+00
2.667521422306525665e+02	2.841892667293225205e+00
2.685839293396525704e+02	2.543758817193237487e+00
2.704157164486525744e+02	3.519298978393225141e+00
2.722475035586525678e+02	3.421947904193235246e+00
2.740792906676525718e+02	2.657375760593228886e+00
2.759110777776525651e+02	2.935375638493232575e+00
2.777428648866525691e+02	3.888447232793236008e+00
2.795746519956525731e+02	4.264278836793232941e+00
2.814064391056525665e+02	3.310100980293236184e+00
2.832382262146525704e+02	3.272556729793232311e+00
2.850699828066525470e+02	3.154026456393231648e+00
2.869017699156525509e+02	2.104450650693227676e+00
2.887335570256525443e+02	2.789074368993228248e+00
2.905653441346525483e+02	2.913670011093232315e+00
2.923971312436525523e+02	1.159275479793233199e+00
2.942289183536525456e+02	9.312328772932276788e-01
2.960607054626525496e+02	2.170429654693228017e+00
2.978924925726525430e+02	2.721020169793244570e+00
2.997242796816525470e+02	9.762386755932320748e-01
