-4.843369157911330802e+01	8.558945619833773222e+00
-4.675602205401330735e+01	8.520043337133776262e+00
-4.507835634351330611e+01	8.829182588833777601e+00
-4.340068681841330545e+01	9.328118288333772767e+00
-4.172302110791331131e+01	9.766701662333771239e+00
-4.004535158281331064e+01	9.058453523933774676e+00
-3.836768587231330940e+01	1.149292846893376918e+01
-3.669001634721330873e+01	1.194731231903377555e+01
-3.501235063671330749e+01	1.158033081273377363e+01
-3.333468111161330683e+01	1.240954300143377154e+01
-3.165701540111330559e+01	1.294685074073377251e+01
-2.997934587601330847e+01	1.559414764623377536e+01
-2.830167825821330752e+01	1.690839859223377317e+01
-2.662401064041330656e+01	1.818207260353376498e+01
-2.494634302261330916e+01	1.990736480933377450e+01
-2.326867540481330821e+01	2.142247863983376632e+01
-2.159100778701330725e+01	2.179205414033377863e+01
-1.991334016921330630e+01	2.654113861303375899e+01
-1.823567255141330890e+01	2.832872863983376988e+01
-1.655800493361330794e+01	3.163916107393376720e+01
-1.488033540841330904e+01	3.954488464573377371e+01
-1.320266874431330884e+01	5.598716064693377348e+01
-1.152500112651330788e+01	1.022625436419337746e+02
-9.847332555113307961e+00	2.633762216209337907e+02
-8.169664937263307891e+00	1.269915863957933880e+03
-6.491997319473307826e+00	2.703197113957933652e+03
-4.814329701673307760e+00	4.328098725287934940e+03
-3.136662083873307694e+00	5.795730072937934892e+03
-1.458994227653307885e+00	7.142264740907934538e+03
2.186736285566919236e-01	9.132146576847933829e+03
1.896341425170692041e+00	6.867284272157934538e+03
3.574009102576691799e+00	5.240597260437934892e+03
5.251676958786692495e+00	3.941282319037934030e+03
6.929344576586691673e+00	2.403497406927933753e+03
8.607012671226691225e+00	7.978545236229335842e+02
1.028467981218669181e+01	1.043074197409337671e+02
1.196234838368669173e+01	4.625632568573377057e+01
1.364001600148669269e+01	2.950557800513377060e+01
1.531768361928669187e+01	2.441142364723377511e+01
1.699535123708669460e+01	2.117424865943377199e+01
1.867301885488669200e+01	1.753634735323377569e+01
2.035068647268669295e+01	1.500513931493377306e+01
2.202835409048669035e+01	1.392026611543376724e+01
2.370602170828669131e+01	1.455666824553377126e+01
2.538368932608669226e+01	1.104431244113376920e+01
2.706135885118669293e+01	1.000173279023377582e+01
2.873902646898669033e+01	9.607388460433773147e+00
3.041669408678669129e+01	8.038399660333771735e+00
3.209436170458668869e+01	8.339550936033777617e+00
3.377202741498669525e+01	7.611870729733777985e+00
3.544969694018669060e+01	5.173489534633777254e+00
3.712736265058669005e+01	3.743866884533775696e+00
3.880503217578669251e+01	3.429303133233772005e+00
4.048270170088669317e+01	3.888241731933767653e+00
4.216036741138669441e+01	4.188622438733770714e+00
4.383803693648669508e+01	1.622837984333770800e+00
4.551570264698668922e+01	2.438534700633775198e+00
4.719337217208668989e+01	2.885540926233774783e+00
4.887103788258669113e+01	2.045819246533769675e+00
5.054870740768669179e+01	1.408791506033771013e+00
5.222637311818669303e+01	1.559098207733766728e+00
5.390404264328669370e+01	8.272637961337735435e-01
5.558170835378669494e+01	1.503895723633766446e+00
5.725937787888668851e+01	3.456086752337703683e-01
5.893704358938668975e+01	9.177337706924787797e-07
6.061471311448669042e+01	4.065484641337741567e-01
6.229238263968669287e+01	1.191513979233771003e+00
6.397004835008669232e+01	1.941315614933773359e+00
6.564771406048669178e+01	2.083531343733767471e+00
6.732538740038668834e+01	6.746338808333765868e+00
6.900305311078668069e+01	1.114131637793376584e+01
7.068071882128668904e+01	1.599560638643376898e+01
7.235838453168668138e+01	2.154554077363377473e+01
7.403605787158667795e+01	2.545552917693376571e+01
7.571372358198669872e+01	2.450991150123377338e+01
7.739138929248667864e+01	2.379563232643377191e+01
7.906905500288669941e+01	2.375058838103376502e+01
8.074672834278669598e+01	2.555648132543376505e+01
8.242439405318668832e+01	2.603564544893376009e+01
8.410205976368669667e+01	2.548111816623377024e+01
8.577973310348670566e+01	2.600196930153377650e+01
8.745739881398668558e+01	2.853311248993377447e+01
8.913506452438667793e+01	2.685248657443376885e+01
9.081273023488668628e+01	2.856198974823377057e+01
9.249040357468669526e+01	2.767093750213376779e+01
9.416806928518670361e+01	2.660189148163377837e+01
9.584573499558669596e+01	2.655247589333375657e+01
9.752340070608670430e+01	2.751484771943378149e+01
9.920107404588668487e+01	3.140316864233377103e+01
1.008787397562867056e+02	3.055053802703376675e+01
1.025564054668867016e+02	3.392955871803376766e+01
1.042340788068866857e+02	3.697816559053377716e+01
1.059117445168866993e+02	3.757286926483376988e+01
1.075894102278867024e+02	3.689824768283376955e+01
1.092670759378866876e+02	3.768986603003376246e+01
1.109447492778867002e+02	3.908041473603377369e+01
1.126224149878866854e+02	4.162479492403375758e+01
1.143000806988866884e+02	4.616738983373375760e+01
1.159777464088867021e+02	4.862570282203376593e+01
1.176554197488866862e+02	5.116217132783377508e+01
1.193330854598866893e+02	5.485113617193376712e+01
1.210107511698867029e+02	5.682756134293377670e+01
1.226884168798866881e+02	5.718489166493376530e+01
1.243660902198867007e+02	6.229888244893376026e+01
1.260437559308867037e+02	6.301628967493377331e+01
1.277214216408866889e+02	6.213781830093378034e+01
1.293990949808867015e+02	6.136377807793377315e+01
1.310767606918866761e+02	5.986147400093376092e+01
1.327544340308866708e+02	5.586861511493376753e+01
1.344320921118866750e+02	5.625953003193377100e+01
1.361097654518866875e+02	5.873001953293376687e+01
1.377874235328866916e+02	5.534223266793376439e+01
1.394650968728866758e+02	5.154038330293377612e+01
1.411427702128866883e+02	5.155950256563376399e+01
1.428204282938866925e+02	5.388355346893376918e+01
1.444981016338866766e+02	5.225746246553377006e+01
1.461757749738866892e+02	5.580828186293377513e+01
1.478534330548866933e+02	5.411816498023376454e+01
1.495311063948866774e+02	5.528406616393377249e+01
1.512087797338866721e+02	5.429406830053375899e+01
1.528864378158866941e+02	5.123874756073376346e+01
1.545641111548866888e+02	4.812045379853376659e+01
1.562417692358866930e+02	4.378114410613375185e+01
1.579194425758866771e+02	4.057486053683376781e+01
1.595971159158866897e+02	3.705547424533376244e+01
1.612747739968866938e+02	3.496225830293378323e+01
1.629524473368866779e+02	3.136543365693378149e+01
1.646301206768866905e+02	2.775501342993377207e+01
1.663077787578866946e+02	2.722852417213377763e+01
1.679854520978866788e+02	2.928710266333377277e+01
1.696631254378866913e+02	2.411219116423376718e+01
1.713407835188866954e+02	2.365445801003376403e+01
1.730184568588866796e+02	2.438298889373376710e+01
1.746961149398866837e+02	2.363900848603377369e+01
1.763737882788866784e+02	2.303748413303377163e+01
1.780514616188866910e+02	2.406433960173376363e+01
1.797291196998866951e+02	2.460669800023377718e+01
1.814067930398866793e+02	2.522910400603376146e+01
1.830844663798866918e+02	2.635098358373376826e+01
1.847621244608866959e+02	2.624823852753377551e+01
1.864397978008866801e+02	2.736148926003377113e+01
1.881174711408866926e+02	2.862899109103376460e+01
1.897951292218866968e+02	2.797718139863377473e+01
1.914728025618866809e+02	2.531971069553377518e+01
1.931504606428866850e+02	2.366915985323376859e+01
1.948281339828866976e+02	2.047635742403376824e+01
1.965058073218866923e+02	1.925308319313377581e+01
1.981834654028866964e+02	1.737069793923377148e+01
1.998611387428866806e+02	1.529738327243376617e+01
2.015388120828866931e+02	1.498512741303377460e+01
2.032164701638866973e+02	1.700462051613376957e+01
2.048941435038866814e+02	1.706061645723377040e+01
2.065718015848866855e+02	1.690622421483377380e+01
2.082494749248866981e+02	1.598550888283377525e+01
2.099271482648866822e+02	1.448003097753377055e+01
2.116048063458866864e+02	1.393266769623377144e+01
2.132824796858866989e+02	1.301996322853376853e+01
2.149601530248866936e+02	1.046082397673377429e+01
2.166378111068866872e+02	1.261130233983377202e+01
2.183154844458866819e+02	1.163673111183376641e+01
2.199931577858866945e+02	1.091563125823377511e+01
2.216708158668866986e+02	8.843426668433769677e+00
2.233484892068866827e+02	8.499070131533768446e+00
2.250261472878866869e+02	9.550942385033774684e+00
2.267038206278866710e+02	1.023100754003377588e+01
2.283814939678866835e+02	1.163441940523377482e+01
2.300591520488866877e+02	1.029047867043377451e+01
2.317368253888866718e+02	7.396740877433768624e+00
2.334144987288866844e+02	8.235745394033775924e+00
2.350921568098866885e+02	9.136250459933773271e+00
2.367698301498866726e+02	9.187497103033770429e+00
2.384475034888866958e+02	9.073204958233775486e+00
2.401251615698866715e+02	9.092167818333770413e+00
2.418028349098866840e+02	1.015384765843376869e+01
2.434804929908866882e+02	1.188654037693377319e+01
2.451581663308866723e+02	1.173520370703377225e+01
2.468358396708866849e+02	1.226988693453377266e+01
2.485134977518866890e+02	1.362953277803377361e+01
2.501911710918866731e+02	1.465875335913377420e+01
2.518688444318866857e+02	1.419456955173376933e+01
2.535465025128866898e+02	1.211684509493377071e+01
2.552241758528866740e+02	9.960038149133772833e+00
2.569018491918866971e+02	8.762398683833776403e+00
2.585795225318867097e+02	8.953331911333773263e+00
2.602571653548866948e+02	8.297265016833771156e+00
2.619348386938866611e+02	8.448510134033767827e+00
2.636125120338866736e+02	9.731286012933770380e+00
2.652901853738866862e+02	8.474606478033773982e+00
2.669678587138866988e+02	8.977818453133771470e+00
2.686455015358866945e+02	8.400254213633774114e+00
2.703231748758867070e+02	8.997677767033769314e+00
2.720008482158866627e+02	9.587117159133770272e+00
2.736785215558866753e+02	8.693982088333772396e+00
2.753561948958866878e+02	7.298081362033771669e+00
2.770338682348867110e+02	7.579064333233771045e+00
2.787115110578866961e+02	9.052510225533771049e+00
2.803891843978867087e+02	7.994923555633765666e+00
2.820668577368866750e+02	7.868424379633770727e+00
2.837445310768866875e+02	8.309704744633769735e+00
2.854222044168867001e+02	8.942818605733775073e+00
2.870998472388866958e+02	8.829983675233775031e+00
2.887775205788867083e+02	8.177643739933769140e+00
2.904551939188866641e+02	8.227677309333772726e+00
2.921328672588866766e+02	7.527096712333773532e+00
2.938105405988866892e+02	5.859028780233771272e+00
2.954882139388867017e+02	7.019558870533772144e+00
2.971658567608866974e+02	7.804276430433774614e+00
2.988435301008867100e+02	8.470917665733770363e+00
