-4.988038609269290191e+01	5.412432354936691503e+00
-4.930415318259291269e+01	5.833811444336689966e+00
-4.872795460469291129e+01	6.772902173036692730e+00
-4.815179417379290783e+01	7.609388989536689962e+00
-4.757334873919290885e+01	7.552763623236689483e+00
-4.699725315819290472e+01	7.781737011936687765e+00
-4.642119190939290263e+01	6.688803357136690941e+00
-4.584516880759291269e+01	6.147627514836689677e+00
-4.526917622339290403e+01	5.041880291936691627e+00
-4.469321606409290837e+01	3.661039990436691483e+00
-4.411729214439290558e+01	2.413344067636691292e+00
-4.354140064959290868e+01	2.554033917436688839e+00
-4.296554348709290849e+01	1.472391766636687027e+00
-4.238972256429291008e+01	1.767138165536691119e+00
-4.181393406639291044e+01	2.160814923336687787e+00
-4.123817990069291284e+01	3.577456158636693306e+00
-4.066246006729291196e+01	5.482588452336693230e+00
-4.008677265889291164e+01	7.257662457536689260e+00
-3.951112149009290420e+01	9.670706433336690111e+00
-3.893550274619290974e+01	1.230700556663668976e+01
-3.835992024189290817e+01	1.384166590603668290e+01
-3.778437016259290715e+01	1.661817042263668753e+01
-3.720885441549290817e+01	1.922345988183669263e+01
-3.663337300069291302e+01	2.126441828633669218e+01
-3.605792401079290954e+01	2.403767649563669195e+01
-3.548251126059290783e+01	2.609923808003668810e+01
-3.490713093529291200e+01	2.740535227683668751e+01
-3.433178494219291110e+01	2.981976572903669265e+01
-3.375647328149290871e+01	3.147892252833668891e+01
-3.318119595299290836e+01	3.155539957913670079e+01
-3.260595295679290473e+01	3.032159678363668220e+01
-3.203074238549291408e+01	2.989763895893669243e+01
-3.145556805379290921e+01	3.037037150293668120e+01
-3.088042614709290845e+01	2.939370982083668693e+01
-3.030531857259290973e+01	2.864729563623668085e+01
-2.973024533039290773e+01	2.853304545313669038e+01
-2.915520642049290956e+01	2.761615244773668820e+01
-2.858019993549290660e+01	2.655066172503669364e+01
-2.800522873649291000e+01	2.718419138813668567e+01
-2.743029091599290936e+01	2.372479502583669486e+01
-2.685769627339291077e+01	2.277517954733669114e+01
-2.628282616379290815e+01	2.112736002833669247e+01
-2.570799038659291114e+01	2.154548899563668485e+01
-2.513318894159290906e+01	2.062195841693669607e+01
-2.455842087509290650e+01	1.747527567773668622e+01
-2.398368714099290955e+01	1.784276072413668857e+01
-2.340898773919290932e+01	1.753297297383669573e+01
-2.283432171589290860e+01	1.773111597923669081e+01
-2.225969002492291082e+01	1.522997919943669487e+01
-2.168739960439290826e+01	1.591377131373668696e+01
-2.111283562429290939e+01	1.535394160183669143e+01
-2.053830502278290737e+01	1.547758738423669556e+01
-1.996380875356290829e+01	1.632288996603668707e+01
-1.938934681661290682e+01	1.760025660423669791e+01
-1.881491825826291020e+01	1.674095789813669199e+01
-1.824052403218290763e+01	1.639192835713669538e+01
-1.766847012288290841e+01	1.666560618313669195e+01
-1.709414360768290919e+01	1.779480997943668896e+01
-1.651985094792290809e+01	1.707825343043669264e+01
-1.594559214360290866e+01	1.771234003933669499e+01
-1.537136719472290913e+01	2.201212565333668891e+01
-1.479948232419290832e+01	2.332815424823669304e+01
-1.422532520539290957e+01	2.488909785183668433e+01
-1.365120200164190933e+01	2.367417399313669080e+01
-1.307711271292990851e+01	2.550657145413669369e+01
-1.250305733926090923e+01	2.657213084133669767e+01
-1.193134114987690886e+01	2.490378825093669590e+01
-1.135735342748290932e+01	2.876996104153669975e+01
-1.078339956052290916e+01	2.821979777243668863e+01
-1.020947978742290907e+01	2.922231547263668716e+01
-9.635593869752909768e+00	3.204846445943669409e+01
-9.064046361512907879e+00	3.201955668353668472e+01
-8.490227916312909073e+00	3.402237193013669270e+01
-7.916443564962908575e+00	3.719062296773669374e+01
-7.342693069052908861e+00	4.043641154193668541e+01
-6.771280505722908849e+00	4.565726725483668957e+01
-6.197597243852908555e+00	4.838321940333669602e+01
-5.623948314262908532e+00	5.772128550433668437e+01
-5.052636840412908725e+00	6.621873728643667789e+01
-4.479055144852909010e+00	8.240268961843669615e+01
-3.905507781572909565e+00	1.271697260564366729e+02
-3.331993796892909643e+00	2.623268000304366865e+02
-2.760817267992909052e+00	4.654055658994367377e+02
-2.187370994192908924e+00	3.228919695535437313e+03
-1.613959052592909060e+00	1.197561085768543671e+04
-1.042882659492908815e+00	2.419861378738543863e+04
-4.695384288929087546e-01	2.019692433418543442e+04
1.037724232070917907e-01	2.541551613108543825e+04
6.747467732070902002e-01	2.257631495918543806e+04
1.247990868007091692e+00	1.897192238108543825e+04
1.821199676907090392e+00	8.308500506085436427e+03
2.392073891107090233e+00	3.184120134995437184e+03
2.965215942807091665e+00	4.700068537414367142e+02
3.538324615907090021e+00	1.226887690244366667e+02
4.109096786907091570e+00	5.831623331933669618e+01
4.682136795407089380e+00	4.119641367823669498e+01
5.255144379107090202e+00	3.123129527003669281e+01
5.825815460607092433e+00	2.560904185203668959e+01
6.398754379707092710e+00	2.154253641993668822e+01
6.969360611407090289e+00	1.829299799823669659e+01
7.542230865907090021e+00	1.598165385153668616e+01
8.115070602807090694e+00	1.443984095483668639e+01
8.685573837707092792e+00	1.361456553363669819e+01
9.258344910107091152e+00	1.087000529193668719e+01
9.828781387707092421e+00	1.015420405293668793e+01
1.040148379560709202e+01	9.874746960636690218e+00
1.097415377850709106e+01	8.847643536636690342e+00
1.154448916670709124e+01	6.765253705036690768e+00
1.211709048500708974e+01	6.485300702136691520e+00
1.268735911600709088e+01	6.475573224136690342e+00
1.325989367720709211e+01	5.642134350836692569e+00
1.383009555090709242e+01	5.548990887636688463e+00
1.440256144750708955e+01	4.725950879136691540e+00
1.497269656410709260e+01	4.959669751236686075e+00
1.554509570350709069e+01	4.248591107436685554e+00
1.611746241800709001e+01	4.086317700436686629e+00
1.668749644510709018e+01	3.554674786636685457e+00
1.725979449500709251e+01	2.742094677936689706e+00
1.782975985760709037e+01	3.424086255136692181e+00
1.840199115030709009e+01	3.404009503436691730e+00
1.897189166300709218e+01	2.818228406036685119e+00
1.954405619850708931e+01	3.026991528536688847e+00
2.011388804670709263e+01	2.223261517536692988e+00
2.068598201030708950e+01	2.708552044936686887e+00
2.125574900860709349e+01	2.511603039736689080e+00
2.182777812230709102e+01	2.022238415736688388e+00
2.239747645610708915e+01	2.324125927936688818e+00
2.296943690530708793e+01	2.362253827136688411e+00
2.353907038920709383e+01	3.254591626236687851e+00
2.410866572610708758e+01	2.219652813936687341e+00
2.468052699320709209e+01	1.752302807836692677e+00
2.525005748030708830e+01	1.569517773636690317e+00
2.582185008280709226e+01	2.102522534436685575e+00
2.639131572000708914e+01	2.282519024936688012e+00
2.696303965800709435e+01	2.339029950136687575e+00
2.753243663060709068e+01	2.085386914336688768e+00
2.810409571880709123e+01	1.935755414036691047e+00
2.867342784160709002e+01	1.439196270936691224e+00
2.924272181740709087e+01	1.750864666936690295e+00
2.981428172340708826e+01	1.099890393336694805e+00
3.038351084940709157e+01	1.440954846436691028e+00
3.095500209090709021e+01	1.515257519736692871e+00
3.152416255230709297e+01	1.668959302036687076e+00
3.209329249610709667e+01	1.062506360136686201e+00
3.266468455550709393e+01	6.088244143366883243e-01
3.323374583480709532e+01	1.092142743136689242e+00
3.380506922950709736e+01	1.392447156036688893e+00
3.437406184430709288e+01	1.494383496336689765e+00
3.494302394140709112e+01	1.291166943636690823e+00
3.551424815410709357e+01	1.111593884536687504e+00
3.608314158670708593e+01	1.054968518336695027e+00
3.665200068700708869e+01	7.353998842366918920e-01
3.722312571760708977e+01	4.995142641366905889e-01
3.779191996810709497e+01	1.135630291936693403e+00
3.836067988630709635e+01	5.776163759366940154e-01
3.893170192000708596e+01	5.355250063366931990e-01
3.950039317360709390e+01	8.714014711366928623e-01
4.006905390970709391e+01	1.137240094236684929e+00
4.063997676130709635e+01	1.167380017336689502e+00
4.120856883280708871e+01	3.398348513366865609e-01
4.177713038680708735e+01	5.202356997366870406e-01
4.234795024150709253e+01	7.072931948366891763e-01
4.291644313090709772e+01	1.066614789036688826e+00
4.348490168800708489e+01	7.451540651366863610e-01
4.405332972760709254e+01	1.425455731436692686e+00
4.462401606790709252e+01	2.446047487366918294e-01
4.519237544290709252e+01	6.759096804366907518e-01
4.576070430030709701e+01	2.988840761366854393e-01
4.633128764380708731e+01	6.697947207366908851e-01
4.689954783670708593e+01	1.106981915536694672e+00
4.746777369730709495e+01	4.854380312366889938e-01
4.803596904030709425e+01	4.213434877366892817e-01
4.860641886940709355e+01	5.269915285366895130e-01
4.917454554790708698e+01	6.709467592366892275e-01
4.974263789410709080e+01	5.183016481366914396e-01
5.031069972270708490e+01	1.443735983668993292e-02
5.087872721900708939e+01	5.273729982366898161e-01
5.144900538680710156e+01	5.125223818366888562e-01
5.201696803320709250e+01	2.619845095366880039e-01
5.258489253270710151e+01	2.545436690970039196e-06
5.315278651470708837e+01	4.706522646366925189e-01
5.372293879740709599e+01	7.025744143366871031e-01
5.429076411480708941e+01	6.563212099366941832e-01
5.485855891460710154e+01	2.728830996366920503e-01
5.542631556740710153e+01	5.576235476366858679e-01
5.599404170270709358e+01	9.017931643366887684e-01
5.656173732030708834e+01	7.833315554366878652e-01
5.713168360940709078e+01	6.541659060366858958e-01
5.769931056250709389e+01	9.048487368366879835e-01
5.826690699810708907e+01	5.408045473366930311e-01
5.883446528670710052e+01	1.212694806136688230e+00
5.940199305770708804e+01	1.858225506836689744e+00
5.996949031110709427e+01	1.843504590036686874e+00
6.053694941750708836e+01	2.165762585636691551e+00
6.110666682470709077e+01	2.249811810536688217e+00
6.167405726660709320e+01	2.676500958436689892e+00
6.224141719100708769e+01	2.539946240436688374e+00
6.280874659770709911e+01	3.711805981636695950e+00
6.337603785750710017e+01	3.756266278336690245e+00
6.394329859960708973e+01	5.506247204836692610e+00
6.451052882430710156e+01	8.052183789336687880e+00
6.507772090190709946e+01	8.595690411636690342e+00
6.564488246190708765e+01	1.189308421043669384e+01
6.621429469340709772e+01	1.495787684353669178e+01
6.678138758890709425e+01	1.742985407733669234e+01
6.734844996680709528e+01	1.747445933253668926e+01
6.791548182720708837e+01	1.904881541163668501e+01
6.848247554060709774e+01	2.053917185693668657e+01
6.904943873640709739e+01	2.206846873193668657e+01
6.961636378520709911e+01	2.085328547383669218e+01
7.018325831640709112e+01	2.433943430813668485e+01
7.075012233010708940e+01	2.718599192523668862e+01
7.131694819680708974e+01	2.556860606103669653e+01
7.188374354590709459e+01	2.537188975243669375e+01
7.245050837750709150e+01	2.531769053363668576e+01
7.301723506200708869e+01	2.463847605613668534e+01
7.358393122900709216e+01	2.527472178363668931e+01
7.415059687850708769e+01	2.762912241843668326e+01
7.471722438090709772e+01	2.856724802883669412e+01
7.528382136580709982e+01	2.975632731343669235e+01
7.585038783300709042e+01	2.868150584133669057e+01
7.641691615340710086e+01	2.652820078753669719e+01
7.698341395610709981e+01	2.570093027973668498e+01
7.754987361190708839e+01	2.497936884793669066e+01
7.811630275000709389e+01	2.516755167873669663e+01
7.868270137060709146e+01	2.498928706073669659e+01
7.924906947370709531e+01	2.624514262103668472e+01
7.981539942970709944e+01	2.587201182273668465e+01
8.038169123880709321e+01	2.520840708643669004e+01
8.094796015970709391e+01	2.584102885153668083e+01
8.151419093360709667e+01	2.666043345363668848e+01
8.208039119000709150e+01	2.853976694973669126e+01
8.264655329940708839e+01	3.074022166163668501e+01
8.321268489110708799e+01	3.081563822653668439e+01
8.377878596540709566e+01	2.770913950833668693e+01
8.434484889260708940e+01	2.686037699603668116e+01
8.490860011330708801e+01	2.596391550923669556e+01
8.547460200540709252e+01	2.510408274563668485e+01
8.604056575050709910e+01	2.487254206563669001e+01
8.660649897810709774e+01	2.408096949483668681e+01
8.717240168800709910e+01	2.544532267483669941e+01
8.773826625110709188e+01	2.488443629173669436e+01
8.830410029610709444e+01	2.593376414203669000e+01
8.886990382410709799e+01	2.533452097803668579e+01
8.943566920510708940e+01	2.511627833273669452e+01
8.999912287910709097e+01	2.793442789943669524e+01
9.056482722510709493e+01	2.906556956203668918e+01
9.113049342410710096e+01	3.116451517963669104e+01
9.169612910510709014e+01	2.793904368313669906e+01
9.226173426810709088e+01	2.693219248683669420e+01
9.282730128510709733e+01	2.889377085593668326e+01
9.339283778410710113e+01	2.732371012593668880e+01
9.395605494710709138e+01	2.841085307033669594e+01
9.452153041110709353e+01	2.732899729633668784e+01
9.508696772810709774e+01	2.685936991603669455e+01
9.565236689810708981e+01	2.686713663963669063e+01
9.621774318010709237e+01	2.620051066303669174e+01
9.678080012510709196e+01	2.692232767963669104e+01
9.734610011310709865e+01	2.644642893703668918e+01
9.791137721310710162e+01	2.698118082913670079e+01
9.847661616510708882e+01	2.804728953273668779e+01
9.904181697110709592e+01	2.907100169093669351e+01
9.960471370010709791e+01	2.834672037983669313e+01
1.001698534701070997e+02	2.816742960833670040e+01
1.007349550941070930e+02	2.831729380513669625e+01
1.013000338291070932e+02	2.763136546043668673e+01
1.018627932281070940e+02	2.793654124173668407e+01
1.024278032991070972e+02	2.752373759173667978e+01
1.029927752231070883e+02	2.688506571673668688e+01
1.035577166291070910e+02	2.911050669583667982e+01
1.041203463291070932e+02	2.844260661033668924e+01
1.046852267001070942e+02	2.941803995993668508e+01
1.052500689241070972e+02	3.150618235493668706e+01
1.058148730011070882e+02	3.234998576073670051e+01
1.063773730011070882e+02	3.301866404443669722e+01
1.069421160431070916e+02	3.400703684713669617e+01
1.075068285681070961e+02	3.384186808493668508e+01
1.080692293861070965e+02	3.349267069723669721e+01
1.086338732461071004e+02	3.165809885883668429e+01
1.091984865881071016e+02	3.229177348043669582e+01
1.097630617831070907e+02	3.170701090723668614e+01
1.103253329011070889e+02	3.312510935693670433e+01
1.108898470611070906e+02	3.286833445453668645e+01
1.114543230751070979e+02	3.302305094623668680e+01
1.120164950111070965e+02	3.290114848043669582e+01
1.125809099891070986e+02	3.374429575833668338e+01
1.131452944491070980e+02	3.417664591693668541e+01
1.137073595741070875e+02	3.583188120753668926e+01
1.142716753701070900e+02	3.725347391993668822e+01
1.148359606481070898e+02	3.743726603413669096e+01
1.153979265901070903e+02	4.060391489893668648e+01
1.159621508331071027e+02	4.012306467923668407e+01
1.165240557411071052e+02	4.010210673243668111e+01
1.170882036901070933e+02	4.105378214743667797e+01
1.176523211221070824e+02	4.302143351463669063e+01
1.182141344761070911e+02	4.400559489163669724e+01
1.187781908721071034e+02	4.464763132953668645e+01
1.193399279331071057e+02	4.522963969143669516e+01
1.199039232941071020e+02	4.526997630023667796e+01
1.204678728791070910e+02	4.813437144183668437e+01
1.210295183871070890e+02	4.852610270413669014e+01
1.215934069371070905e+02	5.139851633933669461e+01
1.221549914101071010e+02	5.408472697163669807e+01
1.227188036651070888e+02	5.564369456203669273e+01
1.232803271031070835e+02	5.636345164203667935e+01
1.238440783241071017e+02	5.766582743553669843e+01
1.244077990271071030e+02	5.862879435443668541e+01
1.249692156531070850e+02	5.973778788473669721e+01
1.255328753211070989e+02	5.858420817283668924e+01
1.260942309121070934e+02	6.104929606343668524e+01
1.266578142861070830e+02	6.121779887143668475e+01
1.272190935821070923e+02	6.452898661543669334e+01
1.277826311801071029e+02	6.233666483743667897e+01
1.283438494421070857e+02	6.440808360043669722e+01
1.289073107461071004e+02	6.575174204743669293e+01
1.294684679721071063e+02	6.588760630543669095e+01
1.300318529821070968e+02	6.772062937643669045e+01
1.305929491731070868e+02	6.649009959143668880e+01
1.311562731481070898e+02	6.861554209643668401e+01
1.317172930451070840e+02	6.665844981143668235e+01
1.322805559851070996e+02	6.824331156643670226e+01
1.328415148471071063e+02	6.686402384643668029e+01
1.334047167511070882e+02	6.710157267443669582e+01
1.339656145791070969e+02	6.744861094343667673e+01
1.345287401891070829e+02	6.875331370243669937e+01
1.350895617221071063e+02	6.678978983743670028e+01
1.356503679971070824e+02	6.643721262843668285e+01
1.362134020541070925e+02	6.828209177843667987e+01
1.367741320351071010e+02	6.692935435243670383e+01
1.373370897981070868e+02	6.731834666143669210e+01
1.378977587441071080e+02	6.718595377843668359e+01
1.384606554721071063e+02	6.911179606343668524e+01
1.390212633821070938e+02	6.877566019943670028e+01
1.395818255161071022e+02	6.809812418843668524e+01
1.401446306921070857e+02	6.777615610943669822e+01
1.407051317901070888e+02	7.058869425643669615e+01
1.412678759311070849e+02	6.967869822443668681e+01
1.418283007361070815e+02	7.022172800943670268e+01
1.423887102821070982e+02	7.131302897343668690e+01
1.429513476111070815e+02	7.225129954243668351e+01
1.435116961221070824e+02	7.112054697943668202e+01
1.440742571571070982e+02	7.252759043643668235e+01
1.446345293731070853e+02	7.419585673243669532e+01
1.451947710731070913e+02	7.540075938143669987e+01
1.457572558141070829e+02	7.956402079443670061e+01
1.463174212191071035e+02	7.875734202343669210e+01
1.468775713661071052e+02	8.120910899043668962e+01
1.474399492951070840e+02	8.231086985543667822e+01
1.480000231481070898e+02	8.280170695243668888e+01
1.485600664831071072e+02	8.537336985543667822e+01
1.491223528601070996e+02	8.749685923443668401e+01
1.496823351601071010e+02	8.768393961843668194e+01
1.502422716831071057e+02	8.824223582143669375e+01
1.508044665071070938e+02	8.976747385843670202e+01
1.513643419961071004e+02	8.961110178843668450e+01
1.519241869661071007e+02	8.804275767243667872e+01
1.524840014191071020e+02	8.574061839043669409e+01
1.530460589141071068e+02	8.585282389543668558e+01
1.536058123321070923e+02	8.515786997743668962e+01
1.541655352331071072e+02	8.276539103443670342e+01
1.547274859161070992e+02	8.086432902243669218e+01
1.552871325231070898e+02	7.689340464543670350e+01
1.558467638711071004e+02	7.345749918843669946e+01
1.564063494421070857e+02	7.332036082143669375e+01
1.569681627961070944e+02	7.044008128043670069e+01
1.575276873321070923e+02	6.756358591943669012e+01
1.580871813511070911e+02	6.429394022843669632e+01
1.586466448521071015e+02	6.314589182743669937e+01
1.592060625771071045e+02	6.293467966943669722e+01
1.597677233431070931e+02	6.170598093943669937e+01
1.603270952911070992e+02	5.923176829243669061e+01
1.608864214631070979e+02	5.732167307763670294e+01
1.614457171181070976e+02	5.529112498193670433e+01
1.620072405551071029e+02	5.184870402243668508e+01
1.625664751741070972e+02	5.002234904193667830e+01
1.631256792761070926e+02	4.861525980853668472e+01
1.636848376011070911e+02	4.738439433003669166e+01
1.642439654091070906e+02	4.395652262593669235e+01
1.648030779571070923e+02	4.300469462303669133e+01
1.653644030311070878e+02	4.124435679343668681e+01
1.659234392861070830e+02	4.268145243553668422e+01
1.664824450231070898e+02	4.079421488673668250e+01
1.670414202431070976e+02	3.916375224023669688e+01
1.676003496861071085e+02	3.938064066793669582e+01
1.681592638711071004e+02	3.929634348773668506e+01
1.687181322791070954e+02	3.896464030173669357e+01
1.692792437291070939e+02	3.669799296283668610e+01
1.698380511021071015e+02	3.741379801663669724e+01
1.703968279571070923e+02	3.591916148093668681e+01
1.709555742951070840e+02	3.531049601463669063e+01
1.715142901161071052e+02	3.398955027493669689e+01
1.720729601601071010e+02	3.492078654193668541e+01
1.726316149451070885e+02	3.266655985743669532e+01
1.731902239541070969e+02	3.350007883933668751e+01
1.737488024451070885e+02	3.243005625633669808e+01
1.743096239781070835e+02	3.188717142963668394e+01
1.748681414341070877e+02	3.268325297263668716e+01
1.754266131141070844e+02	3.082670084863668691e+01
1.759850695351071010e+02	3.055984751613668848e+01
1.765434954381071009e+02	3.150898997213669972e+01
1.771018755651070933e+02	3.127069346333669486e+01
1.776602404331071057e+02	3.173373667623669903e+01
1.782185595251070822e+02	3.185826365383669412e+01
1.787768480991070987e+02	3.217840067773670398e+01
1.793351061561070878e+02	3.156349436673668762e+01
1.798933336951070885e+02	3.169578043843669235e+01
1.804515154571070923e+02	3.193355814843669549e+01
1.810096819611071055e+02	3.155357615383669057e+01
1.815678179481070913e+02	3.248817698383668784e+01
1.821259081581071086e+02	3.303361765773669134e+01
1.826839678501070807e+02	3.222159830953669513e+01
1.832419970251070822e+02	3.234974924953669273e+01
1.837999956821070953e+02	3.356137339503668926e+01
1.843579638221070809e+02	3.334914652733669271e+01
1.849159014441071065e+02	3.448273722553668108e+01
1.854738085481070868e+02	3.475990549953668562e+01
1.860316698761070882e+02	3.389455668353667761e+01
1.865895159461070989e+02	3.405610911273668506e+01
1.871473162391070844e+02	3.538473002343669549e+01
1.877050860141070814e+02	3.599252573873669547e+01
1.882628252721071078e+02	3.562233988673668961e+01
1.888205340121070890e+02	3.624030558493669218e+01
1.893782122351070996e+02	3.761685435203668959e+01
1.899358599401070933e+02	3.754499308493668508e+01
1.904934618691071080e+02	3.598585764793669028e+01
1.910510485391070858e+02	3.495894114403669306e+01
1.916063311311070834e+02	3.333177439593669078e+01
1.921638415071070938e+02	3.348664347553669529e+01
1.927213213661071052e+02	3.128921000393669161e+01
1.932787707061070819e+02	3.122693125633668743e+01
1.938361895301071058e+02	2.903270975973669366e+01
1.943935778351070951e+02	2.777520243553668777e+01
1.949509356231070853e+02	2.580024210833670040e+01
1.955082476351070966e+02	2.485986964133669019e+01
1.960655291291070910e+02	2.243290583523669213e+01
1.966205370641070829e+02	2.134539286523668977e+01
1.971777575231070898e+02	2.154503123193669012e+01
1.977349474641071083e+02	1.996893565083668776e+01
1.982921068881070994e+02	1.928406779193669607e+01
1.988492357941071020e+02	1.909708659083669247e+01
1.994063341831071057e+02	1.770917002583669486e+01
1.999633867951070840e+02	1.793924204733669470e+01
2.005181658481070883e+02	1.817678706073668948e+01
2.010751574251071077e+02	1.721682612323669304e+01
2.016321184851070996e+02	1.730341975123669229e+01
2.021890642861070830e+02	1.701718775653669269e+01
2.027459643101070981e+02	1.694256846333669841e+01
2.033028338171070857e+02	1.705513255023669572e+01
2.038574145051071014e+02	1.621720377833669247e+01
2.044142077181070931e+02	1.567062632473669304e+01
2.049709856721071048e+02	1.751878230003669401e+01
2.055277178501070807e+02	1.690954462913668621e+01
2.060821764681070931e+02	1.766152064233668639e+01
2.066388476111070815e+02	1.748589579493668822e+01
2.071954882361070815e+02	1.874510447413669212e+01
2.077520983431070931e+02	1.813393656643668450e+01
2.083086779331071057e+02	1.768635050683668553e+01
2.088629687051071073e+02	1.833618418603669298e+01
2.094194872591070862e+02	1.820470683003669166e+01
2.099759752961070944e+02	1.790922800923668845e+01
2.105324175571070953e+02	1.718084971333668776e+01
2.110865862581071042e+02	1.712744013693669132e+01
2.116429674841070891e+02	1.665571848773669217e+01
2.121993181921070857e+02	1.509886042503668691e+01
2.127533800811070819e+02	1.436729685693668657e+01
2.133096697541070910e+02	1.410234705833669366e+01
2.138659289101071010e+02	1.429612605003669401e+01
2.144221575471071048e+02	1.352041499043669148e+01
2.149760973671070872e+02	1.339752833273668742e+01
2.155322497101070951e+02	1.324416987323669304e+01
2.160883867951070840e+02	1.256129328633669218e+01
2.166422198031070820e+02	1.298823038963668886e+01
2.171982958531070835e+02	1.340719477563668605e+01
2.177543261261070882e+02	1.272695032983668995e+01
2.183080675811070819e+02	1.291221873193668834e+01
2.188640368201070885e+02	1.217913691433668610e+01
2.194199755401070888e+02	1.205796305563669435e+01
2.199736254431070961e+02	1.161687724023668800e+01
2.205294878701070900e+02	1.107669703393668570e+01
2.210830767371070920e+02	1.184577052023668919e+01
2.216388781281070806e+02	1.186938731103668410e+01
2.221946642611071070e+02	1.141570536523669155e+01
2.227481463171070857e+02	1.240812937643668867e+01
2.233038561561070878e+02	1.143435923483668937e+01
2.238595354771071015e+02	1.110942332173669023e+01
2.244129412391070844e+02	1.104189936543669326e+01
2.249685442661071022e+02	1.196510950953669017e+01
2.255218737341070891e+02	1.101722590353669418e+01
2.260774309851070996e+02	1.113216273213668650e+01
2.266329424591070847e+02	1.119933192163669133e+01
2.271861803741070958e+02	1.085645167263668931e+01
2.277416308141070829e+02	1.066927210713669183e+01
2.282948076941071065e+02	1.065783183003668988e+01
2.288501970981070883e+02	1.084967677023668742e+01
2.294032976841070877e+02	1.108006541163668501e+01
2.299586260531070820e+02	9.974615735136687533e+00
2.305116656041070939e+02	1.116460673243668289e+01
2.310669329381071009e+02	1.045725886253669046e+01
2.316221544961071004e+02	1.035796610743668822e+01
2.321751024941071080e+02	1.069151560693669012e+01
2.327302782751070822e+02	1.016309229763668576e+01
2.332831499791070939e+02	1.169934718043668731e+01
2.338382494661071007e+02	1.083159891993668644e+01
2.343910753941071050e+02	1.081495921043669206e+01
2.349461138461070959e+02	1.171016947653669149e+01
2.354988634801071044e+02	1.106005732443668599e+01
2.360538408971071078e+02	9.948786419936686443e+00
2.366065294961071004e+02	9.711756390636686831e+00
2.371614458771070986e+02	1.083504740623668994e+01
2.377140734411071037e+02	1.003763453393668925e+01
2.382689135291070954e+02	1.026547495753668926e+01
2.388214800571070953e+02	1.095735804463668650e+01
2.393740160681070961e+02	1.094332758813668605e+01
2.399287646031070835e+02	1.036735407733669057e+01
2.404812243201070885e+02	1.008546702293668673e+01
2.410359118201070885e+02	1.118617121603669595e+01
2.415883257601070966e+02	1.118081156643668450e+01
2.421429369661071007e+02	1.048569743063668902e+01
2.426952746131071024e+02	1.121355692773668444e+01
2.432475970001070777e+02	1.095620219143669161e+01
2.438021013951071154e+02	1.190667597683668788e+01
2.443543474891071128e+02	1.054576746853668645e+01
2.449088213661070768e+02	1.139013544943668599e+01
2.454610064241070972e+02	1.023775736713668572e+01
2.460153887481071138e+02	1.070729700953668839e+01
2.465675127721070794e+02	1.115476481343668880e+01
2.471196062781070850e+02	1.112121455103669376e+01
2.476738970491070972e+02	1.265304819973668948e+01
2.482259295201071154e+02	1.084728495503668810e+01
2.487779314731071167e+02	1.166953150653669447e+01
2.493321306921071141e+02	1.267347590353669062e+01
2.498840410921071111e+02	1.164677302273668502e+01
2.504359514931070976e+02	1.087297312643669045e+01
2.509900591591070906e+02	1.228426615623668461e+01
2.515418780061070834e+02	1.079076258563669199e+01
2.520936968541071224e+02	1.116913096333668598e+01
2.526477129671071111e+02	1.119007746603669418e+01
2.531994402621070890e+02	1.109925715353668352e+01
2.537511370391071068e+02	1.069314829733668759e+01
2.543050616001070807e+02	1.106695048243668467e+01
2.548566973421071111e+02	1.057436625393668628e+01
2.554083025671071141e+02	1.032228724383668883e+01
2.559621355751070837e+02	1.042288081073668948e+01
2.565136797641071098e+02	1.072070948513668398e+01
2.570651934361071085e+02	1.186908976463669063e+01
2.576189348911070738e+02	1.041004816913669373e+01
2.581703875281070850e+02	1.002374522113669109e+01
2.587218096471070794e+02	1.201860300923669378e+01
2.592731707311070863e+02	1.067718378933668788e+01
2.598267901161070768e+02	1.051790491963668828e+01
2.603780901641071068e+02	1.093268458273668742e+01
2.609293902131070695e+02	1.043800608543669028e+01
2.614806597451071184e+02	1.085706965353668885e+01
2.620341265411070708e+02	1.073494212063668662e+01
2.625853350381070754e+02	1.105349985983668404e+01
2.631364824981071138e+02	1.075162379173668903e+01
2.636876299591070847e+02	1.096375529193668541e+01
2.642387163851070682e+02	1.125903574853668587e+01
2.647920305941070751e+02	1.070221583273668919e+01
2.653430865021070986e+02	1.125078455833668833e+01
2.658940813751070777e+02	1.221194331073669481e+01
2.664450457311070863e+02	1.089565531643668983e+01
2.669960100861071055e+02	1.149640147113668576e+01
2.675491411901070933e+02	1.047142283343668900e+01
2.681000445101070682e+02	1.051421610743669000e+01
2.686508867951071124e+02	1.030270258813668605e+01
2.692016985631070725e+02	1.030298106103668943e+01
2.697524798131070725e+02	1.050706355003668868e+01
2.703032305451071124e+02	1.037711970233668879e+01
2.708562090611071085e+02	9.098799389836690565e+00
2.714068987581071042e+02	9.706522625936688797e+00
2.719575274201071124e+02	9.700083416936690739e+00
2.725081560821071207e+02	9.093298596436685699e+00
2.730587542271071015e+02	9.723841351536689714e+00
2.736093218541071224e+02	9.112433117936689086e+00
2.741598589631070695e+02	9.422938031236688161e+00
2.747103655551071029e+02	8.863669079836689946e+00
2.752630694131070754e+02	8.934439343536686451e+00
2.758135149691070751e+02	9.669073742936687310e+00
2.763638994911070768e+02	9.914129895236687418e+00
2.769142840121070890e+02	8.770674389836688789e+00
2.774646074981071138e+02	9.427309674336690648e+00
2.780149309851070711e+02	9.460970562936685369e+00
2.785651934361071085e+02	8.886347455036689880e+00
2.791154558871070890e+02	9.264876050036690458e+00
2.796656573031070820e+02	9.316374463136687822e+00
2.802158587191070751e+02	9.394438427936687930e+00
2.807659991001070807e+02	9.720652264636688855e+00
2.813161089631070695e+02	9.045965832736690970e+00
2.818662188271071045e+02	9.372057599136686790e+00
2.824162676551071058e+02	9.974497479436694292e+00
2.829662859651070903e+02	8.207094830536687979e+00
2.835185320591070877e+02	8.334929150636689599e+00
2.840684893341070847e+02	8.675707501436690450e+00
2.846184160921071111e+02	8.997446698236689855e+00
2.851683123321071207e+02	8.640062970236689566e+00
2.857181780551071029e+02	9.254091900836687756e+00
2.862680132601070682e+02	8.455324811036687649e+00
2.868178179481071197e+02	9.046839398436688384e+00
2.873675921181070976e+02	9.759833020236690970e+00
2.879173357701071154e+02	9.026217145036691036e+00
2.884648211221070824e+02	9.643442791936692515e+00
2.890144732211070959e+02	8.637823742936689086e+00
2.895641253211070989e+02	8.312067669936689995e+00
2.901137469031070850e+02	8.738329571736690227e+00
2.906633379671071111e+02	8.486357373236694812e+00
2.912128679971070824e+02	8.222704571736692003e+00
2.917623980261071210e+02	8.953154248236694812e+00
2.923118975381070754e+02	8.495722455036691656e+00
2.928613360141071098e+02	8.465567273136691995e+00
2.934107744911070768e+02	9.259733838136689599e+00
2.939601519321070668e+02	8.284266156236686385e+00
2.945095293731071138e+02	8.915690106436692020e+00
2.950588457801071058e+02	9.168017071736690227e+00
2.956081621861071085e+02	8.755686444336689078e+00
2.961574175571070668e+02	8.227465313936686897e+00
2.967044146271070986e+02	9.216803235136687533e+00
2.972536394811070863e+02	9.277689618136692573e+00
2.978028032991070972e+02	8.976370495836686558e+00
2.983519366001070807e+02	9.347582501436690450e+00
2.989010393831071042e+02	8.320978802736686220e+00
2.994501421661070708e+02	9.170984906236686385e+00
2.999991839141071068e+02	9.207914990436689706e+00
