-4.942204731077009683e+01	7.047162010873035065e+00
-4.812831562127009732e+01	7.216168358573030517e+00
-4.683458393187009960e+01	7.137608483073035082e+00
-4.554085224237010010e+01	6.124058678373038411e+00
-4.424712055297009528e+01	6.127240135873036841e+00
-4.295338886347009577e+01	6.354828789473031314e+00
-4.165965717407009805e+01	6.876831963273039250e+00
-4.036592548457009855e+01	7.609269097073029897e+00
-3.907219379517009372e+01	7.793702080473033256e+00
-3.777846210567009422e+01	8.081944420573030641e+00
-3.648473041627009650e+01	8.461571648373032772e+00
-3.519099872677009699e+01	9.010857537073029278e+00
-3.389726703737009927e+01	9.764538719873034012e+00
-3.260353534787009977e+01	1.045299620887303327e+01
-3.130980175107009700e+01	9.966534569473036953e+00
-3.001607006167009573e+01	1.018382354047302840e+01
-2.872233837217009622e+01	1.080821700357303783e+01
-2.742860668267009672e+01	1.093110366127302946e+01
-2.613487499327009544e+01	1.105082030557303163e+01
-2.484114330377009594e+01	1.182125945357303642e+01
-2.354741161437009822e+01	1.319270034097303679e+01
-2.225367992487009516e+01	1.508828063277302789e+01
-2.095994823547009744e+01	1.727875609657303357e+01
-1.966621654597009794e+01	1.619258208537303290e+01
-1.837248485657009667e+01	1.631284804607302874e+01
-1.707875316707009716e+01	1.839980407027303144e+01
-1.578502147767009411e+01	2.118625350257303452e+01
-1.449128883447009564e+01	2.146934218667303185e+01
-1.319755714507009436e+01	2.587245650557302667e+01
-1.190382545557009486e+01	2.980626387857303428e+01
-1.061009376617009536e+01	4.224939437177302892e+01
-9.316362076700094974e+00	6.593677993047303687e+01
-8.022630387250094586e+00	9.585220809247302043e+01
-6.728898697790095973e+00	2.154749803094730396e+02
-5.435167008340095585e+00	5.963817033314729770e+02
-4.141434842050095710e+00	3.930264515835473048e+03
-2.847703391020095509e+00	9.046920277555473149e+03
-1.553971463140095377e+00	7.135852894735472546e+03
-2.602397140860955860e-01	6.553576527555473149e+03
1.033492034970904472e+00	5.229312367395471483e+03
2.327223843629904199e+00	4.808804554895472393e+03
3.620955533089904588e+00	5.606928090055472239e+03
4.914687460959903831e+00	3.879376088095473733e+03
6.208419150409904219e+00	2.678461293175473202e+03
7.502150839859903719e+00	1.364837391805473089e+03
8.795882529319904108e+00	3.929018449334731145e+02
1.008961421876990450e+01	8.887996382947302720e+01
1.138334590822990577e+01	4.233089919357302477e+01
1.267707759762990527e+01	2.518338485027302909e+01
1.397081024082990552e+01	1.989223189617302978e+01
1.526454193022990502e+01	1.897725386887302790e+01
1.655827361972990275e+01	1.729236693647303014e+01
1.785200435552990328e+01	1.403851027757303171e+01
1.914573604492990455e+01	1.436206527017303891e+01
2.043946964172990377e+01	1.299589247967302974e+01
2.173320133122990327e+01	1.141986174847303737e+01
2.302693302062990455e+01	1.148852629927303859e+01
2.432066471012990405e+01	1.060913176797303592e+01
2.561439639952990177e+01	9.217698052173036061e+00
2.690812808902990483e+01	8.701607659073033574e+00
2.820185977842990255e+01	8.555752709173027881e+00
2.949559146792990205e+01	8.028161003873030666e+00
3.078932315732990332e+01	7.380852654273032165e+00
3.208305484682990283e+01	6.763588860273036296e+00
3.337678462892990439e+01	6.240963890773032041e+00
3.467052013302990332e+01	5.651196434773037680e+00
3.596425182252990282e+01	4.989941551973032574e+00
3.725798351202990233e+01	5.497670128573037829e+00
3.855171520142990005e+01	4.557381584873028579e+00
3.984544689092990666e+01	4.758187248973036354e+00
4.113917858032990438e+01	5.056946709373030480e+00
4.243291026982990388e+01	4.147755577773035718e+00
4.372664195922990160e+01	4.500801995073033801e+00
4.502037364872990111e+01	3.496254875873029189e+00
4.631410533812990593e+01	3.030842735973033442e+00
4.760783702762990544e+01	3.035088494073029608e+00
4.890156871702990315e+01	3.117749169173030577e+00
5.019530040652990266e+01	3.913388207173033262e+00
5.148903209592990038e+01	3.245762779973032863e+00
5.278276378542989988e+01	2.402691796073034070e+00
5.407649547482990471e+01	2.039750054173035121e+00
5.537022716432990421e+01	2.498284294873028610e+00
5.666395885382990372e+01	3.353821709373033588e+00
5.795769054322990144e+01	2.579762413773031504e+00
5.925142223272990094e+01	2.236641838773036906e+00
6.054515392212990577e+01	2.152676537273034985e+00
6.183888561162990527e+01	1.896138146173028449e+00
6.313261730102990299e+01	1.920250847573034214e+00
6.442634899052990249e+01	1.631203606373036186e+00
6.572008067992990732e+01	1.756646111273026944e+00
6.701381236942989972e+01	1.724087670073034761e+00
6.830754405882990454e+01	1.230259850273030864e+00
6.960127574832989694e+01	1.699933006973034511e+00
7.089500743772990177e+01	1.233742668873035520e+00
7.218873912722990838e+01	1.500168755273029841e+00
7.348247081662989899e+01	1.709774925973033044e+00
7.477620250612990560e+01	1.283375694973036829e+00
7.606993419552989621e+01	1.130928948173030690e+00
7.736366588502990282e+01	1.549431755773033270e+00
7.865739757452990943e+01	1.286114647673034073e+00
7.995112926392990005e+01	1.288777306373033005e+00
8.124486095342990666e+01	1.854699089773031329e+00
8.253859264282989727e+01	1.466759636673031331e+00
8.383232433232990388e+01	1.203282311173036856e+00
8.512605602172990871e+01	1.289475395973027183e+00
8.641978771122990111e+01	1.303082421073028518e+00
8.771351940062990593e+01	1.117676689873031037e+00
8.900725109012989833e+01	1.126526787573035371e+00
9.030098277952990315e+01	1.657006218673038322e+00
9.159471446902990976e+01	1.171933129073032820e+00
9.288844615842990038e+01	4.133157279730270139e-01
9.418217784792990699e+01	1.247033622730319424e-01
9.547590953732989760e+01	9.320992972730371973e-01
9.676964122682990421e+01	1.077462151273033797e+00
9.806337291632989661e+01	4.903840567730359812e-01
9.935710460572990144e+01	7.004899527730311659e-01
1.006508362952299080e+02	1.516041710673034171e+00
1.019445679842299057e+02	1.481873467173031145e+00
1.032382996742299071e+02	8.326959159730340509e-01
1.045320313632299047e+02	8.602265860730314850e-01
1.058257630532299061e+02	7.021188285730336487e-01
1.071194947422299037e+02	7.764863517730291598e-01
1.084132264322299051e+02	1.739659264373033087e+00
1.097069581212299028e+02	6.124848868730333740e-01
1.110006898112299041e+02	9.086730297544256433e-07
1.122944215002299018e+02	1.203164603730328269e-01
1.135881531892298995e+02	4.972314383730286891e-01
1.148818848792299008e+02	5.929269339730354194e-01
1.161756165682298985e+02	7.417649772730305902e-01
1.174693558872299093e+02	5.550660636730329056e-01
1.187630875772298964e+02	9.307336356730339100e-01
1.200568192662299083e+02	1.393261864473034128e+00
1.213505509562299096e+02	1.437394097073031007e+00
1.226442826452299073e+02	1.169594719673026972e+00
1.239380143352299086e+02	7.762650992730322219e-01
1.252317460242299063e+02	1.279110863473033710e+00
1.265254777132299040e+02	1.403107598073027651e+00
1.278192094032299053e+02	7.369584586730327791e-01
1.291129410922299030e+02	5.124787833730338749e-01
1.304066727822298901e+02	1.678166344373032581e+00
1.317004044712299162e+02	1.375260308073035453e+00
1.329941361612299033e+02	1.090561821673036835e+00
1.342878678502299010e+02	1.380757286773036885e+00
1.355815995402299166e+02	1.862904503573036941e+00
1.368753312292299142e+02	2.094357445473035373e+00
1.381690629182299119e+02	3.129235222573035546e+00
1.394627946082298990e+02	3.868809654973039969e+00
1.407565262972298967e+02	4.183266594673031413e+00
1.420502579872299123e+02	4.418343498973030137e+00
1.433439896762299099e+02	4.859723046073029629e+00
1.446377213662298971e+02	4.672436669173031909e+00
1.459314530552298947e+02	5.412297203773030141e+00
1.472251847452299103e+02	6.955395653473037676e+00
1.485189164342299080e+02	8.831570580273035986e+00
1.498126481242298951e+02	1.087412352827303508e+01
1.511063798132298928e+02	1.469381423257303254e+01
1.524001115022298904e+02	1.873793502117302978e+01
1.536938431922299060e+02	2.305694289467303548e+01
1.549875748812299037e+02	2.846400923997304133e+01
1.562813065712298908e+02	3.663004012367302664e+01
1.575750382602299169e+02	4.813119216227303099e+01
1.588687699502299040e+02	5.886362929607302874e+01
1.601625016392299017e+02	7.119757552447303794e+01
1.614562333292299172e+02	8.299548049247303538e+01
1.627499650182299149e+02	8.991150374647303067e+01
1.640436967082299020e+02	1.005162705924730062e+02
1.653374283972298997e+02	1.061052140734730074e+02
1.666311600862298974e+02	1.102632035754729998e+02
1.679248917762299129e+02	1.117240037464730165e+02
1.692186234652299106e+02	1.094828080684729912e+02
1.705123551552298977e+02	1.095564927604730059e+02
1.718060868442298954e+02	1.093834275744730036e+02
1.730998185342299109e+02	1.048302506954730262e+02
1.743935502232299086e+02	1.001687364124730237e+02
1.756872819132298957e+02	9.717165084147301002e+01
1.769810136022298934e+02	9.161176009447301283e+01
1.782747452922299090e+02	8.380152602447303423e+01
1.795684769812299066e+02	7.826912398647303348e+01
1.808622086702299043e+02	7.012128920847301572e+01
1.821559403602298914e+02	6.149342055547304398e+01
1.834496720492298891e+02	5.827766127847303324e+01
1.847434037392299047e+02	5.088702864907303081e+01
1.860371354282299023e+02	4.551095290447302233e+01
1.873308671182298895e+02	4.352316756507304518e+01
1.886245988072299156e+02	4.251627822187303707e+01
1.899183304972299027e+02	4.003036971357303742e+01
1.912120621862299004e+02	3.720597548747301886e+01
1.925057938762299159e+02	3.641328139567301747e+01
1.937995255652299136e+02	3.507040877607303742e+01
1.950932572542299113e+02	3.415784926677303446e+01
1.963869889442298984e+02	3.373386855387303740e+01
1.976807206332298961e+02	3.245015425947304522e+01
1.989744523232299116e+02	3.270729537277303223e+01
2.002681840122299093e+02	3.160735030437302484e+01
2.015619157022298964e+02	3.016191573407303395e+01
2.028556473912298941e+02	2.919080825117302780e+01
2.041493790812299096e+02	2.903146071697303299e+01
2.054431107702299073e+02	2.822451491617303532e+01
2.067368424602298944e+02	2.859683699867302664e+01
2.080305741492298921e+02	2.805336470867303333e+01
2.093243058382298898e+02	2.722065444257304279e+01
2.106180375282299053e+02	2.649091048507303370e+01
2.119117692172299030e+02	2.509101577067302813e+01
2.132055009072298901e+02	2.578173537517303515e+01
2.144992325962299162e+02	2.604704756997303150e+01
2.157929642862299033e+02	2.624021621017303119e+01
2.170866959752299010e+02	2.726883406907304064e+01
2.183804276652299166e+02	2.966067214277303776e+01
2.196741593542299142e+02	2.932993788987304029e+01
2.209678910432299119e+02	3.010222335127302529e+01
2.222616227332298990e+02	2.959882827067302813e+01
2.235553544222298967e+02	2.960460372237302806e+01
2.248490861122299123e+02	3.064283461837302980e+01
2.261428178012299099e+02	2.909498305587302980e+01
2.274365494912298971e+02	2.849316115647303604e+01
2.287302811802298947e+02	2.831521315837302666e+01
2.300240128702299103e+02	2.744094558027304487e+01
2.313177445592299080e+02	2.638079543377303438e+01
2.326114762492298951e+02	2.650689406657302527e+01
2.339052079382298928e+02	2.729060073167304168e+01
2.351989396272298904e+02	2.814792342447304208e+01
2.364926713172299060e+02	2.719295974037303054e+01
2.377864030062299037e+02	2.644981093667303540e+01
2.390801346962298908e+02	2.731424422527303264e+01
2.403738663852299169e+02	2.839702315597303794e+01
2.416675980752299040e+02	2.853251357337304128e+01
2.429613297642299017e+02	2.809615798257303254e+01
2.442550614542299172e+02	2.711272139817303994e+01
2.455487931432299149e+02	2.579696364667303854e+01
2.468425248332299020e+02	2.461091323167304168e+01
2.481362565222298997e+02	2.482535262367303019e+01
2.494299882112298974e+02	2.477551741867303292e+01
2.507237199012299129e+02	2.301941771767303280e+01
2.520174515902299106e+02	2.190893264077303471e+01
2.533111832802298977e+02	2.208994002607303031e+01
2.546049149692298954e+02	2.078703398967303784e+01
2.558986466592299109e+02	1.985353179237303678e+01
2.571923936072299171e+02	1.937485976487303674e+01
2.584861252962298863e+02	1.952225203777303264e+01
2.597798569862299018e+02	2.040165801307303539e+01
2.610735886752299280e+02	2.142061324387303145e+01
2.623673203652298866e+02	1.955497451087303062e+01
2.636610520542299128e+02	2.005256362227303413e+01
2.649547837442299283e+02	2.073113341597303716e+01
2.662485154332298976e+02	2.115276046067303284e+01
2.675422471232299131e+02	2.076101393967303466e+01
2.688359788122298824e+02	1.919849105147303447e+01
2.701297105022298979e+02	2.132600112227303768e+01
2.714234421912299240e+02	2.064439864427303917e+01
2.727171738802298933e+02	1.996352477337303455e+01
2.740109055702299088e+02	2.029734130167302908e+01
2.753046372592298781e+02	2.109285064007303845e+01
2.765983689492298936e+02	1.970698638227303334e+01
2.778921006382299197e+02	1.938398833537303645e+01
2.791858323282298784e+02	2.018954177167303143e+01
2.804795640172299045e+02	1.997284789347303047e+01
2.817732957072299200e+02	1.887643523477303731e+01
2.830670273962298893e+02	1.833610244057303262e+01
2.843607590852299154e+02	1.891921324997304055e+01
2.856544907752299309e+02	1.881875701217303387e+01
2.869482224642299002e+02	1.847424025797303315e+01
2.882419541542299157e+02	1.845391173627303161e+01
2.895356858432298850e+02	1.889336486127303161e+01
2.908294175332299005e+02	1.934320540687303591e+01
2.921231492222299266e+02	1.850279326707303440e+01
2.934168809122298853e+02	1.863996596597303679e+01
2.947106126012299114e+02	1.795872206947303340e+01
2.960043442912299270e+02	1.717623610757303609e+01
2.972980759802298962e+02	1.702510924607302911e+01
2.985918076692299223e+02	1.681787581707303758e+01
2.998855393592298810e+02	1.796608062057303457e+01
