-1.472495670417979952e+01	7.648560253933359476e+00
-1.427080078223979953e+01	7.451275555433357844e+00
-1.381856079200979970e+01	7.182579724133359989e+00
-1.336445160010979905e+01	7.503887860133358068e+00
-1.291036625007980021e+01	6.727551190233352685e+00
-1.245819587806979989e+01	7.198143689033354775e+00
-1.200415725806979950e+01	7.482742993233355122e+00
-1.155014152625980017e+01	7.799626080333357692e+00
-1.109804124930979974e+01	8.273663250833354965e+00
-1.064407272437980012e+01	8.433159558133359823e+00
-1.019201893905979972e+01	8.647404400733355700e+00
-9.738096905749799248e+00	8.380623547433357245e+00
-9.284198475879799517e+00	8.208866803033354032e+00
-8.832214547199800592e+00	9.168690411433360055e+00
-8.378362728159800099e+00	8.985233990533355808e+00
-7.926425171889800225e+00	9.225807873633355527e+00
-7.472620202099799158e+00	1.056044837653335478e+01
-7.018838478126800062e+00	9.768067089933358815e+00
-6.566970808305799601e+00	1.098876258553335461e+01
-6.113235844173799727e+00	1.173602744753335969e+01
-5.661414636173799586e+00	1.284602424323335867e+01
-5.207726431889799557e+00	1.433978721323335392e+01
-4.755951715509799449e+00	1.530345603643336005e+01
-4.302310181659799504e+00	1.748808356943335696e+01
-3.850581837689799780e+00	2.186679145513335598e+01
-3.396986914669799518e+00	2.651034614263335598e+01
-2.943415356669799809e+00	4.046832343753334982e+01
-2.491756869349799786e+00	1.050317084471333686e+02
-2.038232041399799854e+00	1.714562384761333931e+02
-1.586620045699799419e+00	6.467858588381332083e+02
-1.133141709369799521e+00	5.049212494580133352e+03
-6.815764437097993067e-01	6.799944428170133506e+03
-2.281448374197996287e-01	6.333383881300132998e+03
2.233741750301998508e-01	5.162398041460133754e+03
6.748702993002000383e-01	4.879315033640133151e+03
1.128231810530200718e+00	5.074534760210133754e+03
1.579681204760199797e+00	2.668996674270134008e+03
2.032995985950200257e+00	9.235216986821334331e+02
2.484399603800199863e+00	1.674645545171333936e+02
2.937667654950200991e+00	6.357090064703335486e+01
3.389024542770200377e+00	2.517657920533335769e+01
3.842245863920200399e+00	1.667638084113335495e+01
4.293556021620200447e+00	1.366131660163335759e+01
4.746731566420200998e+00	1.254323646243335943e+01
5.197994994120199941e+00	9.901768414333361079e+00
5.649235533720200486e+00	9.049767224133358212e+00
6.102341460220199743e+00	8.064942089933355263e+00
6.553535269720200951e+00	7.790520398033354610e+00
7.006593512520200129e+00	7.319237439033353887e+00
7.457741545620200974e+00	6.352860180733356010e+00
7.908866690620199869e+00	5.960880963233355700e+00
8.361855315120198640e+00	5.886433331333356556e+00
8.812933730120199982e+00	5.542366711433356130e+00
9.265875624620200313e+00	5.703343121433351648e+00
9.716907309520202318e+00	4.707092968833355151e+00
1.016791705982020133e+01	5.651966778633356725e+00
1.062078838252019963e+01	4.530770031833359468e+00
1.107175235652020007e+01	4.521645275933359187e+00
1.152269153492020237e+01	4.326126782233354895e+00
1.197549419302020013e+01	4.479489056433354932e+00
1.242638568782020059e+01	4.108502117933358733e+00
1.287725620172020058e+01	3.931679455633353637e+00
1.332998828792020163e+01	4.173611370933352660e+00
1.378081302542020126e+01	3.791317669733360152e+00
1.423161296742020099e+01	4.060169903633354949e+00
1.468427638912019972e+01	3.607323376533355663e+00
1.513503055472020264e+01	3.001999585033360063e+00
1.558575992482020212e+01	3.757839886533361540e+00
1.603835468192020031e+01	4.001038281333354263e+00
1.648903827572020120e+01	3.256199566733355422e+00
1.693970088862020162e+01	3.711537091133354949e+00
1.739033870602020215e+01	3.503483502233356361e+00
1.784284000302019990e+01	3.386807171733357436e+00
1.829343204402020007e+01	3.294182507333358600e+00
1.874399928952020034e+01	3.639511792033355508e+00
1.919454555412020014e+01	3.285275189233357374e+00
1.964695339102020100e+01	3.348103253233358778e+00
2.009745387932020222e+01	3.191666333033356118e+00
2.054792957202020176e+01	3.838059155333358952e+00
2.099838237662020290e+01	3.265049664333360191e+00
2.145069675342019977e+01	3.414101330633353637e+00
2.190110378162020055e+01	3.237370221033359030e+00
2.235148792172020293e+01	3.018917767433355603e+00
2.280184917352019980e+01	3.085472790533353660e+00
2.325218753712020003e+01	2.982567517133360102e+00
2.370438556572020161e+01	2.902020184333358177e+00
2.415467815302019972e+01	3.507240979033361850e+00
2.460494594472019969e+01	3.280701367233362031e+00
2.505519084832020127e+01	2.561962811333353685e+00
2.550541286372020267e+01	2.806881634533357595e+00
2.595749645132019978e+01	3.383854596033355033e+00
2.640767269032020081e+01	3.631474224933355366e+00
2.685782604122020345e+01	3.350887982233358819e+00
2.730795650382020412e+01	3.595181195133356766e+00
2.775806026362019807e+01	3.163613049333353189e+00
2.820814494992020016e+01	2.944920269833360305e+00
2.865820674802020207e+01	3.475529400733356145e+00
2.911012630362020204e+01	2.994938580333360800e+00
2.956014232532020358e+01	3.419186322033357150e+00
3.001013164422019841e+01	3.018608776933358051e+00
3.046010188962020138e+01	2.753788678033355364e+00
3.091004543202020116e+01	3.047352520833353839e+00
3.135996990102020376e+01	2.543545452933352990e+00
3.180986766712019786e+01	3.267624585033359175e+00
3.225974254512019712e+01	3.225628582833356628e+00
3.270959834952019918e+01	2.880013195833355244e+00
3.316130809682019986e+01	3.459797589133358553e+00
3.361111431022019502e+01	3.017052380433362213e+00
3.406090145012019832e+01	2.948116986133356043e+00
3.451066188712020022e+01	2.553593365533357140e+00
3.496039943592019483e+01	2.945854870633358047e+00
3.541011409662019815e+01	3.112629620433355004e+00
3.585980586902019951e+01	3.040619580133359090e+00
3.630947475332019536e+01	2.933380810633358760e+00
3.675912074942019814e+01	2.891785351633358481e+00
3.720874385732020073e+01	3.483040539633357024e+00
3.765834026242019661e+01	3.410496441733354089e+00
3.810791759392019884e+01	3.347344128433352051e+00
3.855747203732019557e+01	2.889469830333361244e+00
3.900700359242019744e+01	2.294808117733360575e+00
3.945650844472019969e+01	2.905430523733354420e+00
3.990599422352019587e+01	3.268757550133354339e+00
4.035545711422020076e+01	2.867069928033357584e+00
4.080489330192019537e+01	2.254780499333355781e+00
4.125431041622019990e+01	2.119026867733355690e+00
4.170370082752019414e+01	2.843407360933357886e+00
4.215307216542019830e+01	2.983639447033359815e+00
4.260241680042020107e+01	2.951779095533358710e+00
4.305174236202019955e+01	2.612026898233357208e+00
4.350104122062019485e+01	3.105396954433357060e+00
4.395031719112019886e+01	2.988327710033355178e+00
4.439957408802019501e+01	2.808949200533358503e+00
4.484880428212019865e+01	2.645909039333355750e+00
4.529801158802019501e+01	2.754746167033357729e+00
4.574719982052019418e+01	2.986450878933356368e+00
4.619636135002019728e+01	3.152962414633353916e+00
4.664361934562019485e+01	2.834782330333360800e+00
4.709273509882019937e+01	2.512596814033356107e+00
4.754183177852019782e+01	2.475090710533357274e+00
4.799090175532019487e+01	2.789059368933353156e+00
4.843994884392019884e+01	3.196709362833356050e+00
4.888897304432019553e+01	2.581616131633359679e+00
4.933797435662020092e+01	3.200955120933355325e+00
4.978695278072019903e+01	3.063713757333359045e+00
5.023590831662019696e+01	2.725170819133357014e+00
5.068484096432019470e+01	2.983730999833361430e+00
5.113187389272020056e+01	2.359902111833355853e+00
5.158076076412019972e+01	2.869023053033358028e+00
5.202962474722019692e+01	3.046059338433357411e+00
5.247846202752019451e+01	2.568016735933360994e+00
5.292728023432020024e+01	2.903893200733353552e+00
5.337607555292019867e+01	3.186073986833351857e+00
5.382297115222019812e+01	3.152504650933354302e+00
5.427172069452019798e+01	3.073502270533355230e+00
5.472044734852019587e+01	2.519612042333351898e+00
5.516914729972019416e+01	2.791855542033358173e+00
5.561782817742020057e+01	3.483544079633357882e+00
5.606460933582020090e+01	3.616112439033355663e+00
5.651324443722019453e+01	2.773903576733358634e+00
5.696185665032020040e+01	2.772217480533355261e+00
5.741044216052019777e+01	3.062920300333356050e+00
5.785901241202019207e+01	2.858257977333358735e+00
5.830567531482019206e+01	2.844807354833356339e+00
5.875419216052019067e+01	2.965195385833359065e+00
5.920269374752020042e+01	3.466023175133355227e+00
5.965116481682019867e+01	2.994679180933358609e+00
6.009773616692019971e+01	2.904480664133353596e+00
6.054616908932020181e+01	2.659241406333352931e+00
6.099457149402019240e+01	2.524510113533357636e+00
6.144295101062019171e+01	3.301830975433358351e+00
6.188943843742019624e+01	3.120148388733357425e+00
6.233777217762019518e+01	3.099533764733357621e+00
6.278609065912019105e+01	3.261143414333358859e+00
6.323437862302019141e+01	2.512692181433353156e+00
6.368076686762019278e+01	2.386540142833356803e+00
6.412901668452019521e+01	3.024853436333359458e+00
6.457723598382020214e+01	3.054909436133352418e+00
6.502356319332020007e+01	4.093712536633361765e+00
6.547173671622019242e+01	2.982956616233356950e+00
6.591988735102019348e+01	3.719807354833357227e+00
6.636614589592019797e+01	3.548077313333357186e+00
6.681425075432019867e+01	2.904518811133355527e+00
6.726234035392019450e+01	2.894608227633360009e+00
6.770852260492019070e+01	3.074722973733353903e+00
6.815656642812020038e+01	3.206242291333360139e+00
6.860457973382020214e+01	3.348694531333357371e+00
6.905070094962019311e+01	2.913964001533356107e+00
6.949866847892019450e+01	3.241059033233362197e+00
6.994661312002020281e+01	3.183891980033355384e+00
7.039266567132020214e+01	2.410519329933357824e+00
7.084056453602019587e+01	2.514527050833358146e+00
7.128657131092019483e+01	3.175282208333352063e+00
7.173442439932020420e+01	3.235016552833356318e+00
7.218226222892019450e+01	2.916714398233357652e+00
7.262820033932020181e+01	3.044625012233360906e+00
7.307598476312020352e+01	3.116371838433356967e+00
7.352187709712019625e+01	2.760487286433357834e+00
7.396961574452019761e+01	2.450958935633358760e+00
7.441733150382019346e+01	3.327797619733356083e+00
7.486315517322019275e+01	3.353741375833354965e+00
7.531083278552019067e+01	3.292214123633357303e+00
7.575661067862019138e+01	3.169220654333354759e+00
7.620423488522020250e+01	3.187130658033356934e+00
7.664996700192020285e+01	2.549618450933353042e+00
7.709754543202019761e+01	2.740078656033360538e+00
7.754323177242019938e+01	3.076233593833352042e+00
7.799077205562019799e+01	3.106533734233356103e+00
7.843641261952019761e+01	3.386425701933359900e+00
7.888389949702019521e+01	3.023453442433354788e+00
7.932950191402019868e+01	3.414578167733357539e+00
7.977694301502019414e+01	2.785359112633356560e+00
8.022249202632019660e+01	2.992031781033361426e+00
8.066989498042019591e+01	3.432518689033353887e+00
8.111539821522019622e+01	3.409142224133356880e+00
8.156274776362019452e+01	3.138653485133359400e+00
8.200821285152019868e+01	3.352387158233357756e+00
8.245551662342019483e+01	3.029682843033352668e+00
8.290092830562019799e+01	2.865036694433357400e+00
8.334819393062019799e+01	3.272808758633359627e+00
8.379355983632019900e+01	3.294998852633362674e+00
8.424077968502020042e+01	3.616730419933360086e+00
8.468609981442020285e+01	3.514626232933359518e+00
8.513327388662020212e+01	3.335903851333362535e+00
8.557854823962020419e+01	3.439675061133355971e+00
8.602380733392020318e+01	3.095204083333355172e+00
8.647090511222019416e+01	2.676266400233356713e+00
8.691611843012019278e+01	3.136547772233353015e+00
8.736317806142020004e+01	2.953781811533358503e+00
8.780833797352019587e+01	3.582775799633358016e+00
8.825535182852020455e+01	3.214043347233351167e+00
8.870046596432020181e+01	3.364868847733360813e+00
8.914556484122019242e+01	3.389900891133358574e+00
8.959251003162019344e+01	2.732861248833354129e+00
9.003755550282019726e+01	3.547146527133355320e+00
9.048258571522019622e+01	2.846203534033357130e+00
9.092946224112019138e+01	3.566502301033357192e+00
9.137444667712020419e+01	2.988857952933352546e+00
9.182127742672020076e+01	3.101460186833355337e+00
9.226620845692019657e+01	3.497456280533351336e+00
9.271112422842020351e+01	3.025135723933360055e+00
9.315788631342019244e+01	3.567307202233356289e+00
9.360275630872020258e+01	3.056175915533355880e+00
9.404760341572020366e+01	3.196072308433356657e+00
9.449429683572019201e+01	3.442379681433354044e+00
9.493909816672019986e+01	2.522125927833356318e+00
9.538387660872020035e+01	2.413391796933358702e+00
9.582863216272019713e+01	2.745423046933356481e+00
9.627523403072019903e+01	3.172295300333356938e+00
9.671994380872020258e+01	3.010807721033355033e+00
9.716463832772019771e+01	3.104416577233356289e+00
9.761117153072019903e+01	3.685173718333358828e+00
9.805581264372020200e+01	3.245598523033355498e+00
9.850043086872020126e+01	2.871491162133358976e+00
9.894503383572019573e+01	3.176060406533357749e+00
9.939147548572019275e+01	2.995796887233356465e+00
9.983602504672019506e+01	3.119492260833356845e+00
1.002805593477201995e+02	2.804421154833352414e+00
1.007250631327201944e+02	3.003071514933360220e+00
1.011714132297202013e+02	3.232681958033357894e+00
1.016158788667201947e+02	2.664822308433357989e+00
1.020603139867202032e+02	2.904495922933357122e+00
1.025047338477202032e+02	2.756054608233363012e+00
1.029509923927201953e+02	2.746315686133356415e+00
1.033953664767201985e+02	3.028301922633355403e+00
1.038397176737202017e+02	3.091202465833360336e+00
1.042840459817201975e+02	3.084591595533355157e+00
1.047283437717201906e+02	2.978871075533361612e+00
1.051744955057202020e+02	2.168568341133357613e+00
1.056187551487201972e+02	3.208504406833358136e+00
1.060629919047201923e+02	2.723881451433352474e+00
1.065072057717201943e+02	2.791233746433355645e+00
1.069513967507201926e+02	2.651825634833354872e+00
1.073955648417202013e+02	2.850250927833352765e+00
1.078415716157201985e+02	3.260498730533351708e+00
1.082856939307201998e+02	2.810650555433362285e+00
1.087298009867201927e+02	2.450966565033360300e+00
1.091738775247201971e+02	2.171360699533358751e+00
1.096179311747201979e+02	2.708813397233353015e+00
1.100619619357201913e+02	3.011124340833357671e+00
1.105059774387201941e+02	2.614201275733354368e+00
1.109499624247201979e+02	2.746674267633359090e+00
1.113957937227201995e+02	2.781925885033355694e+00
1.118397329317201923e+02	3.357365338233355700e+00
1.122836568827201944e+02	2.592816082833353519e+00
1.127275503147202045e+02	2.851788250833353633e+00
1.131714284887201956e+02	2.752274243233352902e+00
1.136152837747201971e+02	2.685505596933357886e+00
1.140591085427201961e+02	3.074425427333355554e+00
1.145029180517202008e+02	2.326470105033354940e+00
1.149467046727202018e+02	2.791096417333353230e+00
1.153904684057201990e+02	2.965477673433359662e+00
1.158342092507201926e+02	2.300121991033356128e+00
1.162779195777201977e+02	3.550205914333360191e+00
1.167216146457201944e+02	3.155735699533354310e+00
1.171652868257202016e+02	3.179970471233356744e+00
1.176089361177201909e+02	2.906635968033353556e+00
1.180525701517202037e+02	3.149357525733354368e+00
1.184961736667201961e+02	2.670269696133357851e+00
1.189397542947202027e+02	2.587574688733361938e+00
1.193833120337202018e+02	2.879322735633356611e+00
1.198268468847201973e+02	3.191731182933354560e+00
1.202703664767201985e+02	2.754173962433360323e+00
1.207138555517202008e+02	2.679329602133353472e+00
1.211573293677201946e+02	2.670044628933358144e+00
1.216007726657201857e+02	2.922016827433359776e+00
1.220441930757202016e+02	2.122444836433357018e+00
1.224875982277201985e+02	2.890785900933356078e+00
1.229309728617202069e+02	2.629746167033357729e+00
1.233743322367202069e+02	2.930123059133356467e+00
1.238176763527201985e+02	2.977696148733354864e+00
1.242609899507202016e+02	2.760407177833352321e+00
1.247042730317202057e+02	3.181828228833360583e+00
1.251475408547201909e+02	2.127938000533360796e+00
1.255907781587201981e+02	2.826225964433362492e+00
1.260340002047201864e+02	3.167153088433356078e+00
1.264772069917201947e+02	3.473252026433355066e+00
1.269203832617202039e+02	3.088768689033357884e+00
1.273635442727202047e+02	3.360813824533357419e+00
1.278048131937201930e+02	3.460121838433359187e+00
1.282479131687202027e+02	2.542664257833358477e+00
1.286909978857202077e+02	2.650738446133357407e+00
1.291340673437202042e+02	3.339344708333353395e+00
1.295771062837202123e+02	3.413567273033358163e+00
1.300201299657202014e+02	2.984772412133354980e+00
1.304631231297202021e+02	2.929390637233358241e+00
1.309061010347202227e+02	2.948551861633356808e+00
1.313471868507202203e+02	3.043404309133352914e+00
1.317901189797202051e+02	2.936463086033350933e+00
1.322330358497202099e+02	2.791413037133355868e+00
1.326759222017201978e+02	2.976525036633357768e+00
1.331187780367202151e+02	6.836333545914878500e-07
1.335616186127202241e+02	3.015110699533354754e+00
1.340025823587202183e+02	3.099289624033356283e+00
1.344453771577202019e+02	3.079159466633352604e+00
1.348881414407202044e+02	3.467426983733357115e+00
1.353308904637202090e+02	3.546524731533359009e+00
1.357736242287202231e+02	2.936463086033350933e+00
1.362144659037202246e+02	2.721863476633355372e+00
1.366571538917202133e+02	2.942757336433357018e+00
1.370998113627202031e+02	3.352463452233355845e+00
1.375424535737202234e+02	3.182022778333358115e+00
1.379850652687202057e+02	3.431359021033356438e+00
1.384258001317202229e+02	3.030300824033359319e+00
1.388683660497202084e+02	3.488262860133357179e+00
1.393109167087202138e+02	3.557247845533358710e+00
1.397534368507202203e+02	3.251915661633360433e+00
1.401940954197202132e+02	3.690151898233360317e+00
1.406365697847202227e+02	3.790631024233352964e+00
1.410790288917202133e+02	2.943699566733352313e+00
1.415196111667202103e+02	3.858280865533358028e+00
1.419620244967202041e+02	3.704964367733355690e+00
1.424044073097201988e+02	4.168846814033355663e+00
1.428467748627202241e+02	4.848591534433356998e+00
1.432872655857202062e+02	3.971436230533357037e+00
1.437295873627202241e+02	4.081536023033354610e+00
1.441718938817202229e+02	3.969303814733354141e+00
1.446123235697202176e+02	4.320374218833356927e+00
1.450545690527202112e+02	4.467503277633359637e+00
1.454968145357202047e+02	3.705132214433358495e+00
1.459371679297202036e+02	4.448857037433350925e+00
1.463793523777202097e+02	5.218411175633357324e+00
1.468215215677202252e+02	5.332531659033353577e+00
1.472618139257202188e+02	4.910202710033360063e+00
1.477039373387202090e+02	5.243275372333357609e+00
1.481460302347202003e+02	6.089688031033359650e+00
1.485862462987201980e+02	5.144032208333354284e+00
1.490283086767202008e+02	5.757256237833360046e+00
1.494684789647202194e+02	6.086098400933357411e+00
1.499104955667202148e+02	6.490799633833361781e+00
1.503524816507202218e+02	5.977024762033358307e+00
1.507925909037202246e+02	6.852551190233352685e+00
1.512345312107202062e+02	7.656948773233357208e+00
1.516746099457202206e+02	7.641480175833355482e+00
1.521165044777202127e+02	7.301621167033357729e+00
1.525583837497202069e+02	8.515949932933358113e+00
1.529983709327202064e+02	8.842476574733359129e+00
1.534402044287202216e+02	8.866032330333355915e+00
1.538801610937202042e+02	1.019028922733335918e+01
1.543219488137202120e+02	1.081235953983335563e+01
1.547618597017201978e+02	1.152686759653335358e+01
1.552036016457201981e+02	1.259216376963335549e+01
1.556434667577202049e+02	1.325943061533335410e+01
1.560851629247202084e+02	1.427665015873336074e+01
1.565268438327202034e+02	1.526540824593335799e+01
1.569666326517202037e+02	1.517837592783335410e+01
1.574082677827202019e+02	1.682537910163335582e+01
1.578480260837202138e+02	1.921584388433335278e+01
1.582896154397202224e+02	1.963765784913336176e+01
1.587293127047202006e+02	2.008059760743336497e+01
1.591708562837202123e+02	2.223061057743335311e+01
1.596105230317202199e+02	2.437057944953335209e+01
1.600520208347202242e+02	2.614660712893335415e+01
1.604916418067202244e+02	2.702404853523335859e+01
1.609312475197202161e+02	2.882254859623334653e+01
1.613726690287202246e+02	3.148696204843335167e+01
1.618122289647202194e+02	3.211647102053335345e+01
1.622536046967202026e+02	3.329077979743335902e+01
1.626931188577202079e+02	3.428872749033335765e+01
1.631344640717202026e+02	3.706787177743335349e+01
1.635739324557202110e+02	3.743401405033334584e+01
1.640152166357202077e+02	3.592227241213335276e+01
1.644546392427202193e+02	3.917430183113334863e+01
1.648940465917202118e+02	3.923870917973334826e+01
1.653352697367202211e+02	3.975952979743335902e+01
1.657746160497202084e+02	4.017866584473335934e+01
1.662158086767202008e+02	4.126622840583334551e+01
1.666551244727202175e+02	4.189243385013335796e+01
1.670944097507202173e+02	4.073848029793335002e+01
1.675355260837202138e+02	4.143594428713335276e+01
1.679747655857202062e+02	4.240567084963335986e+01
1.684158361427202237e+02	3.938619300543335555e+01
1.688550451267201993e+02	4.138150092783336476e+01
1.692942083347202242e+02	4.152910682383335228e+01
1.697352178567202259e+02	4.078157874763335400e+01
1.701743505467202056e+02	4.026509925543336266e+01
1.706134679787202231e+02	3.895838233643334547e+01
1.710544012057202110e+02	3.829640266123336545e+01
1.714934728617202211e+02	3.949577399903335362e+01
1.719325139987202249e+02	3.755322333993336059e+01
1.723733861917202148e+02	3.732929298103334759e+01
1.728123815527202112e+02	3.829355689703336196e+01
1.732513616547201991e+02	3.798935767823334686e+01
1.736921728127202016e+02	3.747354194343335365e+01
1.741311071387202105e+02	3.577455970463334722e+01
1.745700109467202026e+02	3.571998664553334635e+01
1.750088994967202041e+02	3.474661323243334721e+01
1.754496191017202023e+02	3.453463813483336509e+01
1.758884618747202069e+02	3.514956733403334965e+01
1.763272741307202125e+02	3.476545783693335778e+01
1.767679326997202054e+02	3.409046241463335747e+01
1.772067144387202120e+02	3.225466987313335210e+01
1.776454656587202123e+02	3.252964088143335886e+01
1.780842016207202221e+02	3.182779761973335297e+01
1.785247533787202201e+02	3.021476813973335851e+01
1.789634435647202224e+02	3.023510810553336370e+01
1.794021184907201985e+02	2.993301459963334921e+01
1.798407629007202218e+02	2.765562507333336129e+01
1.802793767917202103e+02	2.672253867803335936e+01
1.807198369967202041e+02	2.711710044563335487e+01
1.811584051127202031e+02	2.452274390873335719e+01
1.815969732277202127e+02	2.317554542243335902e+01
1.820354955667202148e+02	2.437460395513335953e+01
1.824740179047201991e+02	2.248240348513336428e+01
1.829143560397202180e+02	2.239965507203335804e+01
1.833528173437202042e+02	2.137017890633335426e+01
1.837912633887202105e+02	2.102826377573335748e+01
1.842296941747202084e+02	2.082153007203335449e+01
1.846680944437202072e+02	1.984570380863335259e+01
1.851064794527202082e+02	1.964246055303336291e+01
1.855466802587202153e+02	1.901975318613335375e+01
1.859850194917202089e+02	1.871064063723335735e+01
1.864233282077202034e+02	1.713837501223336091e+01
1.868616216647202180e+02	1.734303352053335701e+01
1.872998846047202051e+02	1.650713798223335615e+01
1.877381322847202227e+02	1.617444678963335392e+01
1.881763647067202214e+02	1.641591712653335833e+01
1.886145666117202211e+02	1.671373054203335684e+01
1.890527379977202145e+02	1.622110435183336108e+01
1.894927556977202130e+02	1.624422141733335678e+01
1.899308813087202168e+02	1.517305442513335834e+01
1.903690069187202027e+02	1.496546241463335569e+01
1.908070867527202097e+02	1.617293235483335323e+01
1.912451665867202166e+02	1.453306647953335684e+01
1.916832159037202246e+02	1.540842506113335730e+01
1.921212347017201978e+02	1.432832786263335834e+01
1.925592382417202089e+02	1.492211600953335982e+01
1.929972265237202009e+02	1.418843909913335821e+01
1.934351842867202151e+02	1.465132972413335821e+01
1.938731267917202103e+02	1.493064567263335718e+01
1.943110387797202065e+02	1.443266364753335651e+01
1.947489355077202049e+02	1.406126853643335650e+01
1.951868017187202042e+02	1.447379371343335563e+01
1.956246526707202236e+02	1.434365150153335655e+01
1.960624883637202061e+02	1.422525092783335765e+01
1.965002935397202180e+02	1.356080695803335878e+01
1.969380681977202130e+02	1.451118156133335368e+01
1.973758275977202175e+02	1.454763862313335743e+01
1.978135717377202241e+02	1.426086494143336125e+01
1.982512853617202211e+02	1.257083198243335787e+01
1.986889837257202203e+02	1.374976417243335725e+01
1.991266668307202110e+02	1.399239036263335301e+01
1.995643194187202027e+02	1.357717200933335810e+01
2.000019414887202061e+02	1.287965079963336024e+01
2.004395483007202188e+02	1.299202415163335900e+01
2.008771398537202231e+02	1.255301734623336074e+01
2.013147008887202105e+02	1.314393684083335856e+01
2.017522466647202180e+02	1.268718406373335839e+01
2.021897619237201980e+02	1.278454276743335249e+01
2.026272619237201980e+02	1.311081382453335564e+01
2.030647314057202095e+02	1.207077476203335742e+01
2.035021856297202021e+02	1.315282508553335639e+01
2.039377782807202095e+02	1.247862693483335228e+01
2.043751867287202231e+02	1.260142585453335506e+01
2.048125646577202019e+02	1.197100516973335793e+01
2.052499273287202186e+02	1.173541328133335249e+01
2.056872747407201985e+02	1.192764350593336076e+01
2.061245916357202077e+02	1.207598563843335704e+01
2.065618932717202085e+02	1.300946876223335913e+01
2.069991796487202009e+02	1.118648597413335644e+01
2.074345891947202176e+02	1.197845908823335748e+01
2.078718145357202047e+02	1.195848914803335283e+01
2.083090246187202013e+02	1.202682944953335742e+01
2.087462194437202072e+02	1.206895896613335850e+01
2.091833837497202069e+02	1.253318473513335896e+01
2.096205327977202160e+02	1.137434455573335867e+01
2.100558202737202009e+02	1.178741141973335615e+01
2.104929082857202047e+02	1.174370643313335805e+01
2.109299962987201980e+02	1.160963508303335701e+01
2.113670537937202027e+02	1.164379569703335804e+01
2.118040960297201991e+02	1.091910621343335386e+01
2.122392614357202092e+02	1.117727729493335964e+01
2.126762578957201981e+02	1.126624366463335392e+01
2.131132238377201986e+02	1.156579276743335782e+01
2.135501745217202085e+02	1.178228828133335604e+01
2.139870946877202016e+02	1.194248649293336051e+01
2.144221532807202095e+02	1.231461402593335919e+01
2.148590429297202036e+02	1.175560828863336127e+01
2.152959020607202092e+02	1.116454383553335816e+01
2.157327306737201980e+02	1.143913718873335839e+01
2.161677129737201994e+02	1.218730231943335518e+01
2.166045110697202176e+02	1.136023399053335581e+01
2.170412786477202189e+02	1.146223518073335867e+01
2.174780309667202118e+02	1.099355003053335267e+01
2.179129064547202006e+02	1.179374763193335163e+01
2.183496129977202145e+02	1.208956596073335632e+01
2.187863042817202199e+02	1.174352714243335782e+01
2.192211187357202107e+02	1.188361045533335769e+01
2.196577642427202193e+02	1.169884177863335672e+01
2.200943792337202183e+02	1.188919135743335609e+01
2.205291479097202227e+02	1.235055228883336298e+01
2.209657171237202249e+02	1.265964194953335920e+01
2.214022710787202186e+02	1.278113624273336058e+01
2.218369634617202166e+02	1.251945563973335851e+01
2.222734716407202029e+02	1.295438453373336074e+01
2.227099493017202008e+02	1.375940772713335569e+01
2.231445806497202113e+02	1.278747245493335782e+01
2.235810277927202208e+02	1.376796027833336211e+01
2.240174444187202027e+02	1.374111243903335478e+01
2.244519994727202175e+02	1.357304450693335696e+01
2.248883855807202110e+02	1.274952384653335535e+01
2.253247411717202056e+02	1.273744651493335844e+01
2.257592351907202044e+02	1.313414451303336072e+01
2.261955450047202021e+02	1.272965308843335741e+01
2.266299932467202041e+02	1.205491325083335497e+01
2.270662572847202227e+02	1.157039329233335501e+01
2.275025060647202224e+02	1.183007880863335615e+01
2.279368932717202085e+02	1.206270286263335834e+01
2.283730962747202113e+02	1.190027686773335880e+01
2.288074377047202006e+02	1.160619041143335828e+01
2.292435949317202244e+02	1.203940269173335231e+01
2.296778905857202062e+02	1.190742942513335656e+01
2.301140020357202047e+02	1.171101829233335501e+01
2.305482671727202160e+02	1.127021094973335913e+01
2.309843328467202070e+02	1.115186759653335180e+01
2.314203832617202181e+02	1.082850715333335678e+01
2.318545721047202051e+02	1.155837699593335266e+01
2.322905767427202193e+02	1.114881965333336211e+01
2.327247198097201988e+02	1.207904502573335215e+01
2.331606786717202056e+02	1.246065971073335632e+01
2.335947912207202251e+02	1.210977622683335753e+01
2.340307043067202244e+02	1.184727927863335850e+01
2.344647710787202186e+02	1.227925941163336176e+01
2.349006383887202105e+02	1.135297843633335901e+01
2.353346593847202257e+02	1.158619758303336056e+01
2.357704809177202208e+02	1.155648490603335787e+01
2.362044561377202001e+02	1.209526893313336160e+01
2.366402471537202246e+02	1.268206092533335827e+01
2.370741765967202070e+02	1.181690665903335713e+01
2.375080755227202189e+02	1.183972236333335459e+01
2.379438055027202097e+02	1.293554755863335615e+01
2.383776586527202141e+02	1.143754264533335707e+01
2.388133428567202259e+02	1.263833686533335587e+01
2.392471502297202051e+02	1.232944175423335764e+01
2.396827886567202199e+02	1.274395057383335939e+01
2.401165655127202001e+02	1.225422736823335867e+01
2.405503271097202003e+02	1.221495505983335406e+01
2.409858892427202193e+02	1.251789924323335690e+01
2.414196050637202120e+02	1.240738746343335741e+01
2.418551214207202236e+02	1.260529014283335769e+01
2.422887914647202194e+02	1.241906806643335948e+01
2.427224309907201985e+02	1.267123862923335231e+01
2.431579015717202026e+02	1.210802146613335317e+01
2.435914953217202026e+02	1.198152610483335323e+01
2.440269201267201993e+02	1.210329887093335621e+01
2.444604681007202203e+02	1.189564963993335844e+01
2.448940160737202234e+02	1.165972205813335805e+01
2.453293645847202242e+02	1.237733527833336211e+01
2.457628515237202009e+02	1.146550437623335839e+01
2.461963232027202082e+02	1.108007880863335615e+01
2.466316106787202216e+02	1.254919120493335427e+01
2.470650365817202214e+02	9.931664196833358105e+00
2.474984472267202023e+02	1.133366843873335839e+01
2.479336736667202103e+02	1.146819373783335472e+01
2.483670385347202227e+02	1.164218208013335421e+01
2.488003728857202077e+02	1.058702155763335107e+01
2.492336919777202127e+02	1.065049430543336051e+01
2.496688268647201880e+02	1.131567069703336159e+01
2.501021154397201940e+02	1.049408408823335570e+01
2.505353429787202231e+02	1.019036170663335916e+01
2.509704320897201910e+02	9.466809002733352685e+00
2.514036291117201927e+02	9.590004650933353858e+00
2.518368261327202049e+02	1.003826972663335759e+01
2.522699926367201897e+02	1.008469840703335407e+01
2.527049596777202396e+02	1.006848212893335770e+01
2.531380956637202075e+02	9.278759686333357237e+00
2.535712011327202049e+02	1.023511573493335369e+01
2.540042760837201854e+02	9.611904827933354767e+00
2.544391820897201910e+02	1.017730018313335805e+01
2.548722265237202009e+02	9.749066082833355296e+00
2.553052404397201940e+02	9.401634899933362988e+00
2.557382238377202270e+02	9.355221478333360707e+00
2.561712072367201927e+02	9.205979077233356733e+00
2.566059911717202340e+02	9.524697033733358964e+00
2.570389135347202227e+02	9.188893048133358832e+00
2.574718358987202009e+02	9.268437115533354032e+00
2.579046972267202023e+02	9.269543377733352685e+00
2.583375585547202036e+02	8.839089123633357303e+00
2.587704198827202049e+02	9.839665142833355915e+00
2.592050817477202145e+02	8.568680493233353346e+00
2.596378820407202284e+02	9.466633526633353668e+00
2.600706518167202148e+02	1.005865546883335604e+01
2.605033910737201950e+02	9.271027294933359642e+00
2.609361303317202214e+02	9.381520001233358386e+00
2.613688390717202310e+02	9.153397290133362674e+00
2.618015478127202300e+02	8.692280499333355337e+00
2.622360570897201910e+02	9.050244061333359014e+00
2.626687047947202132e+02	9.255783764733358510e+00
2.631013219827202079e+02	8.969231335533358163e+00
2.635339391697202132e+02	9.700825421233357559e+00
2.639665258397201910e+02	9.201851574733359129e+00
2.643990819917202089e+02	9.474602429233355494e+00
2.648316076267201993e+02	8.831867901633357221e+00
2.652641332617201897e+02	9.104237286433356502e+00
2.656966283787202201e+02	9.779877392633355981e+00
2.661290929787202231e+02	9.465996472233355163e+00
2.665615575777202366e+02	9.926460949733357353e+00
2.669939916597202227e+02	1.009986945803335878e+01
2.674263952247202383e+02	9.670941082833358848e+00
2.678587987887202075e+02	9.869660107433361418e+00
2.682930028907202313e+02	9.372151104833356783e+00
2.687253454197202132e+02	9.591320721533355353e+00
2.691576574317202244e+02	9.773640362633356560e+00
2.695899694437202356e+02	1.003358527833336034e+01
2.700222509377202300e+02	9.915581433133359823e+00
2.704545019137202075e+02	9.348694531333354263e+00
2.708867528907202313e+02	1.006145545663335916e+01
2.713189733497202383e+02	9.563141552833355874e+00
2.717511632907202284e+02	9.967037884533361591e+00
2.721833227147201910e+02	9.023857800333358270e+00
2.726154821387202105e+02	9.952946392833359468e+00
2.730476110447202132e+02	1.018210288703335742e+01
2.734778783787202201e+02	9.917591778633358501e+00
2.739099767677201953e+02	9.881977764933358443e+00
2.743420446387202105e+02	9.852661816433359476e+00
2.747740819917202089e+02	9.934254376233358386e+00
2.752061193457201966e+02	1.063367149053335758e+01
2.756381261817202244e+02	1.146638175663336057e+01
2.760701024997202353e+02	1.110762473763335478e+01
2.765020483007202188e+02	1.155861732183335988e+01
2.769339941017202023e+02	1.020007774053335581e+01
2.773659093847202257e+02	9.807915417533354940e+00
2.777977941507202218e+02	9.534741131633358791e+00
2.782296789157202284e+02	9.698483197033358039e+00
2.786615026467202370e+02	9.209904400733353924e+00
2.790915258397201910e+02	9.617211071833354552e+00
2.795233190527202396e+02	9.310829846233355411e+00
2.799551122657202313e+02	9.568581311133353751e+00
2.803868749607202062e+02	9.557697979833353230e+00
2.808186071387202105e+02	9.459706036433356502e+00
2.812503393167202148e+02	1.009793922123335719e+01
2.816820409767202023e+02	8.451473919733356155e+00
2.821118810647201940e+02	8.807759014933356667e+00
2.825435522067202214e+02	8.471070019633355486e+00
2.829751623147201940e+02	8.969269482433357865e+00
2.834068029397201940e+02	8.826195446833358105e+00
2.838383825297202065e+02	8.577332226633357593e+00
2.842699621187202297e+02	9.853558270333357072e+00
2.846996801367201897e+02	8.327767102133357469e+00
2.851311986917202148e+02	8.268597332833355296e+00
2.855627172457201937e+02	8.696068493733354998e+00
2.859942052827202019e+02	8.799267498833355461e+00
2.864256628027202396e+02	8.477158276433351958e+00
2.868552587497202353e+02	9.081616131633357014e+00
2.872866857517201993e+02	8.790142742933360509e+00
2.877180822367201927e+02	8.621136395333357072e+00
2.881494787207201966e+02	8.620300976633359369e+00
2.885789831147201880e+02	8.756199566733357642e+00
2.890103185647201940e+02	9.105690686133353751e+00
2.894416540137202105e+02	8.724003521833356700e+00
2.898729284277202396e+02	8.841755596933358774e+00
2.903023717867201867e+02	8.032135693433360757e+00
2.907336156837201884e+02	8.603199688733358386e+00
2.911648595797202006e+02	8.372093884333359881e+00
2.915960424417202148e+02	9.108582226633355816e+00
2.920254247657202313e+02	8.300026623633355527e+00
2.924565771097202287e+02	8.776070324733360906e+00
2.928876989357202092e+02	8.153523175133354783e+00
2.933170202247202383e+02	8.210621563733358386e+00
2.937481115327202019e+02	8.655117718533361426e+00
2.941791723237201950e+02	8.135445324733360906e+00
2.946084020607202092e+02	8.228359906033359650e+00
2.950394323337201854e+02	8.665039746133356147e+00
2.954704626077202079e+02	9.030914990333354098e+00
2.958996313087201884e+02	8.508034436133357303e+00
2.963306005467202340e+02	8.247551648033358163e+00
2.967615392677201953e+02	9.155110089133355444e+00
2.971906469337201884e+02	8.237221447833354304e+00
2.976215551367201897e+02	8.431923596233360740e+00
2.980524328217202310e+02	8.551155773933357906e+00
2.984814489357202092e+02	8.596562115533355808e+00
2.989122961037202231e+02	7.657353131133363355e+00
2.993412816987201950e+02	8.865479199233359253e+00
2.997720983497202383e+02	8.216957775933353858e+00
