-1.153363155345812707e+01	2.676925868934441066e+00
-1.118722366315812700e+01	2.960464687334441791e+00
-1.084083007795812748e+01	2.959846706334441357e+00
-1.049445270515812645e+01	2.833729000034444390e+00
-1.014809059125812674e+01	3.016609401634442023e+00
-9.801742782358127570e+00	3.606422634034442964e+00
-9.455411186058126916e+00	3.622520656534445660e+00
-9.109093894758126808e+00	3.518779964434437968e+00
-8.762791862258126230e+00	4.368896694134445369e+00
-8.416505088658126965e+00	4.196953029534443935e+00
-8.070233573758127221e+00	4.225189418734442981e+00
-7.725503196558127783e+00	3.784950466134443303e+00
-7.379262199158127089e+00	5.080345363534443770e+00
-7.033035506958126959e+00	4.156616420734440709e+00
-6.686825027268126220e+00	4.964729518834440469e+00
-6.340629806318126782e+00	4.689182491234441308e+00
-5.994448890488127901e+00	5.468696804034437697e+00
-5.648283233448127660e+00	5.196262569334443526e+00
-5.302133788868127695e+00	4.570579738534443770e+00
-4.957523097798127054e+00	5.592659206334439581e+00
-4.611403217118127174e+00	6.441578121134444501e+00
-4.265298595228125933e+00	7.184776515934438557e+00
-3.919208755298126956e+00	7.961937160434444216e+00
-3.573134174148126174e+00	9.151313991534440362e+00
-3.227074851798126698e+00	1.092786046973444058e+01
-2.882555236618126404e+00	1.333524724953444007e+01
-2.536525955008126498e+00	2.541125127783444881e+01
-2.190512409018126494e+00	9.911544439263444417e+01
-1.844513644978126532e+00	1.718138391686344448e+02
-1.498529662888126612e+00	4.229012109946344253e+02
-1.154085387988126765e+00	9.979750024976344775e+02
-8.081321618981265331e-01	1.387888332577634401e+03
-4.621939561781265304e-01	1.955673000547634501e+03
-1.162707708281267571e-01	2.057283474177634616e+03
2.281134225918735048e-01	1.951285671447634513e+03
5.740063287818735205e-01	1.987649563047634501e+03
9.198839761818735639e-01	1.327024196837634463e+03
1.265746484001873506e+00	6.828167383386345364e+02
1.610070476731873423e+00	1.732215082356344453e+02
1.955902824601873480e+00	9.511922857263444087e+01
2.301720032887873302e+00	1.479726049413444500e+01
2.647522101597873601e+00	8.200939388234440131e+00
2.991785774426873434e+00	6.890567989334443588e+00
3.337557653384873646e+00	5.128967494934436822e+00
3.683314392762873535e+00	3.899700374534444958e+00
4.027532944871873966e+00	3.289169521234445615e+00
4.373259434891873632e+00	3.209408016134442043e+00
4.718970904541873068e+00	2.438781948034441260e+00
5.063144216731872760e+00	2.513195247634446794e+00
5.408825407221873327e+00	1.500927181234442687e+00
5.754491577341873665e+00	1.732673854734437580e+00
6.098619947631872762e+00	1.717754573734445289e+00
6.444255838591873342e+00	1.976574153834445458e+00
6.789876470761873506e+00	1.378208370134440086e+00
7.133959541511872615e+00	1.646854610434446142e+00
7.479550132951873209e+00	1.552612514434439595e+00
7.825125942421873759e+00	9.305383872344488161e-01
8.169163952071873069e+00	1.145149440734447799e+00
8.514709243971873676e+00	2.051784725134442322e+00
8.860239277081873865e+00	1.371170253734444122e+00
9.204231987191873188e+00	8.593027305344442812e-01
9.549731979561872919e+00	1.062854976634448168e+00
9.893695125771873933e+00	1.165645809134440380e+00
1.023916507740187321e+01	6.095850181344462104e-01
1.058461977024187384e+01	6.894418906344481623e-01
1.092853761692187398e+01	1.058391780834442963e+00
1.127396179219187289e+01	8.425714683344437406e-01
1.161785007496187383e+01	1.050762386234441959e+00
1.196324420948187317e+01	4.540102195344449254e-01
1.230710197468187239e+01	6.724054526344419580e-01
1.265246654530187342e+01	1.107395381834443304e+00
1.299629379292187359e+01	9.978296470344414359e-01
1.334162784594187379e+01	5.944330405344427914e-01
1.368542552964187209e+01	2.920191001344399351e-01
1.403073001884187221e+01	1.035942287434444831e+00
1.437601829544187382e+01	8.548166465344430032e-01
1.471977115654187251e+01	1.068069667734445227e+00
1.506502986924187226e+01	8.732568931344427687e-01
1.540875316644187265e+01	5.437509727344429500e-01
1.575398136154187334e+01	5.095178794344459305e-01
1.609767414114187289e+01	1.055843563034440269e+00
1.644135166184187469e+01	8.470804404344458582e-01
1.678653503434187400e+01	8.274500083344400458e-01
1.713018299124187394e+01	7.028047751344440597e-01
1.747533584614187419e+01	7.755586814344445079e-01
1.781895423904187226e+01	7.536737632344436832e-01
1.816407657644187523e+01	7.881586265344433517e-01
1.850766445184187248e+01	4.536287498344427349e-01
1.885275817894187256e+01	1.041424007334444291e+00
1.919631649034187149e+01	8.865282249344424992e-01
1.953985858934187192e+01	4.611475181344432683e-01
1.988490558644187445e+01	1.226314754434445264e+00
2.022841907524187377e+01	7.888338279344458970e-01
2.057343746204187340e+01	9.797060203344453155e-01
2.091692043324187367e+01	5.731050681344430631e-01
2.126190830254187247e+01	6.841394614344468161e-01
2.160536075614187368e+01	5.565263938344454653e-01
2.194879795094187358e+01	9.116327476344467939e-01
2.229374004384187202e+01	1.433412742344395419e-01
2.263714862844187437e+01	7.322961997344427099e-01
2.298054195424187185e+01	2.097344393725092827e-07
2.332544017814187143e+01	9.863550376344427661e-01
2.366880298634187341e+01	9.512788962344477239e-01
2.401215053574187408e+01	2.225992393344453368e-01
2.435700298324187330e+01	4.934732627344460276e-01
2.470032192254187464e+01	5.279695701344437886e-01
2.504362369554187140e+01	4.811327170344461002e-01
2.538843227404187175e+01	2.961427878344453091e-01
2.573170543694187273e+01	1.444248409234441866e+00
2.607496334094187418e+01	8.203012656344436104e-01
2.641972614304187417e+01	7.931596946344408039e-01
2.676295352954187123e+01	3.779756736344443979e-01
2.710616756454187382e+01	1.209667415534444679e+00
2.745088459034187167e+01	7.626268577344447186e-01
2.779406810784187343e+01	4.541742515344457942e-01
2.813723636644187209e+01	5.810434531344490505e-01
2.848038936634187124e+01	1.161991329134438811e+00
2.882504726434187248e+01	2.723123740344495780e-01
2.916817165394187228e+01	5.599825095344371784e-01
2.951127887744187461e+01	4.893877219344484608e-01
2.985437274954187359e+01	1.262249202634442513e+00
3.019897151964187287e+01	7.914621543344468879e-01
3.054203487414187279e+01	6.060678672344405049e-01
3.088508296984187140e+01	8.903085898344461624e-01
3.122811771414187376e+01	5.163976663443951148e-02
3.157265544914187316e+01	4.480097007344448490e-01
3.191565967584187291e+01	3.676988792344434431e-01
3.225864864364187667e+01	9.042055320344425384e-01
3.260162235284187204e+01	8.087236594344433538e-01
3.294458271044187825e+01	4.333231162344463039e-01
3.328752590194187633e+01	6.672594260344451023e-01
3.363197399154187650e+01	7.899248313344447991e-01
3.397488857284187702e+01	2.273485374344401122e-01
3.431778789544187447e+01	4.996454429344432402e-01
3.466067195914187238e+01	1.170541953344446939e-01
3.500354267144187759e+01	9.289171409344394448e-01
3.534639812484187615e+01	4.651338767344456171e-01
3.569075466174187738e+01	7.089655112344432908e-01
3.603358150504187307e+01	7.703516196344410982e-01
3.637638927484187690e+01	9.461748313344414685e-01
3.671918560044187529e+01	7.880937766344423556e-01
3.706196666734187772e+01	1.345188350634440422e+00
3.740473247544187529e+01	6.397745322344480234e-01
3.774748302484187690e+01	4.916994285344410409e-01
3.809021831534187896e+01	1.011352748834443815e+00
3.843293834704187617e+01	5.864870261344479196e-01
3.877716136954187931e+01	8.707163047344436135e-01
3.911985088364187391e+01	3.438417625344425410e-01
3.946252513904187964e+01	6.499330710344403128e-01
3.980518795034187463e+01	4.165613364344461500e-01
4.014783550284187896e+01	6.811258506344418651e-01
4.049046398184187723e+01	1.140506954134441697e+00
4.083308101674187895e+01	1.004253597234441298e+00
4.117568279284187582e+01	5.945360374344398346e-01
4.151826931024187672e+01	6.770021628344483622e-01
4.186084056874187809e+01	1.121223659434444020e+00
4.220339656854187638e+01	1.026268215134441775e+00
4.254594112414187634e+01	8.374178123344434566e-01
4.288846660634187913e+01	9.625589561344412015e-01
4.323098064444187827e+01	8.554193687344435748e-01
4.357347560904187844e+01	4.310495566344423879e-01
4.391595912954187497e+01	8.871080588344443241e-01
4.425842739124187375e+01	1.278473110134443314e+00
4.460088039414187477e+01	1.374847621834446310e+00
4.494331813834187983e+01	7.885324668344420029e-01
4.528574062364187824e+01	1.066330165834441734e+00
4.562814785024187358e+01	1.703514308834449986e+00
4.597053981804187828e+01	1.635963649734446523e+00
4.631292034164187754e+01	8.750803184344490004e-01
4.665528179184187962e+01	1.478641719734442583e+00
4.699763179794187806e+01	1.971477718334442741e+00
4.733996273064187932e+01	1.814838619134444997e+00
4.768228221914187515e+01	2.009029598134440597e+00
4.802458644884187322e+01	1.546283931634444997e+00
4.836536098504187464e+01	1.699066371834444533e+00
4.870763469714187721e+01	2.324142665834437516e+00
4.904989315054187671e+01	1.844871730734444881e+00
4.939214015984187967e+01	3.134514064734441607e+00
4.973436809564187655e+01	2.704448909734441298e+00
5.007658077264187568e+01	2.502636165534441126e+00
5.041878200554187828e+01	1.935333461734444871e+00
5.076096797964187601e+01	2.716064662834441812e+00
5.110313869494187600e+01	3.002559871634445265e+00
5.144377971664187754e+01	3.243538112634444470e+00
5.178591991444187670e+01	3.239624233234444262e+00
5.212804485344187810e+01	3.773704738534443770e+00
5.247015453354187997e+01	3.796482295934444195e+00
5.281224895494187876e+01	4.031856746634445265e+00
5.315433193224187391e+01	4.571090908034447509e+00
5.349488521594187773e+01	4.851852626734443952e+00
5.383693386094187616e+01	4.107250423334448897e+00
5.417897106194187984e+01	5.452137203134446608e+00
5.452099300404187687e+01	7.034210414834444869e+00
5.486299968734187615e+01	7.078949184334442535e+00
5.520347667714187878e+01	7.959289760534441704e+00
5.554545284294187724e+01	7.037727565734443580e+00
5.588741756454187737e+01	7.909404964434440188e+00
5.622936321274187321e+01	8.865520687034443625e+00
5.657129741684187962e+01	1.043967840193444019e+01
5.691170192734187339e+01	1.039513799663444260e+01
5.725360561394187897e+01	1.210515615453444482e+01
5.759549022694187670e+01	1.245139715193444196e+01
5.793736339584187789e+01	1.451351949683444253e+01
5.827771068594187653e+01	1.565149328223444236e+01
5.861955333734187690e+01	1.563092443463444070e+01
5.896138454454187894e+01	1.734573003763443921e+01
5.930168224354187601e+01	2.071179983133443869e+01
5.964348293324187722e+01	2.411642095563445309e+01
5.998526836414187358e+01	2.585379430763445896e+01
6.032703472154187807e+01	2.613165685643445002e+01
6.066727901474187945e+01	2.936068365093444754e+01
6.100901866934187723e+01	3.276383611673445273e+01
6.135074306504187547e+01	3.714277288433444824e+01
6.169094158194187827e+01	3.738385412213445846e+01
6.203263546014187568e+01	4.065905401223444926e+01
6.237431789414187477e+01	4.617808172223445240e+01
6.271447063464187721e+01	5.366543218603445098e+01
6.305612255114187548e+01	5.801070806493444820e+01
6.339775920884187599e+01	5.848918554303445916e+01
6.373786617294187806e+01	6.499976751363445260e+01
6.407947231314187775e+01	7.611422368963445706e+01
6.442106700914187911e+01	8.685597631463444657e+01
6.476113201164187672e+01	8.792953130763444847e+01
6.510269237534187425e+01	9.340815374363445756e+01
6.544272686024187635e+01	1.041140405846344521e+02
6.578426052114187428e+01	1.245790064046344412e+02
6.612577892324186735e+01	1.317170831866343974e+02
6.646577144644187740e+01	1.384408991046344397e+02
6.680725933094187496e+01	1.486735346026344473e+02
6.714722133654187530e+01	1.684277612876344392e+02
6.748867488884187082e+01	1.874120905116344318e+02
6.782861019154186977e+01	1.956138269616344303e+02
6.817004085564187221e+01	2.025654413416344255e+02
6.851145626084186802e+01	2.191990320396344600e+02
6.885134578724186838e+01	2.448262903406344435e+02
6.919273067494187046e+01	2.581491968346344379e+02
6.953258968374187532e+01	2.621840784266344144e+02
6.987394405384186769e+01	2.676520960046344157e+02
7.021377254504186283e+01	2.968227808186344419e+02
7.055509639764187568e+01	3.152864954186344448e+02
7.089489437124187532e+01	3.221995203206344627e+02
7.123619533554186489e+01	3.308178980066344366e+02
7.157596279164187081e+01	3.396865198326344171e+02
7.191722560904186423e+01	3.690609705166344270e+02
7.225697017694186286e+01	3.796703455166344270e+02
7.259821010614186321e+01	3.735263025476344296e+02
7.293791652694187633e+01	3.694543726156343837e+02
7.327912593864186874e+01	3.802007105066344366e+02
7.361880947134187636e+01	3.927994043536344293e+02
7.395998836534187149e+01	3.998411829186343880e+02
7.429964138054187117e+01	3.890146448326344171e+02
7.463927913684186422e+01	3.963773767666344270e+02
7.498041225454187497e+01	4.070216638756344310e+02
7.532001949334187429e+01	4.212668115806344531e+02
7.566112209344187534e+01	4.221987268636344197e+02
7.600070644394186559e+01	4.170506860926344643e+02
7.634177852654187291e+01	4.192448084066344336e+02
7.668133235954186944e+01	4.282102014736344131e+02
7.702086330434187289e+01	4.232742883876344422e+02
7.736189723984186628e+01	4.164011499596344379e+02
7.770139766714187601e+01	4.137407495686344419e+02
7.804240108514187568e+01	4.192675134846344349e+02
7.838187862414187634e+01	4.233316919516344115e+02
7.872134090444187393e+01	4.146383936116344557e+02
7.906229854604187324e+01	4.110935022546344157e+02
7.940173030874187532e+01	4.201614038656344405e+02
7.974114681264187254e+01	4.270303613856344214e+02
8.008205867784187149e+01	4.224933740806344531e+02
8.042144466424187499e+01	4.190181543536343725e+02
8.076082302114187428e+01	4.140897485926344643e+02
8.110168911004187464e+01	4.220556299396344571e+02
8.144103694934186422e+01	4.229606897546344157e+02
8.178036190054186250e+01	4.197094995686344419e+02
8.212118984244186493e+01	4.140047571376344422e+02
8.246049190544187013e+01	4.128784143636344197e+02
8.279977870964187048e+01	4.255484583086344514e+02
8.313905025504186597e+01	4.304211389736344131e+02
8.347980953234187496e+01	4.328865320396344600e+02
8.381905056024186251e+01	4.280818445396344600e+02
8.415828395864187428e+01	4.286035425376344392e+02
8.449900508904187291e+01	4.367226526446343655e+02
8.483820034044187253e+01	4.304543726156344405e+02
8.517738033314186907e+01	4.168870203206344627e+02
8.551655269644186319e+01	4.166245996666344240e+02
8.585721279164187081e+01	4.282061426356344214e+02
8.619635463734186942e+01	4.296659509846343781e+02
8.653548122424186317e+01	4.216237146566344336e+02
8.687458492294186385e+01	4.156171838946344224e+02
8.721368099234186388e+01	4.216657983966344432e+02
8.755427242294186385e+01	4.271112024496344475e+02
8.789333797474186838e+01	4.265818445396344600e+02
8.823238826774186805e+01	4.158239710046344157e+02
8.857142330194186286e+01	4.190646326256344310e+02
8.891045070664186767e+01	4.210440027426344045e+02
8.925096584344187534e+01	4.299370996666344240e+02
8.958995510124186978e+01	4.254744836996344475e+02
8.992893672964187601e+01	4.230321008876344422e+02
9.026789546984187496e+01	4.265219080166344270e+02
9.060684658074187325e+01	4.351074487876344392e+02
9.094578243274186491e+01	4.404552576256344310e+02
9.128620601674187185e+01	4.351290552326344141e+02
9.162511135124186978e+01	4.395803491786344352e+02
9.196400142694186286e+01	4.412686426356344214e+02
9.230288387314186593e+01	4.513212549396344571e+02
9.264174343124186350e+01	4.465905420496344504e+02
9.298058773064187221e+01	4.318822290606344154e+02
9.331941677114187428e+01	4.315553247646344630e+02
9.365823818224187391e+01	4.373597681236344670e+02
9.399704433464187048e+01	4.440919763756344310e+02
9.433582759874187218e+01	4.362033655356344184e+02
9.467610622424186317e+01	4.376782495686344419e+02
9.501486660024187358e+01	4.439562952236344131e+02
9.535361171744186493e+01	4.512238428306344531e+02
9.569234157584186562e+01	4.486776086996344475e+02
9.603105617544187567e+01	4.435067712976344296e+02
9.636975551624186664e+01	4.396648523516344085e+02
9.670843959824186697e+01	4.418355371666344240e+02
9.704711605094186666e+01	4.471162988856344214e+02
9.738576961534187149e+01	4.406725732996344504e+02
9.772441555044187567e+01	4.403634302326344141e+02
9.806303859734187256e+01	4.418579981036344293e+02
9.840165401474186524e+01	4.495940515706344627e+02
9.874025417344186906e+01	4.513261072346343781e+02
9.907883907334186802e+01	4.482040674396344571e+02
9.941740871444187633e+01	4.525435144616344587e+02
9.975596309684186735e+01	4.579755212976344296e+02
1.000945022203418660e+02	4.649130823326343602e+02
1.004330260851418757e+02	4.566640588946343655e+02
1.007715346910418646e+02	4.512062952236344131e+02
1.011100280382418646e+02	4.529060022546343589e+02
1.014485137560418764e+02	4.614802210046344157e+02
1.017869765855418649e+02	4.623728296466344432e+02
1.021254317857418670e+02	4.619232141686344448e+02
1.024638717271418642e+02	4.564186670496344504e+02
1.028022964098418726e+02	4.648069116786344352e+02
1.031391952138418731e+02	4.743519556236345238e+02
1.034775893788418699e+02	4.741142236896344571e+02
1.038159682848418726e+02	4.674875452236343563e+02
1.041543395618418657e+02	4.699035303306344531e+02
1.044926879498418657e+02	4.779803125576344769e+02
1.048310210798418751e+02	4.853487817956344657e+02
1.051693389508418761e+02	4.813048364826344709e+02
1.055076491928418676e+02	4.764607813076344200e+02
1.058459441758418649e+02	4.810074732016344683e+02
1.061827132798418631e+02	5.012723047446344822e+02
1.065209777448418720e+02	5.062842066006344908e+02
1.068592269518418760e+02	5.004528467366345126e+02
1.071974608998418717e+02	5.003715479086344544e+02
1.075356795888418731e+02	5.182636987876345529e+02
1.078738830188418660e+02	5.269217188076345337e+02
1.082120711898418648e+02	5.219967310146345199e+02
1.085487487418418624e+02	5.159496118736344670e+02
1.088869063948418727e+02	5.173430444906344974e+02
1.092250564198418630e+02	5.380696069906344974e+02
1.095631835558418743e+02	5.478802759356345859e+02
1.099013030628418761e+02	5.353628809166345945e+02
1.102379043198418742e+02	5.325671045496345641e+02
1.105759856798418639e+02	5.432515527916345945e+02
1.109140594098418688e+02	5.621448633386345364e+02
1.112521255118418679e+02	5.639729883386345364e+02
1.115886657338418644e+02	5.619051172446345390e+02
1.119266936878418761e+02	5.652077295496345641e+02
1.122647063828418652e+02	5.772415430256345417e+02
1.126027114488418732e+02	5.995362817956344088e+02
1.129391906358418680e+02	6.071943628506345476e+02
1.132771651838418734e+02	5.973398096276343949e+02
1.136151244738418740e+02	6.032300684166345945e+02
1.139530608748418672e+02	6.256481592366345694e+02
1.142894942858418688e+02	6.411386377526345086e+02
1.146274077988418725e+02	6.426631738856345919e+02
1.149653060538418714e+02	6.389722559166345945e+02
1.153031890488418725e+02	6.580939600176345721e+02
1.156395537948418735e+02	6.833200342366345694e+02
1.159774139028418745e+02	6.915569116786346058e+02
1.163152511218418681e+02	6.949800684166345945e+02
1.166515777208418712e+02	6.901484033776345086e+02
1.169893844228418658e+02	7.105685693926345721e+02
1.173271834948418757e+02	7.400654566006345476e+02
1.176634643178418713e+02	7.552331812096346084e+02
1.180012328718418644e+02	7.524019434166345945e+02
1.183374908068418705e+02	7.589892236896345139e+02
1.186752288438418645e+02	7.808194849206345225e+02
1.190129516218418644e+02	8.043753320886345364e+02
1.193491561508418641e+02	8.160210230066345503e+02
1.196868560408418745e+02	8.099310571856345859e+02
1.200245330428418669e+02	8.254549219326345337e+02
1.203606994248418687e+02	8.542292749596346084e+02
1.206983535388418716e+02	8.669764673426345780e+02
1.210344894028418707e+02	8.773595850176344584e+02
1.213721129988418710e+02	8.709931299396345139e+02
1.217097213368418664e+02	8.828842432216345060e+02
1.220458190538418677e+02	9.043678857996345641e+02
1.223833968738418747e+02	9.167682153896345199e+02
1.227194564438418638e+02	9.079483911706345225e+02
1.230570113758418671e+02	9.140234033776345086e+02
1.233930480578418667e+02	9.272079126546345833e+02
1.237305648428418721e+02	9.487020532796345833e+02
1.240665710068418690e+02	9.458763696856345859e+02
1.244040649038418707e+02	9.381402857016345251e+02
1.247400405508418686e+02	9.410051538656344974e+02
1.250775039288418640e+02	9.514063989826345278e+02
1.254149596788418677e+02	9.629789697876345826e+02
1.257508895498418724e+02	9.523658716396345199e+02
1.260883071518418745e+02	9.419295313076345337e+02
1.264242141348418755e+02	9.471183130456345225e+02
1.267601058578418645e+02	9.640166284776345265e+02
1.270974853138418723e+02	9.676725122676346018e+02
1.274333465198418764e+02	9.528274805256345417e+02
1.277706954578418674e+02	9.503167993736345807e+02
1.281065261458418831e+02	9.596038477136345364e+02
1.284438445668418751e+02	9.754237939976345615e+02
1.287796523668418729e+02	9.694146997676344881e+02
1.291169402698418764e+02	9.498016626546345833e+02
1.294527175528418752e+02	9.533444482996345641e+02
1.297899749378418903e+02	9.646003687076345159e+02
1.301257217028418722e+02	9.708770410776345443e+02
1.304614608388418731e+02	9.590084497646345199e+02
1.307986724478418807e+02	9.474451563076345337e+02
1.311343734358418658e+02	9.554497339436345555e+02
1.314715621568418555e+02	9.773839380476345013e+02
1.318072402578418689e+02	9.774754907776346045e+02
1.321429030988418560e+02	9.665426904876345588e+02
1.324800460438418668e+02	9.601988794476345674e+02
1.328156783678418833e+02	9.811990625576345337e+02
1.331512954328418630e+02	9.941039087476344775e+02
1.334883926008418769e+02	1.001203640197634513e+03
1.338239791488418575e+02	9.859409448776343652e+02
1.341610610578418630e+02	1.004337673397634489e+03
1.344966170888418731e+02	1.032639553277634377e+03
1.348321578598418569e+02	1.061022976127634365e+03
1.351691939928418833e+02	1.069993923397634489e+03
1.355047042468418681e+02	1.079232692927634389e+03
1.358402145008418813e+02	1.100529689997634478e+03
1.361756942368418777e+02	1.139200344297634501e+03
1.365126693348418598e+02	1.153208645077634401e+03
1.368481338118418762e+02	1.150484157767634542e+03
1.371835677718418651e+02	1.150136257377634365e+03
1.375204970938418683e+02	1.160659206597634466e+03
1.378559157948418772e+02	1.186720852107634528e+03
1.381913192368418777e+02	1.190978908747634250e+03
1.385267074208418592e+02	1.185942531797634501e+03
1.388635757068418570e+02	1.194426906797634274e+03
1.391989333728418785e+02	1.239132106987634415e+03
1.395342757798418631e+02	1.283036648007634540e+03
1.398696029288418572e+02	1.308735622617634363e+03
1.402064254378418582e+02	1.311585598197634454e+03
1.405417220688418638e+02	1.347296413627634365e+03
1.408770034408418610e+02	1.405746853087634463e+03
1.412122848128418582e+02	1.438282619687634451e+03
1.415490310288418812e+02	1.421288845267634542e+03
1.418842818838418793e+02	1.400467189997634478e+03
1.422195022208418607e+02	1.420702419487634415e+03
1.425547225568418810e+02	1.462977932187634451e+03
1.428899276358418717e+02	1.472393215387634427e+03
1.432266128158418610e+02	1.458143215387634427e+03
1.435617721178418833e+02	1.465442898007634312e+03
1.438969314198418772e+02	1.519488796447634513e+03
1.442320754628418626e+02	1.577707302307634336e+03
1.445672042468418681e+02	1.595512111877634425e+03
1.449023177718418651e+02	1.583658596247634478e+03
1.452374160388418716e+02	1.587235988827634401e+03
1.455740096668418744e+02	1.623506740777634377e+03
1.459090774158418640e+02	1.662713894097634466e+03
1.462441299058418736e+02	1.657157985897634489e+03
1.465791671378418641e+02	1.631266994687634451e+03
1.469142043688418653e+02	1.653604519097634466e+03
1.472492110828418674e+02	1.703241970267634542e+03
1.475842177968418696e+02	1.740417263237634415e+03
1.479191939928418833e+02	1.732179836487634248e+03
1.482541701888418686e+02	1.714008449767634374e+03
1.485891311268418633e+02	1.729608303277634377e+03
1.489255569078418660e+02	1.767074978087634463e+03
1.492604873278418722e+02	1.766431789607634528e+03
1.495954024888418701e+02	1.716355007377634365e+03
1.499303023908418595e+02	1.680157253477634413e+03
1.502651870348418583e+02	1.673906032767634315e+03
1.506000564198418772e+02	1.680399563047634501e+03
1.509349105458418592e+02	1.649822658747634478e+03
1.512697646718418696e+02	1.587543728087634463e+03
1.516045882798418631e+02	1.542820461487634475e+03
1.519393966298418661e+02	1.528182033747634478e+03
1.522741897208418607e+02	1.518315334527634377e+03
1.526089828108418658e+02	1.478282863827634401e+03
1.529437453848418613e+02	1.406432033747634250e+03
1.532785079578418674e+02	1.367419826717634351e+03
1.536132552718418651e+02	1.361329128477634413e+03
1.539479720688418638e+02	1.326775051327634401e+03
1.542826888658418625e+02	1.279538356987634415e+03
1.546173904038418812e+02	1.216732570857634528e+03
1.549520766828418630e+02	1.183637844297634501e+03
1.552867477038418826e+02	1.170462185117634135e+03
1.556214034658418655e+02	1.135220119687634224e+03
1.559560439688418683e+02	1.079898586487634475e+03
1.562891738508418769e+02	1.028751125547634501e+03
1.566237838368418807e+02	9.945875513276344009e+02
1.569583785628418582e+02	9.851231958576345278e+02
1.572929580308418736e+02	9.552512476156344974e+02
1.576275374988418605e+02	9.061845361896345139e+02
1.579620864488418590e+02	8.740793115806345668e+02
1.582966353988418575e+02	8.576827661706345225e+02
1.586311538318418570e+02	8.426540186116345694e+02
1.589656722638418671e+02	8.172126733966345000e+02
1.593001754378418582e+02	7.836942407796345833e+02
1.596331527328418645e+02	7.641668970296345833e+02
1.599676253888418671e+02	7.560491602136345364e+02
1.603020827868418792e+02	7.463319360926345780e+02
1.606365249258418828e+02	7.196504175376345529e+02
1.609709518048418602e+02	7.020692407796345833e+02
1.613053634268418648e+02	6.856700098226344835e+02
1.616382644278418752e+02	6.827598535726345972e+02
1.619726607898418820e+02	6.728926660726345972e+02
1.623070266348418613e+02	6.528655664636345364e+02
1.626413772208418607e+02	6.407416040606345859e+02
1.629757125478418800e+02	6.320553247646345199e+02
1.633100478748418709e+02	6.308472559166345945e+02
1.636428725818418570e+02	6.210093042566345503e+02
1.639771621328418689e+02	6.020193750576345337e+02
1.643114516828418630e+02	5.888687402916345945e+02
1.646457107168418759e+02	5.851649439046345833e+02
1.649784743878418567e+02	5.804865991786344921e+02
1.653127181628418612e+02	5.772325098226345972e+02
1.656469466788418572e+02	5.604002344326344200e+02
1.659811599348418554e+02	5.510441553306345668e+02
1.663138625718418666e+02	5.531155054286346058e+02
1.666480453108418658e+02	5.447046167566345503e+02
1.669822280508418828e+02	5.392881128506345476e+02
1.673163802718418651e+02	5.250663721276345086e+02
1.676490218738418605e+02	5.198675195886345364e+02
1.679831588368418807e+02	5.208506738856345919e+02
1.683172652818418555e+02	5.199907495686344419e+02
1.686498763658418625e+02	5.016864282796345833e+02
1.689839522938418668e+02	4.902747461506344848e+02
1.693180282208418816e+02	4.867488062096346084e+02
1.696505935288418812e+02	4.852335474206344657e+02
1.699846236798418602e+02	4.796694605066344934e+02
1.703186538318418570e+02	4.676475488856344214e+02
1.706511733628418597e+02	4.559723169516344115e+02
1.709851729968418681e+02	4.562806665606344154e+02
1.713191573718418681e+02	4.490620081136344197e+02
1.716516463858418717e+02	4.458232385826344171e+02
1.719856002428418833e+02	4.278472559166344240e+02
1.723195388418418759e+02	4.245949365806344531e+02
1.726519820788418826e+02	4.212950403406344435e+02
1.729858901598418583e+02	4.171187708086344514e+02
1.733183028798418661e+02	4.054244959066344336e+02
1.736521804428418818e+02	3.943224451256344310e+02
1.739860580068418585e+02	3.873283655356343615e+02
1.743184249498418694e+02	3.912382776446344224e+02
1.746522567368418777e+02	3.897926294516344115e+02
1.749845931628418612e+02	3.736334497646344062e+02
1.753184096908418610e+02	3.637023889736344131e+02
1.756522109608418702e+02	3.682444727136344227e+02
1.759845016098418569e+02	3.675410425376343824e+02
1.763182723618418777e+02	3.586632654376344362e+02
1.766505477528418737e+02	3.563745081136344197e+02
1.769842879868418777e+02	3.448855859946343685e+02
1.773165176008418769e+02	3.455228540606344154e+02
1.776502425768418618e+02	3.486875574306344561e+02
1.779824416738418620e+02	3.440681421466343863e+02
1.783161361318418585e+02	3.344915430256344280e+02
1.786483047108418702e+02	3.274005090906344435e+02
1.789819686508418783e+02	3.294522363856344214e+02
1.793141219708418816e+02	3.313084985926344643e+02
1.796477553938418623e+02	3.238402979086344544e+02
1.799798781968418666e+02	3.168861353106344154e+02
1.803134811018418588e+02	3.121246607016344115e+02
1.806455733878418641e+02	3.191460840416343672e+02
1.809791457748418679e+02	3.144997522546344157e+02
1.813112075428418564e+02	3.123247339436344419e+02
1.816447494128418612e+02	3.032414514736343563e+02
1.819767959218418696e+02	3.042581140706344627e+02
1.823088271718418696e+02	3.085954858966343863e+02
1.826423232648418775e+02	3.077629053306343963e+02
1.829743239978418785e+02	3.001571008876344422e+02
1.833077895738418590e+02	2.938535120196344224e+02
1.836397597888418716e+02	2.948302576256344310e+02
1.839717147448418757e+02	2.978853113366344587e+02
1.843051498038418572e+02	2.977041589926344614e+02
1.846370742418418729e+02	2.920241968346344379e+02
1.849704787828418660e+02	2.863365747646344630e+02
1.853023727038418826e+02	2.906711084556343963e+02
1.856342513658418625e+02	2.916075403406344435e+02
1.859676101308418765e+02	2.983592493246344475e+02
1.862994735338418764e+02	2.859038965416344240e+02
1.866313064198418772e+02	2.823749963946344224e+02
1.869646346668418744e+02	2.856108362386343629e+02
1.872964370348418583e+02	2.912712366296344157e+02
1.876282394028418707e+02	2.910396082116344587e+02
1.879615218738418605e+02	2.819092981526344488e+02
1.882932937238418560e+02	2.812640649986344670e+02
1.886250503158418610e+02	2.839215051836344514e+02
1.889582717518418633e+02	2.895012476156343837e+02
1.892899978258418798e+02	2.919044763756344310e+02
1.896217238998418679e+02	2.804179651446344224e+02
1.899549148178418818e+02	2.848916589926344614e+02
1.902865951158418625e+02	2.968287622646344062e+02
1.906182601548418631e+02	2.978188745686344419e+02
1.909499251938418638e+02	2.940458337976344296e+02
1.912830550768418618e+02	2.890986902426344614e+02
1.916146895978418740e+02	2.909931604576343602e+02
1.919463088608418673e+02	2.940639307216344491e+02
1.922779128648418805e+02	3.010596582606344214e+02
1.926109817128418626e+02	3.023535425376344392e+02
1.929425551988418590e+02	2.957387964436344419e+02
1.932741134268418648e+02	3.014717981526344488e+02
1.936056563948418727e+02	3.091181604576344171e+02
1.939386794668418759e+02	3.109956934166344240e+02
1.942701919178418564e+02	3.103702966876344362e+02
1.946017043688418653e+02	3.022656824306344561e+02
1.949331863028418752e+02	3.077690698816344366e+02
1.952646682358418673e+02	3.116209680746343906e+02
1.955961196518418603e+02	3.155577051356344214e+02
1.959290511708418592e+02	3.092334863856343645e+02
1.962604873278418722e+02	3.059242517666344270e+02
1.965919082258418769e+02	3.049969446376344422e+02
1.969233138658418625e+02	3.103625452236343563e+02
1.972547042468418681e+02	3.115706140706344627e+02
1.975860793688418653e+02	3.065013086506344280e+02
1.979189345938418683e+02	3.058011743736344670e+02
1.982502791978418770e+02	3.036394922446344253e+02
1.985816085438418668e+02	3.117079736896344571e+02
1.989129378888418671e+02	3.099624292566344366e+02
1.992442367178418579e+02	3.038493311116344557e+02
1.995755355458418592e+02	3.008466150476344296e+02
1.999068038558418721e+02	3.039308435626344362e+02
2.002380721668418744e+02	3.078572961996344475e+02
2.005693252188418683e+02	3.023608057216344491e+02
2.009005630118418821e+02	2.926761743736344670e+02
2.012317855458418592e+02	2.949785730556344561e+02
2.015644729238418620e+02	2.969742090416344240e+02
2.018956649398418790e+02	2.980407983966344432e+02
2.022268416978418770e+02	2.887573511316344366e+02
2.025580184558418750e+02	2.796649133876344422e+02
2.028891646958418562e+02	2.789565088466344491e+02
2.032202956778418752e+02	2.823131372646344630e+02
2.035514266588418764e+02	2.807438623616344557e+02
2.038825271228418785e+02	2.744188806726344296e+02
2.042136275868418807e+02	2.667033045006344310e+02
2.045447127918418744e+02	2.701892664146344600e+02
2.048757827378418597e+02	2.684614526936344419e+02
2.052068221668418744e+02	2.681490137286344293e+02
2.055378615958418607e+02	2.630459558676344614e+02
2.058689010238418575e+02	2.598884241296344157e+02
2.061999099348418554e+02	2.605686304286344352e+02
2.065309035878418626e+02	2.646630518146344002e+02
2.068618819808418721e+02	2.627447168536344293e+02
2.071928451158418625e+02	2.607562219806344501e+02
2.075238082508418813e+02	2.596482507896344600e+02
2.078547408678418833e+02	2.624706384846344349e+02
2.081841933828418689e+02	2.653794214436344419e+02
2.085150954818418825e+02	2.642406580166344270e+02
2.088459975818418570e+02	2.605162622646344630e+02
2.091768844228418800e+02	2.555267603106344154e+02
2.095077560048418661e+02	2.608702661706344657e+02
2.098386123278418722e+02	2.608953821376344422e+02
2.101694533918418699e+02	2.616035730556344561e+02
2.105002791978418770e+02	2.568022424886343629e+02
2.108311050038418557e+02	2.611398889736344131e+02
2.111619002918418744e+02	2.643981592366344557e+02
2.114912002188418683e+02	2.653428613856344214e+02
2.118219802478418785e+02	2.640165369226344296e+02
2.121527297598418613e+02	2.571250269126344392e+02
2.124834792708418831e+02	2.606475794026344488e+02
2.128141982648418775e+02	2.665520288656344405e+02
2.131449172598418613e+02	2.646007959556344531e+02
2.134741408918418699e+02	2.602792627526344518e+02
2.138048293688418653e+02	2.610120508386344227e+02
2.141355025868418807e+02	2.651663171956344627e+02
2.144661605458418592e+02	2.746562158776343949e+02
2.147968032458418577e+02	2.728913232996344504e+02
2.151274459458418562e+02	2.701203577236344131e+02
2.154565780258418783e+02	2.751905176356343645e+02
2.157871749498418694e+02	2.803912012286344293e+02
2.161177718738418605e+02	2.894742700766343546e+02
2.164483382798418631e+02	2.942707788656344405e+02
2.167774245838418778e+02	2.947417871666344240e+02
2.171079757308418721e+02	2.962771570396344032e+02
2.174385116198418757e+02	3.052308618736344670e+02
2.177690322498418709e+02	3.157346765706344627e+02
2.180980575178418803e+02	3.151041528896344062e+02
2.184285476308418765e+02	3.134005701256344310e+02
2.187590224838418749e+02	3.155918237876344392e+02
2.190894820788418826e+02	3.306531336016344653e+02
2.194184463118418762e+02	3.370738794516344115e+02
2.197488906478418755e+02	3.322814905356343615e+02
2.200793044668418759e+02	3.260517236896344571e+02
2.204082381818418810e+02	3.220305139736344131e+02
2.207386367418418729e+02	3.296882898516344653e+02
2.210690047838418764e+02	3.328147852136344227e+02
2.213978927228418740e+02	3.230068323326344171e+02
2.217282455068418585e+02	3.049238550376344392e+02
2.220585830308418736e+02	3.018844873616344557e+02
2.223874251938418638e+02	2.981019556236344670e+02
2.227177322008418798e+02	2.966380274006344280e+02
2.230480392078418674e+02	2.795676538656344405e+02
2.233768355948418787e+02	2.658806726646344600e+02
2.237070968248418694e+02	2.579807398036344352e+02
2.240373580548418602e+02	2.552489587976344296e+02
2.243661086658418640e+02	2.484108850666343926e+02
2.246963393788418557e+02	2.352749902916343956e+02
2.250250747298418617e+02	2.252589990806344247e+02
2.253552749258418828e+02	2.235552637286344293e+02
2.256854598618418777e+02	2.208057214926344614e+02
2.260141494368418762e+02	2.143711664386344466e+02
2.263443038558418721e+02	2.070319940756344295e+02
2.266729629138418716e+02	1.994187128256344010e+02
2.270030868148418790e+02	1.968352319906344121e+02
2.273317306138418701e+02	1.963250696376344422e+02
2.276618239978418785e+02	1.917286035726344267e+02
2.279919173818418585e+02	1.869738580896344047e+02
2.283205001448418727e+02	1.809095728106344438e+02
2.286505630118418821e+02	1.798775140956344387e+02
2.289791305158418595e+02	1.810640680506344324e+02
2.293091628648418805e+02	1.764162561606344184e+02
2.296376998518418588e+02	1.749265863606344453e+02
2.299677016828418630e+02	1.707776300616343974e+02
2.302962081528418707e+02	1.726974451256344025e+02
2.306261794668418759e+02	1.720210535236344072e+02
2.309546554188418668e+02	1.742253381916344210e+02
2.312846114728418740e+02	1.682627832606344498e+02
2.316130569078418660e+02	1.634456598476344311e+02
2.319429824448418742e+02	1.646018640706344343e+02
2.322713973618418777e+02	1.677187921716344476e+02
2.326012923818418585e+02	1.670127374836344529e+02
2.329296920398418820e+02	1.619784662436344433e+02
2.332580764388418686e+02	1.611738397786344308e+02
2.335879256818418810e+02	1.613310053066344381e+02
2.339162795638418686e+02	1.641989710046344442e+02
2.342460982898418820e+02	1.603469812586344290e+02
2.345744369128418612e+02	1.583237878986344356e+02
2.349042251208418577e+02	1.580663110926344359e+02
2.352325332258418769e+02	1.598369867516344414e+02
2.355608108138418686e+02	1.598732721516344384e+02
2.358905685048418661e+02	1.591666376306344262e+02
2.362188308338418778e+02	1.544789240076344470e+02
2.365470626448418727e+02	1.529800378986344356e+02
2.368767745588418734e+02	1.574093591876344362e+02
2.372049911118418777e+02	1.552577020836343991e+02
2.375346725088418793e+02	1.549920770836344275e+02
2.378628738028418752e+02	1.517362329676344359e+02
2.381910445788418826e+02	1.521221430016344129e+02
2.385206801988418590e+02	1.542936365316344336e+02
2.388488357168418759e+02	1.549659540366344288e+02
2.391769607168418759e+02	1.529027368736344386e+02
2.395065658188418638e+02	1.496450006676344344e+02
2.398346755598418554e+02	1.507258112146344331e+02
2.401627700428418564e+02	1.528647577476344281e+02
2.404908492658418595e+02	1.510365259356344438e+02
2.408203780748418694e+02	1.499969141196344253e+02
2.411484420398418820e+02	1.493927576256344310e+02
2.414764754868418777e+02	1.501601221276344234e+02
2.418059737778418707e+02	1.524930383876344422e+02
2.421339767078418674e+02	1.518823053546344113e+02
2.424619796378418641e+02	1.470786249346344334e+02
2.427899673078418630e+02	1.471765863606344453e+02
2.431194045638418686e+02	1.478190576746344504e+02
2.434473617178418579e+02	1.489905664636344511e+02
2.437753036118418777e+02	1.489216882896344316e+02
2.441032302478418785e+02	1.490694086266344414e+02
2.444326217268418588e+02	1.455595819666344255e+02
2.447605178458418607e+02	1.479620935626344078e+02
2.450883987048418646e+02	1.494317438316344351e+02
2.454162795638418686e+02	1.497340967366343989e+02
2.457441299058418736e+02	1.441538812826344440e+02
2.460734450918418759e+02	1.448745844076344440e+02
2.464012801748418724e+02	1.437693597986344400e+02
2.467290999988418605e+02	1.496010553546344397e+02
2.470569045638418686e+02	1.480775110436344448e+02
2.473846786118418777e+02	1.467042810626344362e+02
2.477124679188418668e+02	1.442825281336344290e+02
2.480402267078418674e+02	1.446149255946343999e+02
2.483694503408418655e+02	1.460721704676344359e+02
2.486971786118418777e+02	1.449365656086344245e+02
2.490248916248418709e+02	1.432473108486344415e+02
2.493526046378418641e+02	1.422042658046344457e+02
2.496802871328418689e+02	1.437763788416343971e+02
2.500079696278418737e+02	1.457861597256344055e+02
2.503356368638418701e+02	1.429176752276344189e+02
2.506632888418418759e+02	1.418345148276344219e+02
2.509923904038418812e+02	1.433163110926344359e+02
2.513200118638418701e+02	1.425207483486344415e+02
2.516476333238418590e+02	1.490962640956344387e+02
2.519752242658418595e+02	1.436155664636344511e+02
2.523027999498418694e+02	1.414743616296344442e+02
2.526303756338418793e+02	1.429358331866344258e+02
2.529579207998418724e+02	1.451620142176344359e+02
2.532854659658418655e+02	1.480660516926344314e+02
2.536129806138418701e+02	1.449903223226344267e+02
2.539404952628418641e+02	1.430447046466344432e+02
2.542679946518418603e+02	1.441963770106344214e+02
2.545954787828418660e+02	1.468490411946344523e+02
2.549229476548418631e+02	1.495580408286344323e+02
2.552504165268418603e+02	1.470613519856344453e+02
2.555778548818418585e+02	1.444711420246344460e+02
2.559052779768418588e+02	1.452669336506344280e+02
2.562327010728419054e+02	1.470044519616344303e+02
2.565600936508419068e+02	1.495857050136344242e+02
2.568874862288419081e+02	1.466772577476343997e+02
2.572148635488418904e+02	1.439440424156344420e+02
2.575422256088418749e+02	1.449520380206344043e+02
2.578695724108418972e+02	1.480909845546344457e+02
2.581969039538419111e+02	1.461010706136344197e+02
2.585242202378418597e+02	1.478373377036344323e+02
2.588515212628418567e+02	1.444370844076344156e+02
2.591788070298418916e+02	1.438311426356344498e+02
2.595060775378418612e+02	1.470082819176344344e+02
2.598318832018418902e+02	1.463907129476344267e+02
2.601591231918418430e+02	1.459111139486344371e+02
2.604863631818418526e+02	1.436894647786344308e+02
2.608136031728418516e+02	1.443991968346344095e+02
2.611408126448418443e+02	1.441946222496344490e+02
2.614679915998418664e+02	1.422507898516344369e+02
2.617951705548418886e+02	1.405187952236344131e+02
2.621223495108418433e+02	1.360846674156344420e+02
2.624494979478418486e+02	1.370234186366344318e+02
2.627751510238418859e+02	1.389415552326344425e+02
2.631022994618418807e+02	1.371181757166344255e+02
2.634293868638418417e+02	1.348206140706344343e+02
2.637565047838418764e+02	1.329439508626344377e+02
2.640835921858418942e+02	1.346972467616344034e+02
2.644106490708418846e+02	1.374759332846344080e+02
2.647362411118418777e+02	1.326442835046344442e+02
2.650632674788418512e+02	1.330401270106344498e+02
2.653903243638418417e+02	1.311272546956344058e+02
2.657173202138418446e+02	1.349115564536344323e+02
2.660443160628418582e+02	1.375195123866344318e+02
2.663698470688418638e+02	1.349854547686344404e+02
2.666968124008418499e+02	1.315972711756344040e+02
2.670237777328418929e+02	1.330051233486344415e+02
2.673507125478418516e+02	1.334981500816344067e+02
2.676761825178418803e+02	1.360683710286344308e+02
2.680031173328418959e+02	1.339707910726344267e+02
2.683300216298418945e+02	1.321708643146344286e+02
2.686568954088418764e+02	1.309923670006344310e+02
2.689823043448418503e+02	1.339755975916344255e+02
2.693091781238418889e+02	1.336356165126344422e+02
2.696360213858418433e+02	1.327277643396344331e+02
2.699613998038418572e+02	1.302754175376344676e+02
2.702882125478418516e+02	1.290629388996344460e+02
2.706150252918418460e+02	1.332674066736344400e+02
2.709418075178418803e+02	1.348658563806344262e+02
2.712671249008418499e+02	1.321686670496344220e+02
2.715939071278418737e+02	1.277170984456344485e+02
2.719206588368418807e+02	1.295619928546344397e+02
2.722459151838418734e+02	1.331632959556344531e+02
2.725726668928418803e+02	1.334354211996344475e+02
2.728993575668418430e+02	1.332522546956344343e+02
2.732245833968418651e+02	1.277475702476344281e+02
2.735512740708418846e+02	1.302981836506344280e+02
2.738764693838418793e+02	1.320559656336344290e+02
2.742031295398418820e+02	1.328534967616344318e+02
2.745297896958418846e+02	1.299106867026344787e+02
2.748549544908418625e+02	1.282326471516344384e+02
2.751815536118418777e+02	1.303685266686344733e+02
2.755066878888418955e+02	1.305871545986344415e+02
2.758332870108418433e+02	1.335408899496344475e+02
2.761598556138418417e+02	1.312060205646344286e+02
2.764849593738418889e+02	1.277891046716344476e+02
2.768114974598418598e+02	1.307401849936344433e+02
2.771365707018418902e+02	1.313911554526344503e+02
2.774630782698418443e+02	1.317013208576344425e+02
2.777881209948418473e+02	1.300525781826344769e+02
2.781146285628418582e+02	1.285257990076344470e+02
2.784411056138418417e+02	1.311985437586344290e+02
2.787660873038418572e+02	1.312432062336344529e+02
2.790925643538418512e+02	1.347780115316344336e+02
2.794175155258418499e+02	1.323252374836344245e+02
2.797439315418418460e+02	1.270209772296344397e+02
2.800688827138418446e+02	1.331493341636344496e+02
2.803952987288418512e+02	1.349549677086344275e+02
2.807201888658418625e+02	1.350513422206344387e+02
2.810465743638418417e+02	1.328381616786344352e+02
2.813714645008418529e+02	1.297894098476344595e+02
2.816977889638418446e+02	1.315356561846344050e+02
2.820226485828418959e+02	1.349467127036344323e+02
2.823475082018418902e+02	1.330239832116344303e+02
2.826738021468418651e+02	1.337840997886344496e+02
2.829986312488418889e+02	1.295411493496344804e+02
2.833248946768418932e+02	1.331728632166344255e+02
2.836496932608418433e+02	1.347675287436344433e+02
2.839759261708418876e+02	1.328741876796344457e+02
2.843006942368418777e+02	1.316535608486344415e+02
2.846269271468418651e+02	1.317351801106344169e+02
2.849516646958418846e+02	1.323623926356344498e+02
2.852763717268418873e+02	1.321509821126344377e+02
2.856025741198418473e+02	1.343765222736344072e+02
2.859272506338418793e+02	1.318184015466344476e+02
2.862519576648418820e+02	1.341085626796344457e+02
2.865780685048418945e+02	1.299768335536344352e+02
2.869027450178418803e+02	1.320460321616344288e+02
2.872288558578418929e+02	1.331385004236344400e+02
2.875534713368418807e+02	1.318739130206344328e+02
2.878780868148418790e+02	1.337682001306344262e+02
2.882041671378418641e+02	1.325746118736344386e+02
2.885287520978418456e+02	1.347448236656344420e+02
2.888533370588418734e+02	1.356648065756344295e+02
2.891793563458418816e+02	1.345763818926344300e+02
2.895039107898418820e+02	1.319668237876344392e+02
2.898284347158418655e+02	1.327805597496344490e+02
2.901544234848418569e+02	1.352989771076344425e+02
2.904789168928418803e+02	1.325217859456344058e+02
2.908034103018418932e+02	1.302371484946344253e+02
2.911279037098418598e+02	1.336048547936344448e+02
2.914538314438418638e+02	1.332369501306344262e+02
2.917782943348418598e+02	1.350430719566344351e+02
2.921027267078418959e+02	1.362575037196343999e+02
2.924271590808418750e+02	1.319827692226344027e+02
2.927530257798418916e+02	1.321990015216344432e+02
2.930774276358418433e+02	1.310947076986344371e+02
2.934017989728418456e+02	1.339639093586344529e+02
2.937261703108418942e+02	1.347226373866344318e+02
2.940520064928418833e+02	1.312985193446344283e+02
2.943763473128418582e+02	1.318556177326344425e+02
2.947006576158418625e+02	1.318114893146344286e+02
2.950249984358418942e+02	1.352814905356344468e+02
2.953492782208418816e+02	1.341861688806344262e+02
2.956750533678418833e+02	1.321162531086344529e+02
2.959993331528418707e+02	1.310630914876344377e+02
2.963235824208418876e+02	1.328158380696344238e+02
2.966478316878418582e+02	1.355689508626344377e+02
2.969720504378418582e+02	1.321689722256344339e+02
2.972962691878418582e+02	1.323783380696344523e+02
2.976219527818418555e+02	1.292658350176344300e+02
2.979461410138418955e+02	1.312734186366344318e+02
2.982703292468418681e+02	1.327057764246344504e+02
2.985944869618418807e+02	1.334772607996344504e+02
2.989186446768418932e+02	1.323306696126344377e+02
2.992428023908418595e+02	1.310052454186344448e+02
2.995669295888418446e+02	1.306498987386344481e+02
2.998910262678418803e+02	1.338607599446344523e+02
