5.001811013768130465e+02	2.779448756839243373e+01
5.020128884858130505e+02	2.666055354739242844e+01
5.038446755948130544e+02	2.639431056639242712e+01
5.056764321868130878e+02	2.790126857439242158e+01
5.075082192968130812e+02	2.695036372839242844e+01
5.093400064058130852e+02	2.628228816639243348e+01
5.111717935148130891e+02	2.637816676839242902e+01
5.130035806248130257e+02	2.832403621339242150e+01
5.148353677338129728e+02	3.093408260039243984e+01
5.166671548428130336e+02	2.896302852339243472e+01
5.184989419528129702e+02	2.957341060339243199e+01
5.203307290618130310e+02	2.781181392339243530e+01
5.221625161718129675e+02	2.785842952439242382e+01
5.239943032808130283e+02	2.898147639939243092e+01
5.258260903898129754e+02	2.785649928739243109e+01
5.276578774998130257e+02	2.477532252939242952e+01
5.294896646088129728e+02	2.454082545939242976e+01
5.313214517178130336e+02	3.076581630439241977e+01
5.331532388278129702e+02	2.888861140939243555e+01
5.349850259368130310e+02	2.872267207839243142e+01
5.368168130468129675e+02	2.747750911439242216e+01
5.386486001558130283e+02	2.667979488039243563e+01
5.404803872648129754e+02	2.707926997839242844e+01
5.423121743748130257e+02	2.788140926039243084e+01
5.441439614838129728e+02	2.759802303039244009e+01
5.459757485928130336e+02	2.605188045239242811e+01
5.478075357028129702e+02	2.927787074739243423e+01
5.496393228118130310e+02	2.800210628239242538e+01
5.514711099218129675e+02	2.584284267139242885e+01
5.533028359958129840e+02	2.647306880639242976e+01
5.551346231048130448e+02	2.631290492739243803e+01
5.569664102148129814e+02	2.427120265639242902e+01
5.587981973238130422e+02	2.491103419939242158e+01
5.606299844328129893e+02	2.842545375539242869e+01
5.624617715428130396e+02	2.779273280839243654e+01
5.642935586518129867e+02	2.743714198739242605e+01
5.661253457608130475e+02	2.880053004939242456e+01
5.679571328708129840e+02	2.926650294939242869e+01
5.697889199798130448e+02	2.932945308339242629e+01
5.716207070898129814e+02	2.944361171439242497e+01
5.734524941988130422e+02	2.886856898939243976e+01
5.752842813078129893e+02	2.919097957339243976e+01
5.771160684178130396e+02	2.684458217339242836e+01
5.789478555268129867e+02	2.828323421139243266e+01
5.807796426358130475e+02	2.764157161439243282e+01
5.826114297458129840e+02	2.660022029539242538e+01
5.844432168548130448e+02	2.604773006139243918e+01
5.862750039648129814e+02	2.539654597939244240e+01
5.881067910738130422e+02	2.406977138239242464e+01
5.899385781828129893e+02	2.351947078439243910e+01
5.917703652928130396e+02	2.923201808639243993e+01
5.936021524018129867e+02	2.864909419739244356e+01
5.954339395108130475e+02	2.635646877039242852e+01
5.972657266208129840e+02	2.671051082339243266e+01
5.990975137298130448e+02	2.728884181639243067e+01
6.009293008398129814e+02	2.731221828139242547e+01
6.027610879488130422e+02	2.832424220739242315e+01
6.045928750578129893e+02	2.859342250539242869e+01
6.064246621678130396e+02	2.760041866039242819e+01
6.082564492768129867e+02	2.519227657039242629e+01
6.100882363858130475e+02	2.518450221739243133e+01
6.119200234958129840e+02	2.592121944139242729e+01
6.137518106048130448e+02	2.669566402139242101e+01
6.155835977148129814e+02	2.924366054239242629e+01
6.174153237888129979e+02	3.298922023439242679e+01
6.192471108978130587e+02	3.302147731439243472e+01
6.210788980078129953e+02	3.164836177539243067e+01
6.229106851168130561e+02	2.777191219039244174e+01
6.247424722258130032e+02	3.204202327439242737e+01
6.265742593358130534e+02	3.165035304739244282e+01
6.284060464448130006e+02	3.072375545239243522e+01
6.302378335538130614e+02	3.113884029139243736e+01
6.320696206638129979e+02	3.247583064739244207e+01
6.339014077728130587e+02	3.317588100139243323e+01
6.357331948828129953e+02	2.763661250739243158e+01
6.375649819918130561e+02	3.232936153139242919e+01
6.393967691008130032e+02	3.119676265439244389e+01
6.412285562108130534e+02	2.923152980539243373e+01
6.430603433198130006e+02	2.824029597939244240e+01
6.448921304288130614e+02	2.999093684839242613e+01
6.467239175388129979e+02	3.294262752239242786e+01
6.485557046478130587e+02	3.462769374539243472e+01
6.503874917578129953e+02	3.506486568139243332e+01
6.522192788668130561e+02	3.033160457339242910e+01
6.540510659758130032e+02	3.208091792739242010e+01
6.558828530858130534e+02	3.113662776639243646e+01
6.577146401948130006e+02	3.175480708739242530e+01
6.595464273038130614e+02	3.133760890639243257e+01
6.613782144138129979e+02	3.182135066639242282e+01
6.632100015228130587e+02	3.228329524739242373e+01
6.650417886328129953e+02	3.058133754439244001e+01
6.668735757418130561e+02	3.591701564539243918e+01
6.687053628508130032e+02	3.517031917239243199e+01
6.705371499608130534e+02	3.572778377239244207e+01
6.723689370698130006e+02	3.132965144839243976e+01
6.742007241788130614e+02	3.410582027139243166e+01
6.760325112888129979e+02	3.714060268139243703e+01
6.778642983978130587e+02	3.631674251239243034e+01
6.796960244718129616e+02	3.500679835939243389e+01
6.815278115818130118e+02	3.569362697339243340e+01
6.833595986908129589e+02	3.357119807939242406e+01
6.851913858008130092e+02	3.417214259839243340e+01
6.870231729098130700e+02	3.776507625239241861e+01
6.888549600188130171e+02	3.797107753439242828e+01
6.906867471288130673e+02	3.527913722739243241e+01
6.925185342378130144e+02	3.469589290339242638e+01
6.943503213468129616e+02	3.564529475839243844e+01
6.961821084568130118e+02	3.518249568639243563e+01
6.980138955658129589e+02	3.496551570639243067e+01
6.998456826758130092e+02	3.426645717339243191e+01
7.016774697848130700e+02	3.969790706339242092e+01
7.035092568938130171e+02	3.534516963639243414e+01
7.053410440038130673e+02	3.604518947339243340e+01
7.071728311128130144e+02	3.783532771739242406e+01
7.090046182218129616e+02	3.753987178539242819e+01
7.108364053318130118e+02	3.586801967339243902e+01
7.126681924408129589e+02	3.545379695639243067e+01
7.144999795508130092e+02	3.730590877239244207e+01
7.163317666598130700e+02	3.771514949539243844e+01
7.181635537688130171e+02	3.602169856739242704e+01
7.199953408788130673e+02	3.606877193139243332e+01
7.218271279878130144e+02	3.900419673639244422e+01
7.236589150968129616e+02	3.859922847439242588e+01
7.254907022068130118e+02	3.838370570839243356e+01
7.273224893158129589e+02	3.907766780539242291e+01
7.291542764258130092e+02	3.894348201439243695e+01
7.309860635348130700e+02	3.991305598939242572e+01
7.328178506438130171e+02	3.711254176839242547e+01
7.346496377538130673e+02	3.946830043539242894e+01
7.364814248628130144e+02	4.269001064039244397e+01
7.383132119718129616e+02	3.754970607439242514e+01
7.401449990818130118e+02	3.646038875239243282e+01
7.419767861908129589e+02	3.832695064239243266e+01
7.438085122648129754e+02	3.881814632139242605e+01
7.456402993748130257e+02	3.711003932639243175e+01
7.474720864838129728e+02	3.536086330139244183e+01
7.493038735928130336e+02	3.701198634839243340e+01
7.511356607028129702e+02	3.704230556239243555e+01
7.529674478118130310e+02	3.965605983439243687e+01
7.547992349218129675e+02	4.038151607239243646e+01
7.566310220308130283e+02	3.689691981939242282e+01
7.584628091398129754e+02	3.562829646739242406e+01
7.602945962498130257e+02	3.756621608439242976e+01
7.621263833588129728e+02	3.900226649939242662e+01
7.639581704678130336e+02	3.876474055939242902e+01
7.657899575778129702e+02	3.986893520039244265e+01
7.676217446868130310e+02	3.866773280839244364e+01
7.694535317968129675e+02	3.849134120639243406e+01
7.712853189058130283e+02	4.124819240239243356e+01
7.731171060148129754e+02	3.830938014639244216e+01
7.749488931248130257e+02	3.857591304439242208e+01
7.767806802338129728e+02	4.052304897039243770e+01
7.786124673428130336e+02	3.990029964139242935e+01
7.804442544528129702e+02	3.732633266139243489e+01
7.822760415618130310e+02	3.637377223639243340e+01
7.841078286718129675e+02	3.999829921439242497e+01
7.859396157808130283e+02	3.941494044939243224e+01
7.877714028898129754e+02	3.949179897039243059e+01
7.896031899998130257e+02	3.918758449239242481e+01
7.914349771088129728e+02	3.824238643339243282e+01
7.932667642178130336e+02	3.768557033239242315e+01
7.950985513278129702e+02	3.739413509039243877e+01
7.969303384368130310e+02	3.847766933139241985e+01
7.987621255468129675e+02	4.096375331539243803e+01
8.005939126558130283e+02	3.989083919239243414e+01
8.024256997648129754e+02	4.081607112539244042e+01
8.042574868748130257e+02	3.798452815739243249e+01
8.060892739838129728e+02	4.173991450939242043e+01
8.079210000578129893e+02	4.042549190239243728e+01
8.097527871678130396e+02	3.927670345039242505e+01
8.115845742768129867e+02	3.883229884839243340e+01
8.134163613858130475e+02	3.700985011739242481e+01
8.152481484958129840e+02	3.598244533239242315e+01
8.170799356048130448e+02	3.930263576239243406e+01
8.189117227148129814e+02	4.108097896239243596e+01
8.207435098238130422e+02	3.879316768339243282e+01
8.225752969328129893e+02	3.880868587239242373e+01
8.244070840428130396e+02	3.868536433839243216e+01
8.262388711518129867e+02	3.704704341639243381e+01
8.280706582608130475e+02	3.929943141639243720e+01
8.299024453708129840e+02	3.931361446039243646e+01
8.317342324798130448e+02	3.764250240039242357e+01
8.335660195898129814e+02	3.849479732239244356e+01
8.353978066988130422e+02	3.968966731739243414e+01
8.372295938078129893e+02	4.009478053739243109e+01
8.390613809178130396e+02	3.801471004139242638e+01
8.408931680268129867e+02	4.123600063039243224e+01
8.427249551358130475e+02	4.032705745439242406e+01
8.445567422458129840e+02	3.836517390939243910e+01
8.463885293548130448e+02	3.854334315939242828e+01
8.482203164648129814e+02	4.201347408039242737e+01
8.500521035738130422e+02	4.561039790839244290e+01
8.518838906828129893e+02	4.804712733939243918e+01
8.537156777928130396e+02	5.045674953139244678e+01
8.555474649018129867e+02	4.885489711439243621e+01
8.573792520108130475e+02	4.832161769539243323e+01
8.592110391208129840e+02	4.931472072339241919e+01
8.610428262298130448e+02	4.970520839439244298e+01
8.628746133398129814e+02	4.883022365239241935e+01
8.647064004488130422e+02	4.877301845239242084e+01
8.665381875578129893e+02	4.814576015139241605e+01
8.683699746678130396e+02	4.778669032739243505e+01
8.702017007418130561e+02	4.796430263239243885e+01
8.720334878508130032e+02	4.745122585039243290e+01
8.738652749608130534e+02	4.704337367739243092e+01
8.756970620698130006e+02	4.576328334539242348e+01
8.775288491788130614e+02	4.402117213939241935e+01
8.793606362888129979e+02	4.883371791539242679e+01
8.811924233978130587e+02	4.768344936039241588e+01
8.830242105078129953e+02	4.568772182139242943e+01
8.848559976168130561e+02	4.906360683139244827e+01
8.866877847258130032e+02	5.110189113339244216e+01
8.885195718358130534e+02	5.067144069339241952e+01
8.903513589448130006e+02	5.054132899939244083e+01
8.921831460538130614e+02	4.921758327139241374e+01
8.940149331638129979e+02	5.213625392639241340e+01
8.958467202728130587e+02	5.159177455639244414e+01
8.976785073828129953e+02	5.213492641139244910e+01
8.995102944918130561e+02	4.723601588939243356e+01
9.013420816008130032e+02	5.281865749039241820e+01
9.031738687108130534e+02	5.236214503939243059e+01
9.050056558198130006e+02	5.059061488839241605e+01
9.068374429288130614e+02	4.933593043939244893e+01
9.086692300388129979e+02	4.788971767139243241e+01
9.105010171478130587e+02	4.855880031239243522e+01
9.123328042578129953e+02	5.095790919939243224e+01
9.141645913668130561e+02	4.998697719239244464e+01
9.159963784758130032e+02	4.910721645039243555e+01
9.178281655858130534e+02	4.934389552739241935e+01
9.196599526948130006e+02	4.997687587439243373e+01
9.214917398038130614e+02	5.129665431639242712e+01
9.233235269138129979e+02	5.248493251539243687e+01
9.251553140228130587e+02	4.858797511739243902e+01
9.269871011328129953e+02	4.738329372139243389e+01
9.288188882418130561e+02	4.850238856939243703e+01
9.306506753508130032e+02	4.645272121139243637e+01
9.324824624608130534e+02	4.976227626539242976e+01
9.343141885348130700e+02	4.991043910639243819e+01
9.361459756438130171e+02	4.828965053239242877e+01
9.379777627538130673e+02	5.150190028839243439e+01
9.398095498628130144e+02	4.979248866739244050e+01
9.416413369718129616e+02	5.244365749039241820e+01
9.434731240818130118e+02	5.297609767639242762e+01
9.453049111908129589e+02	5.219857082039244034e+01
9.471366983008130092e+02	5.008696803739240977e+01
9.489684854098130700e+02	4.857224330639243703e+01
9.508002725188130171e+02	4.939354762739242233e+01
9.526320596288130673e+02	5.030965480539244084e+01
9.544638467378130144e+02	5.409708461439243621e+01
9.562956338468129616e+02	5.547219142639243472e+01
9.581274209568130118e+02	5.331873378439245670e+01
9.599592080658129589e+02	5.294117030839244364e+01
9.617909951758130092e+02	5.796889552739241935e+01
9.636227822848130700e+02	5.569048366239240266e+01
9.654545693938130171e+02	5.423241481439244183e+01
9.672863565038130673e+02	5.234526881839242662e+01
9.691181436128130144e+02	5.052082118739241423e+01
9.709499307218129616e+02	5.278894862839243274e+01
9.727817178318130118e+02	5.610034999539245604e+01
9.746135049408129589e+02	5.402614650439242894e+01
9.764452920508130092e+02	4.937136134839243340e+01
9.782770791598130700e+02	5.099573573739243670e+01
9.801088662688130171e+02	5.421189174339241390e+01
9.819406533788130673e+02	5.468613490739243588e+01
9.837724404878130144e+02	5.045777187039242762e+01
9.856042275968129616e+02	4.946427211439245042e+01
9.874360147068130118e+02	4.973085841839241539e+01
9.892678018158129589e+02	5.198676356939242993e+01
9.910995889258130092e+02	5.307453212439241952e+01
9.929313760348130700e+02	5.019689235439243191e+01
9.947631631438130171e+02	4.917264613839244447e+01
9.965949502538130673e+02	4.992873439539241076e+01
9.984266763278129702e+02	4.779837856039242183e+01
1.000258463436813031e+03	4.563644466139241729e+01
1.002090250542813010e+03	5.031755885739243439e+01
1.003922037652813060e+03	4.791692409239243489e+01
1.005753824762812997e+03	4.870870265639244678e+01
1.007585611872813047e+03	5.107965907739242084e+01
1.009417398982812983e+03	4.897152003939242348e+01
1.011249186092813034e+03	4.701590785639244530e+01
1.013080973202812970e+03	4.686110744139242001e+01
1.014912760312813020e+03	4.523898372339243679e+01
1.016744547422813071e+03	4.508036098139241687e+01
1.018576334532813007e+03	4.770778712939242894e+01
1.020408121642813057e+03	4.649752864539243546e+01
1.022239908752812994e+03	4.351318416339243100e+01
1.024071695862813158e+03	4.335580501239244455e+01
1.025903544002813078e+03	4.873711452139241374e+01
1.027735331112813128e+03	4.837192592339242481e+01
1.029566996152813090e+03	4.395191249539242762e+01
1.031398783262813140e+03	4.548932704639241820e+01
1.033230570372813190e+03	4.884706935539242778e+01
1.035062357482813240e+03	4.956685695339245257e+01
1.036894144592813063e+03	4.933150539139243307e+01
1.038725931702813114e+03	4.903369960439241027e+01
1.040557718812813164e+03	4.857675990739242167e+01
1.042389505912813092e+03	4.635019740739242877e+01
1.044221293022813143e+03	4.957849940939243538e+01
1.046053080132813193e+03	5.128968105039245273e+01
1.047884867242813016e+03	5.321660670939245108e+01
1.049716654352813066e+03	5.129755458539242596e+01
1.051548441462813116e+03	5.155873927739243356e+01
1.053380228572813166e+03	5.184104213439240993e+01
1.055212015682813217e+03	5.056255397539244711e+01
1.057043802792813040e+03	5.038402614339242547e+01
1.058875589902813090e+03	5.286805019039241671e+01
1.060707377012813140e+03	5.457114467339241770e+01
1.062539164122813190e+03	5.430056056639242712e+01
1.064370951232813240e+03	5.818210658739241836e+01
1.066202738342813063e+03	5.769089564939242365e+01
1.068034525452813114e+03	6.052964076739243637e+01
1.069866312562813164e+03	5.775760707539242844e+01
1.071698099662813092e+03	5.767192897539243290e+01
1.073529886772813143e+03	5.957048854539245042e+01
1.075361673882813193e+03	5.941854152339244166e+01
1.077193460992813016e+03	5.964113673839241869e+01
1.079025248102813066e+03	6.005721339839244877e+01
1.080857035212813116e+03	5.766330775939242415e+01
1.082688822322813166e+03	5.579709682139242943e+01
1.084520609432813217e+03	5.827205714839244877e+01
1.086352396542813040e+03	6.041820583039243786e+01
1.088184183652813090e+03	5.932231960039244001e+01
1.090015970762813140e+03	5.705037746139244348e+01
1.091847757872813190e+03	6.036924037639241192e+01
1.093679544982813240e+03	5.923961696339242877e+01
1.095511332092813063e+03	5.421231898939244331e+01
1.097343119202813114e+03	5.096285304739244992e+01
1.099174906312813164e+03	5.349010524439242431e+01
1.101006693412813092e+03	5.074579677239243836e+01
1.102838480522813143e+03	5.008191737839243274e+01
1.104670267632813193e+03	5.021346339839244877e+01
1.106502054742813016e+03	5.134156093339244364e+01
1.108333841852813066e+03	5.245969447839243571e+01
1.110165628962813116e+03	4.991587123539242299e+01
1.111997416072813166e+03	5.018741664539245306e+01
1.113829203182813217e+03	4.999584254939243522e+01
1.115660990292813040e+03	5.040993556639243423e+01
1.117492777402813090e+03	5.238526210439241737e+01
1.119324564512813140e+03	5.059270534239243489e+01
1.121156351622813190e+03	4.674209651639242225e+01
1.122988138732813240e+03	5.150325832039244744e+01
1.124819925842813063e+03	4.752359828639244199e+01
1.126651712952813114e+03	4.877581081139244645e+01
1.128483500062813164e+03	5.078894862839243274e+01
1.130315287162813092e+03	4.949588832539244265e+01
1.132147074272813143e+03	4.849906215339244397e+01
1.133978861382813193e+03	4.841361293539243604e+01
1.135810648492813016e+03	4.818462428739240266e+01
1.137642435602813066e+03	5.016666469239243753e+01
1.139474222712813116e+03	5.040401515639243257e+01
1.141306009822813166e+03	4.918767604539243621e+01
1.143137796932813217e+03	4.633983668939243472e+01
1.144969584042813040e+03	4.602925166739243679e+01
1.146801371152813090e+03	4.760643825239242233e+01
1.148633158262813140e+03	5.019019374539245604e+01
1.150464945372813190e+03	5.053333339439245009e+01
1.152296732482813240e+03	4.824935207039243323e+01
1.154128519592813063e+03	4.825473842339241770e+01
1.155960184632813025e+03	4.890988979039242679e+01
1.157791971742813075e+03	5.026903590839243208e+01
1.159623758842813231e+03	5.026058253939244480e+01
1.161455545952813054e+03	4.869875392639242762e+01
1.163287333062813104e+03	5.115894374539245604e+01
1.165119120172813155e+03	5.026696071339244298e+01
1.166950907282813205e+03	4.373709163339244554e+01
1.168782694392813028e+03	5.046556911139243340e+01
1.170614481502813078e+03	4.842038783739242547e+01
1.172446268612813128e+03	5.118283900939241704e+01
1.174278055722813178e+03	5.255733546939244860e+01
1.176109842832813229e+03	5.024457606939242993e+01
1.177941629942813051e+03	5.064074001039242034e+01
1.179773417052813102e+03	5.123273524939242662e+01
1.181605204162813152e+03	4.868271693839243852e+01
1.183436991272813202e+03	4.779848537139243803e+01
1.185268778382813025e+03	4.989342555739241902e+01
1.187100565492813075e+03	5.082947597239244431e+01
1.188932352592813231e+03	4.921515712439241952e+01
1.190764139702813054e+03	4.891968593339243654e+01
1.192595926812813104e+03	5.151871547439242249e+01
1.194427713922813155e+03	4.856693324739244844e+01
1.196259501032813205e+03	5.095999965339245108e+01
1.198091288142813028e+03	4.831205043539244315e+01
1.199923075252813078e+03	5.116716823239242729e+01
1.201754862362813128e+03	4.912979945839242646e+01
1.203586649472813178e+03	4.650478419939243935e+01
1.205418436582813229e+03	4.397713527339242745e+01
1.207250223692813051e+03	4.761438808139244827e+01
1.209082010802813102e+03	5.320732936539243241e+01
1.210913797912813152e+03	5.446305141139243489e+01
1.212745585022813202e+03	5.206667384839241919e+01
1.214577372132813025e+03	4.960907802239242415e+01
1.216409159242813075e+03	4.828308925339244695e+01
1.218240946342813231e+03	4.814200648939242910e+01
1.220072733452813054e+03	4.898114833539241886e+01
1.221904520562813104e+03	4.895180568439242563e+01
1.223736307672813155e+03	4.910305080139242051e+01
1.225568094782813205e+03	4.981549892139243241e+01
1.227399881892813028e+03	4.549400386539243613e+01
1.229231669002813078e+03	5.067502650939242415e+01
1.231063456112813128e+03	5.132512721739242778e+01
1.232895243222813178e+03	4.937200221739244199e+01
1.234727030332813229e+03	4.813715419439243703e+01
1.236558817442813051e+03	4.889948329639243951e+01
1.238390604552813102e+03	4.940345058139244827e+01
1.240222391662813152e+03	5.004224452639241605e+01
1.242054178772813202e+03	5.171254787139241671e+01
1.243885965882813025e+03	5.095179042539245273e+01
1.245717752992813075e+03	5.002608546939244860e+01
1.247549540092813231e+03	5.255570277839245108e+01
1.249381327202813054e+03	5.369879970239243505e+01
1.251213114312813104e+03	5.321938380939242563e+01
1.253044901422813155e+03	5.594126186039242299e+01
1.254876688532813205e+03	5.440505275439243604e+01
1.256708475642813028e+03	4.989337978039242216e+01
1.258540262752813078e+03	5.506493434639242679e+01
1.260372049862813128e+03	5.390622768139245125e+01
1.262203836972813178e+03	5.497008571339242877e+01
1.264035624082813229e+03	5.466889247639242910e+01
1.265867411192813051e+03	5.576744899439243142e+01
1.267699198302813102e+03	5.416506252039241076e+01
1.269530985412813152e+03	5.682553920439242745e+01
1.271362772522813202e+03	5.540342006339243142e+01
1.273194559632813025e+03	5.401604518639244645e+01
1.275026346742813075e+03	5.608972987839245405e+01
1.276858133842813231e+03	5.971489772539243290e+01
1.278689920952813054e+03	6.195829066939242580e+01
1.280521708062813104e+03	6.114408168539242183e+01
1.282353373102813066e+03	6.032309779839241060e+01
1.284185160212813116e+03	5.921411952639240894e+01
1.286016947322813166e+03	5.678383693439241853e+01
1.287848734432813217e+03	6.093575343739243522e+01
1.289680521542813040e+03	6.486124477039244596e+01
1.291512308652813090e+03	5.988391933139244827e+01
1.293344095762813140e+03	6.067827663139244976e+01
1.295175882872813190e+03	6.145475063039242514e+01
1.297007669982813240e+03	6.490598354039241258e+01
1.298839457092813063e+03	6.455695399939240531e+01
1.300671244202813114e+03	6.829389247639241489e+01
1.302503031312813164e+03	6.945096645039244265e+01
1.304334818412813092e+03	6.735849818839241721e+01
1.306166605522813143e+03	6.679006252039242497e+01
1.307998392632813193e+03	6.750275478039243637e+01
1.309830179742813016e+03	6.988932094239243042e+01
1.311661966852813066e+03	7.329824123039242068e+01
1.313493753962813116e+03	7.575606593739242101e+01
1.315325541072813166e+03	7.753810939539239655e+01
1.317157328182813217e+03	7.828778896039243307e+01
1.318989115292813040e+03	7.984302577639240894e+01
1.320820902402813090e+03	7.789255580639243703e+01
1.322652689512813140e+03	8.398316249539243472e+01
1.324484476622813190e+03	8.461373195339241704e+01
1.326316263732813240e+03	8.455564174339242811e+01
1.328148050842813063e+03	8.384290370639243406e+01
1.329979837952813114e+03	8.678234157239243984e+01
1.331811625062813164e+03	9.075994167039245042e+01
1.333643412162813092e+03	9.739807948739245091e+01
1.335475199272813143e+03	9.381148585939241968e+01
1.337306986382813193e+03	9.857378444339241241e+01
1.339138773492813016e+03	1.024071432083924407e+02
1.340970560602813066e+03	1.092482992143924321e+02
1.342802347712813116e+03	1.132105184523924066e+02
1.344634134822813166e+03	1.182829061473924099e+02
1.346465921932813217e+03	1.240452962843924496e+02
1.348297709042813040e+03	1.232726980183924610e+02
1.350129496152813090e+03	1.234985738723924271e+02
1.351961283262813140e+03	1.280220113723924271e+02
1.353793070372813190e+03	1.264912801713924608e+02
1.355624857482813240e+03	1.229419179883924187e+02
1.357456644592813063e+03	1.204217916453924460e+02
1.359288431702813114e+03	1.143129964793924245e+02
1.361120218812813164e+03	1.104018331493924308e+02
1.362952005912813092e+03	1.052495351763924134e+02
1.364783793022813143e+03	1.008921590773924208e+02
1.366615580132813193e+03	1.006230398143924134e+02
1.368447367242813016e+03	9.837674770039241423e+01
1.370279154352813066e+03	9.799779567439242101e+01
1.372110941462813116e+03	9.698044643139245125e+01
1.373942728572813166e+03	9.807291469239243042e+01
1.375774515682813217e+03	9.607773647039240927e+01
1.377606302792813040e+03	9.997296962439240531e+01
1.379438089902813090e+03	9.779569301339242315e+01
1.381269877012813140e+03	9.578925380439240200e+01
1.383101664122813190e+03	9.481736049339242811e+01
1.384933451232813240e+03	9.225504359939242249e+01
1.386765238342813063e+03	9.297373256339243142e+01
1.388597025452813114e+03	9.514310512239242712e+01
1.390428812562813164e+03	9.446344814039241555e+01
1.392260599662813092e+03	9.542011317939240200e+01
1.394092386772813143e+03	9.910424098639242629e+01
1.395924173882813193e+03	9.976487025939240993e+01
1.397755960992813016e+03	9.805234584539240927e+01
1.399587748102813066e+03	9.659305629439242580e+01
1.401419535212813116e+03	9.938585719739241142e+01
1.403251322322813166e+03	9.994695338939243356e+01
1.405083109432813217e+03	9.884514674839240911e+01
1.406914896542813040e+03	1.049371114703924235e+02
1.408746561582813229e+03	1.063277517293924035e+02
1.410578348692813051e+03	1.089686208693924101e+02
1.412410135802813102e+03	1.085241323443924131e+02
1.414241922912813152e+03	1.076833883253924284e+02
1.416073710022813202e+03	1.094596792193924273e+02
1.417905497132813025e+03	1.131496664013924089e+02
1.419737284242813075e+03	1.162031331983924503e+02
1.421569071342813231e+03	1.162328115433924154e+02
1.423400858452813054e+03	1.190934225053924109e+02
1.425232645562813104e+03	1.203495260203924460e+02
1.427064432672813155e+03	1.174176565143924478e+02
1.428896219782813205e+03	1.204802785843924369e+02
1.430728006892813028e+03	1.266236654253924172e+02
1.432559794002813078e+03	1.265573507283924783e+02
1.434391581112813128e+03	1.257690969433924124e+02
1.436223368222813178e+03	1.269445425003924299e+02
1.438055155332813229e+03	1.278539052933924438e+02
1.439886942442813051e+03	1.281101766553924222e+02
1.441718729552813102e+03	1.346768880813924341e+02
1.443550516662813152e+03	1.359661947223924301e+02
1.445382303772813202e+03	1.366923757523924223e+02
1.447214090882813025e+03	1.455497518513924433e+02
1.449045877992813075e+03	1.427584005323924430e+02
1.450877665092813231e+03	1.425806814163924230e+02
1.452709452202813054e+03	1.494878469433924124e+02
1.454541239312813104e+03	1.467297750443924542e+02
1.456373026422813155e+03	1.532291036573924146e+02
1.458204813532813205e+03	1.521048665973924585e+02
1.460036600642813028e+03	1.566897512403924395e+02
1.461868387752813078e+03	1.594200674023924478e+02
1.463700174862813128e+03	1.576432271923924304e+02
1.465531961972813178e+03	1.604325948683924423e+02
1.467363749082813229e+03	1.624088674513924104e+02
1.469195536192813051e+03	1.667177206013924149e+02
1.471027323302813102e+03	1.688595968213924436e+02
1.472859110412813152e+03	1.741071554153924126e+02
1.474690897522813202e+03	1.782388845413924514e+02
1.476522684632813025e+03	1.797618337603924488e+02
1.478354471742813075e+03	1.867622610063924924e+02
1.480186258842813231e+03	1.928904043163924484e+02
1.482018045952813054e+03	1.942016836133924755e+02
1.483849833062813104e+03	2.009466482133924217e+02
1.485681620172813155e+03	2.079655385943924273e+02
1.487513407282813205e+03	2.114319082233924121e+02
1.489345194392813028e+03	2.246241384473924541e+02
1.491176981502813078e+03	2.330313039753924329e+02
1.493008768612813128e+03	2.396504751173924035e+02
1.494840555722813178e+03	2.438124929393924560e+02
1.496672342832813229e+03	2.521706777543924431e+02
1.498504129942813051e+03	2.635264516803924266e+02
1.500335917052813102e+03	2.776011587113924293e+02
1.502167704162813152e+03	2.902315603223924541e+02
1.503999491272813202e+03	2.988637624713924765e+02
1.505831278382813025e+03	3.199937368363924293e+02
1.507663065492813075e+03	3.295565114943924527e+02
1.509494852592813231e+03	3.572206960643924276e+02
1.511326639702813054e+03	3.745412527053924236e+02
1.513158426812813104e+03	3.876719594923924319e+02
1.514990213922813155e+03	4.140653005573923906e+02
1.516822001032813205e+03	4.286447683303923668e+02
1.518653788142813028e+03	4.502076955763925525e+02
1.520485575252813078e+03	4.862070241893925981e+02
1.522317362362813128e+03	5.107617116893924845e+02
1.524149149472813178e+03	5.475468679393924276e+02
1.525980936582813229e+03	5.873331838573924415e+02
1.527812723692813051e+03	6.199263845413923946e+02
1.529644510802813102e+03	6.706304861043923893e+02
1.531476297912813152e+03	7.233264699903924111e+02
1.533308085022813202e+03	7.601706472363923695e+02
1.535139872132813025e+03	8.076323171583924250e+02
1.536971537162813092e+03	8.715727468463924197e+02
1.538803324272813143e+03	9.384739919663925320e+02
1.540635111382813193e+03	1.003203484146392498e+03
1.542466898492813016e+03	1.063876091576392582e+03
1.544298685602813066e+03	1.137215813256392494e+03
1.546130472712813116e+03	1.214223015396392611e+03
1.547962259822813166e+03	1.289671501726392535e+03
1.549794046932813217e+03	1.400263664816392520e+03
1.551625834042813040e+03	1.522055046646392611e+03
1.553457621152813090e+03	1.665959953876392547e+03
1.555289408262813140e+03	1.813337883566392520e+03
1.557121195372813190e+03	1.991764275166392281e+03
1.558952982482813240e+03	2.179706657976392307e+03
1.560784769592813063e+03	2.366521111106392709e+03
1.562616556702813114e+03	2.554546257586392130e+03
1.564448343812813164e+03	2.751380730246392432e+03
1.566280130912813092e+03	2.922059685326391900e+03
1.568111918022813143e+03	3.081444206806392685e+03
1.569943705132813193e+03	3.186361198996392432e+03
1.571775492242813016e+03	3.285040886496391977e+03
1.573607279352813066e+03	3.314074577896392384e+03
1.575439066462813116e+03	3.290627068136392154e+03
1.577270853572813166e+03	3.251438835716392077e+03
1.579102640682813217e+03	3.229128532976391853e+03
1.580934427792813040e+03	3.257894890396391929e+03
1.582766214902813090e+03	3.504660759546392001e+03
1.584598002012813140e+03	4.008973747826392355e+03
1.586429789122813190e+03	4.723355095476392307e+03
1.588261576232813240e+03	5.591031365006392662e+03
1.590093363342813063e+03	6.392961540796392910e+03
1.591925150452813114e+03	6.927335564226391398e+03
1.593756937562813164e+03	7.007233025166392508e+03
1.595588724662813092e+03	6.685592400166392508e+03
1.597420511772813143e+03	6.083325310326392355e+03
1.599252298882813193e+03	5.343069939226392307e+03
1.601084085992813016e+03	4.617815544696391953e+03
1.602915873102813066e+03	3.931674675556392231e+03
1.604747660212813116e+03	3.356394890396391929e+03
1.606579447322813166e+03	2.887022331806392231e+03
1.608411234432813217e+03	2.472172966576391900e+03
1.610243021542813040e+03	2.108986931416392508e+03
1.612074808652813090e+03	1.806434074966392473e+03
1.613906595762813140e+03	1.577139153096392420e+03
1.615738382872813190e+03	1.376062248796392396e+03
1.617570169982813240e+03	1.198366570086392585e+03
1.619401957092813063e+03	1.054239494896392443e+03
1.621233744202813114e+03	9.241798635463924256e+02
1.623065531312813164e+03	8.093731008503923476e+02
1.624897318412813092e+03	7.216291433303923668e+02
1.626729105522813143e+03	6.432069631543923833e+02
1.628560892632813193e+03	5.774135061233923807e+02
1.630392679742813016e+03	5.267759328813923503e+02
1.632224466852813066e+03	4.734443288773924792e+02
1.634056253962813116e+03	4.329952321973925109e+02
1.635888041072813166e+03	3.929551321003924613e+02
1.637719828182813217e+03	3.590924001663924514e+02
1.639551615292813040e+03	3.388719716993924749e+02
1.641383402402813090e+03	3.132527700393924306e+02
1.643215189512813140e+03	2.884742055863924293e+02
1.645046976622813190e+03	2.678431020703924332e+02
1.646878763732813240e+03	2.516726919143924306e+02
1.648710550842813063e+03	2.466465993853924203e+02
1.650542337952813114e+03	2.247607961623924382e+02
1.652374125062813164e+03	2.177585073443924841e+02
1.654205912162813092e+03	1.964460073443924273e+02
1.656037699272813143e+03	1.926492849323924190e+02
1.657869486382813193e+03	1.836400381053924491e+02
1.659701273492813016e+03	1.795674062703924108e+02
1.661533060602813066e+03	1.719419790233924630e+02
1.663364725642813028e+03	1.636233602493924195e+02
1.665196512752813078e+03	1.661415639843924907e+02
1.667028299862813128e+03	1.491792226763924134e+02
1.668860086972813178e+03	1.531126485793924417e+02
1.670691874082813229e+03	1.474812398883924232e+02
1.672523661192813051e+03	1.411237569783924641e+02
1.674355448302813102e+03	1.357202383013924418e+02
1.676187235412813152e+03	1.258650594683924169e+02
1.678019022522813202e+03	1.302766805623924427e+02
1.679850809632813025e+03	1.293468099563924625e+02
1.681682596742813075e+03	1.260622182813924468e+02
1.683514383842813231e+03	1.273965536083924235e+02
1.685346170952813054e+03	1.208557516063924311e+02
1.687177958062813104e+03	1.182290883983924203e+02
1.689009745172813155e+03	1.154836355183924184e+02
1.690841532282813205e+03	1.169270559283924342e+02
1.692673319392813028e+03	1.121424184773924395e+02
1.694505106502813078e+03	1.108010030713924294e+02
1.696336893612813128e+03	1.148971334423924304e+02
1.698168680722813178e+03	1.180452047313924453e+02
1.700000467832813229e+03	1.137602621043924245e+02
1.701832254942813051e+03	1.145180593463924055e+02
1.703664042052813102e+03	1.156841207473924129e+02
1.705495829162813152e+03	1.117730642293924177e+02
1.707327616272813202e+03	1.119157033893924336e+02
1.709159403382813025e+03	1.114375081983924503e+02
1.710991190492813075e+03	1.139137655223924241e+02
1.712822977592813231e+03	1.140535207713924279e+02
1.714654764702813054e+03	1.139682088823924033e+02
1.716486551812813104e+03	1.158426137893924306e+02
1.718318338922813155e+03	1.192949758503924329e+02
1.720150126032813205e+03	1.225203786823924190e+02
1.721981913142813028e+03	1.263361288043924304e+02
1.723813700252813078e+03	1.292320028273924493e+02
1.725645487362813128e+03	1.311267171833924579e+02
1.727477274472813178e+03	1.352154623003924314e+02
1.729309061582813229e+03	1.388363576863924607e+02
1.731140848692813051e+03	1.409768606153924395e+02
1.732972635802813102e+03	1.440773244823924415e+02
1.734804422912813152e+03	1.498035970653924380e+02
1.736636210022813202e+03	1.491800924273924238e+02
1.738467997132813025e+03	1.430724264113924562e+02
1.740299784242813075e+03	1.413562398883924516e+02
1.742131571342813231e+03	1.431158529253924598e+02
1.743963358452813054e+03	1.444047323193924512e+02
1.745795145562813104e+03	1.414975973103924503e+02
1.747626932672813155e+03	1.372646871533924582e+02
1.749458719782813205e+03	1.382478261913924200e+02
1.751290506892813028e+03	1.367957235303924506e+02
1.753122294002813078e+03	1.344459310503924598e+02
1.754954081112813128e+03	1.338972860303924506e+02
1.756785868222813178e+03	1.302574392293924461e+02
1.758617655332813229e+03	1.281672597853924458e+02
1.760449442442813051e+03	1.241882863963924137e+02
1.762281229552813102e+03	1.202546621293924289e+02
1.764113016662813152e+03	1.182784048053924266e+02
1.765944803772813202e+03	1.162263112993924352e+02
1.767776590882813025e+03	1.143852010693924228e+02
1.769608377992813075e+03	1.090796590773924351e+02
1.771440165092813231e+03	1.038922201123924367e+02
1.773271952202813054e+03	1.033879476513924232e+02
1.775103739312813104e+03	1.006320882763924232e+02
1.776935526422813155e+03	9.933116969739242563e+01
1.778767313532813205e+03	9.928142604539243621e+01
1.780599100642813028e+03	9.622332057639241043e+01
1.782430887752813078e+03	9.353907069839242183e+01
1.784262674862813128e+03	9.049120387739242233e+01
1.786094461972813178e+03	8.638022670439242745e+01
1.787926249082813229e+03	8.316184291539241258e+01
1.789757914122813190e+03	8.386664638239240332e+01
1.791589701232813240e+03	8.207131252039239655e+01
1.793421488342813063e+03	7.686133632339243604e+01
1.795253275452813114e+03	7.663300380439241621e+01
1.797085062562813164e+03	7.864971217839243423e+01
1.798916849662813092e+03	7.871196803739240977e+01
1.800748636772813143e+03	7.658887538639244497e+01
1.802580423882813193e+03	7.472510585439241027e+01
1.804412210992813016e+03	7.339928493239243323e+01
1.806243998102813066e+03	7.212966212939242894e+01
1.808075785212813116e+03	7.373270473139243109e+01
1.809907572322813166e+03	7.209732875539242514e+01
1.811739359432813217e+03	6.727263698239241307e+01
1.813571146542813040e+03	6.497742519039240960e+01
1.815402933652813090e+03	6.449268397939239605e+01
1.817234720762813140e+03	6.578650722239243009e+01
1.819066507872813190e+03	6.447898158739242547e+01
1.820898294982813240e+03	6.572864589439244298e+01
1.822730082092813063e+03	6.764679774939241952e+01
1.824561869202813114e+03	6.519576320339243125e+01
1.826393656312813164e+03	6.278636989339241126e+01
1.828225443412813092e+03	6.167307338439241704e+01
1.830057230522813143e+03	5.888358363839242315e+01
1.831889017632813193e+03	5.938369044939242514e+01
1.833720804742813016e+03	5.839046535239242530e+01
1.835552591852813066e+03	5.491304835939244100e+01
1.837384378962813116e+03	5.583771571839243819e+01
1.839216166072813166e+03	5.306958827639243026e+01
1.841047953182813217e+03	5.234996852539242695e+01
1.842879740292813040e+03	5.422304591839243670e+01
1.844711527402813090e+03	5.466596278839244150e+01
1.846543314512813140e+03	5.305440578139244678e+01
1.848375101622813190e+03	5.147274074239243191e+01
1.850206888732813240e+03	5.174848231939244414e+01
1.852038675842813063e+03	5.107270106939243703e+01
1.853870462952813114e+03	5.027484950739241754e+01
1.855702250062813164e+03	5.306972560539242068e+01
1.857534037162813092e+03	5.307050380439242332e+01
1.859365824272813143e+03	5.225649318439242563e+01
1.861197611382813193e+03	5.127573451739243637e+01
1.863029398492813016e+03	4.844246730539243373e+01
1.864861185602813066e+03	5.045536098139243109e+01
1.866692972712813116e+03	5.100449428239243588e+01
1.868524759822813166e+03	5.235283717839244844e+01
1.870356546932813217e+03	5.418772182139242233e+01
1.872188334042813040e+03	5.173012599639243092e+01
1.874020121152813090e+03	5.015723476139243786e+01
1.875851908262813140e+03	5.205498561539243241e+01
1.877683695372813190e+03	5.506218776439244778e+01
1.879515482482813240e+03	5.422380885739241307e+01
1.881347269592813063e+03	5.367186793939244183e+01
1.883179056702813114e+03	5.334207973139245240e+01
1.885010843812813164e+03	5.220351466839242960e+01
1.886842630912813092e+03	5.275182399439243142e+01
1.888674418022813143e+03	5.435154018139245125e+01
1.890506205132813193e+03	5.008678493239242613e+01
1.892337992242813016e+03	5.322124538139245686e+01
1.894169779352813066e+03	5.195543727539243406e+01
1.896001566462813116e+03	5.349250087439242662e+01
1.897833353572813166e+03	5.461521205639245835e+01
1.899665140682813217e+03	5.625843105039244563e+01
1.901496927792813040e+03	5.400325832039242613e+01
1.903328714902813090e+03	5.034862575239244364e+01
1.905160502012813140e+03	4.967621669439242282e+01
1.906992289122813190e+03	5.179607448239242729e+01
1.908824076232813240e+03	5.373749599139243571e+01
1.910655863342813063e+03	5.110013637239242712e+01
1.912487650452813114e+03	5.053949794439242993e+01
1.914319437562813164e+03	5.104157314039240845e+01
1.916151102592813231e+03	4.810440883339244067e+01
1.917982889702813054e+03	4.941445216839242960e+01
1.919814676812813104e+03	4.555510768639243224e+01
1.921646463922813155e+03	5.054825648939242200e+01
1.923478251032813205e+03	4.919248256339243142e+01
1.925310038142813028e+03	4.818686732939241324e+01
1.927141825252813078e+03	4.755509242739242382e+01
1.928973612362813128e+03	4.931092128439243538e+01
1.930805399472813178e+03	5.032007655839242943e+01
1.932637186582813229e+03	4.527246913639243076e+01
1.934468973692813051e+03	4.791091212939241473e+01
1.936300760802813102e+03	4.696524867739243092e+01
1.938132547912813152e+03	4.966735133839243588e+01
1.939964335022813202e+03	4.607319698039243150e+01
1.941796122132813025e+03	4.532298335739241679e+01
1.943627909242813075e+03	4.466269740739244298e+01
1.945459696342813231e+03	4.625522670439244166e+01
1.947291483452813054e+03	4.812798366239241687e+01
1.949123270562813104e+03	5.014934596739244199e+01
1.950955057672813155e+03	4.825840053239243588e+01
1.952786844782813205e+03	4.788259181639243423e+01
1.954618631892813028e+03	5.015865382839245257e+01
1.956450419002813078e+03	5.109835109439244150e+01
1.958282206112813128e+03	4.972103175839244216e+01
1.960113993222813178e+03	4.992783412639241192e+01
1.961945780332813229e+03	4.894335231439243472e+01
1.963777567442813051e+03	4.885349330639245835e+01
1.965609354552813102e+03	5.243044337939243604e+01
1.967441141662813152e+03	5.286237392139243241e+01
1.969272928772813202e+03	4.963207301839242547e+01
1.971104715882813025e+03	4.879262599639243092e+01
1.972936502992813075e+03	5.244442043039242662e+01
1.974768290092813231e+03	5.302405605039244563e+01
1.976600077202813054e+03	4.982988795939244397e+01
1.978431864312813104e+03	5.356848964439244298e+01
1.980263651422813155e+03	5.527858791039241737e+01
1.982095438532813205e+03	5.623908290539244348e+01
1.983927225642813028e+03	5.790729579639242530e+01
1.985759012752813078e+03	5.757924709039242117e+01
1.987590799862813128e+03	5.612877711939242431e+01
1.989422586972813178e+03	5.773877772939241737e+01
1.991254374082813229e+03	5.679001674339242811e+01
1.993086161192813051e+03	5.761846217839244133e+01
1.994917948302813102e+03	6.145542201739242927e+01
1.996749735412813152e+03	6.076329860439243902e+01
1.998581522522813202e+03	5.881513271039243307e+01
2.000413309632813025e+03	6.087816676839243968e+01
2.002245096742813075e+03	6.033171901439244778e+01
2.004076883842813231e+03	6.371967372639240779e+01
2.005908670952813054e+03	6.494730434139242448e+01
2.007740458062813104e+03	6.361583766639243720e+01
2.009572245172813155e+03	6.530439052239242415e+01
2.011404032282813205e+03	6.236927089439242877e+01
2.013235819392813028e+03	5.964533290539242927e+01
2.015067606502813078e+03	6.142427882839245257e+01
2.016899393612813128e+03	5.896831569339242662e+01
2.018731180722813178e+03	5.763204250039242993e+01
2.020562967832813229e+03	5.708649501539242976e+01
2.022394754942813051e+03	5.465180263239243885e+01
2.024226542052813102e+03	5.837862453139245389e+01
2.026058329162813152e+03	5.367244777339245587e+01
2.027890116272813202e+03	5.472478542039243621e+01
2.029721903382813025e+03	5.218984279339241539e+01
2.031553690492813075e+03	4.776920375539243935e+01
2.033385477592813231e+03	4.683252772939243158e+01
2.035217264702813054e+03	4.845484218339245075e+01
2.037049051812813104e+03	4.604737910939244472e+01
2.038880838922813155e+03	4.960720119139242001e+01
2.040712626032813205e+03	5.003408107439243935e+01
2.042544413142813028e+03	4.792137965839242497e+01
2.044376078182813217e+03	4.596398219739243274e+01
2.046207865292813040e+03	4.238465175339243274e+01
2.048039652402812862e+03	4.574560603839243100e+01
2.049871561582813229e+03	4.202260646539243538e+01
2.051703348692813051e+03	4.329514369639244364e+01
2.053535135802813329e+03	4.808632716839243670e+01
2.055366922912813152e+03	4.203876552239243125e+01
2.057198710022812975e+03	4.272463283239242315e+01
2.059030497132813252e+03	3.957426509539242687e+01
2.060862284242813075e+03	3.749660548839242580e+01
2.062694071342813004e+03	4.011701259339242398e+01
2.064525858452813281e+03	3.722139033939244257e+01
2.066357645562813104e+03	4.009433803239244298e+01
2.068189432672812927e+03	3.982526454639241820e+01
2.070021219782813205e+03	3.848636684139243869e+01
2.071853006892813028e+03	3.868872890139243026e+01
2.073684794002813305e+03	3.677204189039243687e+01
2.075516581112813128e+03	3.649874171939243439e+01
2.077348368222812951e+03	3.691748866739242629e+01
2.079180155332813229e+03	3.803403529839243191e+01
2.081011942442813051e+03	3.740213832539243555e+01
2.082843729552813329e+03	3.977453670239243877e+01
2.084675516662813152e+03	3.916410884539242687e+01
2.086507303772812975e+03	3.633789882339242894e+01
2.088339090882813252e+03	3.380648097739243951e+01
2.090170877992813075e+03	3.532121333739243596e+01
2.092002665092813004e+03	3.285706386239243670e+01
2.093834452202813281e+03	3.328987941439242348e+01
2.095666239312813104e+03	3.376007899939242662e+01
2.097498026422812927e+03	3.428396663339243844e+01
2.099329813532813205e+03	3.493158015939243910e+01
2.101161600642813028e+03	3.318811855039242431e+01
2.102993387752813305e+03	3.360376033439241894e+01
2.104825174862813128e+03	3.157096919739243290e+01
2.106656717832813229e+03	2.744301662139243092e+01
2.108488504942813051e+03	3.029236659739242654e+01
2.110320292052813329e+03	3.276049861639242522e+01
2.112152079162813152e+03	3.114238033039243803e+01
2.113983866272812975e+03	3.593136653639242439e+01
2.115815653382813252e+03	2.892778072039242687e+01
2.117647440492813075e+03	3.471950587939244315e+01
2.119479227592813004e+03	3.183615932139243654e+01
2.121311014702813281e+03	3.022072658239242671e+01
2.123142801812813104e+03	3.452948817939243042e+01
2.124974588922812927e+03	3.318475398739243332e+01
2.126806376032813205e+03	2.957999477039242464e+01
2.128638163142813028e+03	2.917205867439242084e+01
2.130469950252813305e+03	3.184401759839242985e+01
2.132301737362813128e+03	3.189117488539242729e+01
2.134133524472812951e+03	2.941963252739243373e+01
2.135965311582813229e+03	2.945330104539242555e+01
2.137797098692813051e+03	3.068116054239242985e+01
2.139628885802813329e+03	3.156885585439243869e+01
2.141460672912813152e+03	3.153640804039241985e+01
2.143292460022812975e+03	3.162659511239243315e+01
2.145124247132813252e+03	2.975431880639242266e+01
2.146956034242813075e+03	2.916201076239243406e+01
2.148787821342813004e+03	2.953962001539243687e+01
2.150619608452813281e+03	3.172962245639243406e+01
2.152451395562813104e+03	3.147068080639243348e+01
2.154283182672812927e+03	3.343594417239243910e+01
2.156114969782813205e+03	3.198866328939243076e+01
2.157946756892813028e+03	3.235226497339242968e+01
2.159778544002813305e+03	2.994750270539242720e+01
2.161610331112813128e+03	3.108043727539243051e+01
2.163442118222812951e+03	2.657409724939243389e+01
2.165273905332813229e+03	3.477575740539243299e+01
2.167105692442813051e+03	2.939001521739243117e+01
2.168937479552813329e+03	3.238484248839242952e+01
2.170769266662813152e+03	3.369351253239243249e+01
2.172601053772812975e+03	3.262579402639243398e+01
2.174432840882813252e+03	3.174179134039243877e+01
2.176264627992813075e+03	3.210318813039242514e+01
2.178096415092813004e+03	3.422575435339242489e+01
2.179928202202813281e+03	3.154917964639242101e+01
2.181759989312813104e+03	3.416450557439242885e+01
2.183591776422812927e+03	3.280565700239242943e+01
2.185423563532813205e+03	3.158029231739242704e+01
2.187255350642813028e+03	3.047097072339242985e+01
2.189087137752813305e+03	3.167419490539243299e+01
2.190918924862813128e+03	3.463506374039243951e+01
2.192750711972812951e+03	3.608402309139243158e+01
2.194582499082813229e+03	3.785221156739243042e+01
2.196414286192813051e+03	3.511457118739244265e+01
2.198246073302813329e+03	3.368759975139244034e+01
2.200077860412813152e+03	3.523207912139241671e+01
2.201909647522812975e+03	3.783059749339242472e+01
2.203741434632813252e+03	3.513694820139243546e+01
2.205573221742813075e+03	2.940602931639242712e+01
2.207405008842813004e+03	3.562432155339243423e+01
2.209236795952813281e+03	3.394112453139241836e+01
2.211068583062813104e+03	3.210833034239242778e+01
2.212900370172812927e+03	3.254685268139242993e+01
2.214732157282813205e+03	3.754135188739243034e+01
2.216563944392813028e+03	3.219309291539243389e+01
2.218395731502813305e+03	3.202799281739242332e+01
2.220227518612813128e+03	3.264584407539242505e+01
2.222059305722812951e+03	3.420032558139243406e+01
2.223891092832813229e+03	3.576277980539244084e+01
2.225722879942813051e+03	3.120233211239244042e+01
2.227554667052813329e+03	3.012439784739242654e+01
2.229386454162813152e+03	3.245038661639242861e+01
2.231218241272812975e+03	3.207062587439242662e+01
2.233050028382813252e+03	3.359870204639243241e+01
2.234881815492813075e+03	3.174552974439244224e+01
2.236713602592813004e+03	3.083820399939242307e+01
2.238545389702813281e+03	3.066568813039243580e+01
2.240377176812813104e+03	3.204414424639242753e+01
2.242208963922812927e+03	3.446376857439242514e+01
2.244040751032813205e+03	3.183670863839243026e+01
2.245872538142813028e+03	3.436296138439243464e+01
2.247704325252813305e+03	3.057968196539242811e+01
2.249536112362813128e+03	3.139831599939243034e+01
2.251367899472812951e+03	2.976805171639242786e+01
2.253199686582813229e+03	3.465600642839242340e+01
2.255031473692813051e+03	3.648130092339243902e+01
2.256863260802813329e+03	3.258255824739243423e+01
2.258695047912813152e+03	3.231687221239243257e+01
2.260526835022812975e+03	3.164220485439242125e+01
2.262358622132813252e+03	3.257358607939244166e+01
2.264190409242813075e+03	2.934356746339242150e+01
2.266022196342813004e+03	3.204045161939244224e+01
2.267853983452813281e+03	3.484321651139243414e+01
2.269685770562813104e+03	3.470182094239242332e+01
2.271517557672812927e+03	3.239767512939243943e+01
2.273349344782813205e+03	3.177504024239243563e+01
2.275181131892813028e+03	3.488343105039242431e+01
2.277012919002813305e+03	3.443940028839242729e+01
2.278844706112813128e+03	3.277073726339242654e+01
2.280676493222812951e+03	3.741138515139243736e+01
2.282508280332813229e+03	3.362575587939243604e+01
2.284340067442813051e+03	3.204827174839243042e+01
2.286171854552813329e+03	3.086256465639243274e+01
2.288003641662813152e+03	3.363730678239243588e+01
2.289835428772812975e+03	3.358348140439243679e+01
2.291667215882813252e+03	3.419770106939243703e+01
2.293499002992813075e+03	3.389493617739243803e+01
2.295330790092813004e+03	2.967083034239242423e+01
2.297162577202813281e+03	3.091959438039243224e+01
2.298994364312813104e+03	3.240475520839241597e+01
2.300826151422812927e+03	3.623529872639244331e+01
2.302657938532813205e+03	3.776268062339242704e+01
2.304489725642813028e+03	3.541838893639242514e+01
2.306321512752813305e+03	3.460157832839242786e+01
2.308153299862813128e+03	3.224540767339242819e+01
2.309985086972812951e+03	3.505052241939242919e+01
2.311816874082813229e+03	3.644886073739242249e+01
2.313648661192813051e+03	3.593801173839242580e+01
2.315480448302813329e+03	3.600743922939241770e+01
2.317312235412813152e+03	3.326718959539243059e+01
2.319144022522812975e+03	3.129782924339244232e+01
2.320975809632813252e+03	3.845684108439242976e+01
2.322807596742813075e+03	3.831254634539242687e+01
2.324639383842813004e+03	3.806760463439243125e+01
2.326471170952813281e+03	3.944066676839243257e+01
2.328302958062813104e+03	4.722789821339242167e+01
2.330134745172812927e+03	4.598180446339243588e+01
2.331966532282813205e+03	4.341518459039244959e+01
2.333798319392813028e+03	3.712670192439242811e+01
2.335630106502813305e+03	3.639621791539243389e+01
2.337461893612813128e+03	3.339141139639243505e+01
2.339293680722812951e+03	3.628894862839243274e+01
2.341125467832813229e+03	3.627393397939242448e+01
2.342957254942813051e+03	3.700918636039243381e+01
2.344789042052813329e+03	3.838068446839243109e+01
2.346620829162813152e+03	3.631229457539243555e+01
2.348452616272812975e+03	3.607747707039243323e+01
2.350284403382813252e+03	3.374305782039242985e+01
2.352116190492813075e+03	3.728720149739242373e+01
2.353947977592813004e+03	3.776020106939242993e+01
2.355779764702813281e+03	3.998061427739243356e+01
2.357611551812813104e+03	3.821457729039243389e+01
2.359443338922812927e+03	3.697795161939243513e+01
2.361274881892813028e+03	3.787392482439243224e+01
2.363106669002813305e+03	4.084680995639242695e+01
2.364938456112813128e+03	3.878472194339244083e+01
2.366770243222812951e+03	4.190229091339242729e+01
2.368602030332813229e+03	4.250479945839244778e+01
2.370433817442813051e+03	4.030071315439243307e+01
2.372265604552813329e+03	4.231948146539243538e+01
2.374097391662813152e+03	4.378636226339242654e+01
2.375929178772812975e+03	4.407225093539241811e+01
2.377760965882813252e+03	4.274941310539242778e+01
2.379592752992813075e+03	4.641458186839241051e+01
2.381424540092813004e+03	4.260363063539244166e+01
2.383256327202813281e+03	4.625554713939242646e+01
2.385088114312813104e+03	4.663372096739242068e+01
2.386919901422812927e+03	4.948580226639243307e+01
2.388751688532813205e+03	4.796685085039245422e+01
2.390583475642813028e+03	4.810865077639241605e+01
2.392415262752813305e+03	4.912387904839243191e+01
2.394247049862813128e+03	5.122393092839244133e+01
2.396078836972812951e+03	5.204689845739242315e+01
2.397910624082813229e+03	5.383089503939244480e+01
2.399742411192813051e+03	5.466906032239243984e+01
2.401574198302813329e+03	5.572762355539243373e+01
2.403405985412813152e+03	5.931198939939241654e+01
2.405237772522812975e+03	5.625554713939245488e+01
2.407069559632813252e+03	5.856398830139241340e+01
2.408901346742813075e+03	5.898975429239244761e+01
2.410733133842813004e+03	6.870893153839243439e+01
2.412564920952813281e+03	6.574134120639243406e+01
2.414396708062813104e+03	6.722975978539243158e+01
2.416228495172812927e+03	6.819512233439243687e+01
2.418060282282813205e+03	7.342430934639241968e+01
2.419892069392813028e+03	7.459078273439244811e+01
2.421723856502813305e+03	7.556989345239242084e+01
2.423555643612813128e+03	7.744205531739243042e+01
2.425387430722812951e+03	8.048668727539242695e+01
2.427219217832813229e+03	8.776116237339239490e+01
2.429051004942813051e+03	9.168166408239243026e+01
2.430882792052813329e+03	9.075554713939243356e+01
2.432714579162813152e+03	9.285965785639243109e+01
2.434546366272812975e+03	9.584886989339243257e+01
2.436378153382813252e+03	1.021752706493924165e+02
2.438209940492813075e+03	1.008933187453924347e+02
2.440041727592813004e+03	1.035742422073924303e+02
2.441873514702813281e+03	1.014469533893924478e+02
2.443705301812813104e+03	9.826221522939242448e+01
2.445537088922812927e+03	1.002480398143924418e+02
2.447368876032813205e+03	1.032490011183924281e+02
2.449200663142813028e+03	1.010831380813924341e+02
2.451032450252813305e+03	1.004738393753924441e+02
2.452864237362813128e+03	1.008632436723924286e+02
2.454696024472812951e+03	1.036773000683924266e+02
2.456527811582813229e+03	9.687628993739241423e+01
2.458359598692813051e+03	1.030940481153924111e+02
2.460191385802813329e+03	9.649578151439244778e+01
2.462023172912813152e+03	9.454110011739241770e+01
2.463854960022812975e+03	1.001008535353924174e+02
2.465686747132813252e+03	9.749645290039241274e+01
2.467518534242813075e+03	9.775408229539243621e+01
2.469350321342813004e+03	9.778969630939242563e+01
2.471182108452813281e+03	9.957277736339243290e+01
2.473013895562813104e+03	9.633387050339244695e+01
2.474845682672812927e+03	9.568631801339242315e+01
2.476677469782813205e+03	9.546202907239242563e+01
2.478509256892813028e+03	9.180310878439243538e+01
2.480341044002813305e+03	8.949265346239239705e+01
2.482172831112813128e+03	9.211068019539243323e+01
2.484004618222812951e+03	9.090729579639241820e+01
2.485836405332813229e+03	8.861269435539242068e+01
2.487668192442813051e+03	8.892664394039242381e+01
2.489499979552813329e+03	8.868167934139243869e+01
2.491331766662813152e+03	8.872560939539239655e+01
2.493163553772812975e+03	8.483828029339242960e+01
2.494995340882813252e+03	8.534922084539242348e+01
2.496827127992813075e+03	8.500331935539242068e+01
2.498658915092813004e+03	8.305230006839242662e+01
2.500490702202813281e+03	8.550589809139242448e+01
2.502322489312813104e+03	8.599407252939239754e+01
2.504154276422812927e+03	8.697216090839241076e+01
2.505986063532813205e+03	8.530997523939242910e+01
2.507817850642813028e+03	8.232619533239240184e+01
2.509649637752813305e+03	7.898345241239242398e+01
2.511481424862813128e+03	8.662628993739242844e+01
2.513313211972812951e+03	8.375354823739245091e+01
2.515144999082813229e+03	8.772269496639241027e+01
2.516976786192813051e+03	8.846328029339241539e+01
2.518808573302813329e+03	8.439612636239245091e+01
2.520640360412813152e+03	8.563268336939242431e+01
2.522472147522812975e+03	8.693163356439242762e+01
2.524303934632813252e+03	8.738159999539243472e+01
2.526135721742813075e+03	8.853064784739243009e+01
2.527967508842813004e+03	8.916307887739242233e+01
2.529799295952813281e+03	8.574213466339240597e+01
2.531631083062813104e+03	8.565934047439243670e+01
2.533462870172812927e+03	8.658089503939241638e+01
2.535294657282813205e+03	9.393143520039242844e+01
2.537126444392813028e+03	9.075908717839243423e+01
2.538958231502813305e+03	8.949030360839242348e+01
2.540790018612813128e+03	9.130878505439241621e+01
2.542621805722812951e+03	9.131896266639242299e+01
2.544453592832813229e+03	9.249051723139243109e+01
2.546285379942813051e+03	9.723427638739242695e+01
2.548117167052813329e+03	9.809766444839245025e+01
2.549948954162813152e+03	1.000957876173924319e+02
2.551780741272812975e+03	9.607000026439243356e+01
2.553612528382813252e+03	9.387714442939241621e+01
2.555444315492813075e+03	9.655106410639243109e+01
2.557276102592813004e+03	9.722310695339243125e+01
2.559107889702813281e+03	1.024082113233924503e+02
2.560939676812813104e+03	1.004935079543924275e+02
2.562771463922812927e+03	9.788016566939242580e+01
2.564603251032813205e+03	1.010443502393924433e+02
2.566435038142813028e+03	1.036944204303924124e+02
2.568266825252813305e+03	1.037805868123924142e+02
2.570098612362813128e+03	1.114311300243924165e+02
2.571930399472812951e+03	1.087959066363924308e+02
2.573762186582813229e+03	1.096316305133924374e+02
2.575593973692813051e+03	1.110860677693924288e+02
2.577425760802813329e+03	1.136500326123924367e+02
2.579257547912813152e+03	1.185017934773924395e+02
2.581089335022812975e+03	1.168868337603924346e+02
2.582921122132813252e+03	1.197212758983924346e+02
2.584752909242813075e+03	1.233024373973924384e+02
2.586584696342813004e+03	1.250671621293924147e+02
2.588416483452813281e+03	1.275654378863924308e+02
2.590248270562813104e+03	1.367529531453924392e+02
2.592080057672812927e+03	1.366017232863924278e+02
2.593911844782813205e+03	1.444683614703924093e+02
2.595743631892813028e+03	1.447360464063924326e+02
2.597575419002813305e+03	1.544452291453924602e+02
2.599407206112813128e+03	1.520145040483924390e+02
2.601238993222812951e+03	1.637443777053924521e+02
2.603070780332813229e+03	1.680734182323924415e+02
2.604902567442813051e+03	1.748129507033924597e+02
2.606734354552813329e+03	1.768697744343924398e+02
2.608566141662813152e+03	1.836812368363924577e+02
2.610397928772812975e+03	1.901719900103924488e+02
2.612229715882813252e+03	1.963561941113924263e+02
2.614061258842813004e+03	2.151967397663924544e+02
2.615893045952813281e+03	2.180573965043924431e+02
2.617724833062813104e+03	2.214320913283924313e+02
2.619556620172812927e+03	2.326180349323924759e+02
2.621388407282813205e+03	2.377477651563924610e+02
2.623220194392813028e+03	2.453073354693924273e+02
2.625051981502813305e+03	2.596845937703924392e+02
2.626883768612813128e+03	2.693160329793924461e+02
2.628715555722812951e+03	2.800330739943924527e+02
2.630547342832813229e+03	2.856309133503924613e+02
2.632379129942813051e+03	2.956696401563924610e+02
2.634210917052813329e+03	3.161414113963924706e+02
2.636042704162813152e+03	3.223038869823924415e+02
2.637874491272812975e+03	3.452022329303924266e+02
2.639706278382813252e+03	3.626489797563924640e+02
2.641538065492813075e+03	3.764768606153924679e+02
2.643369852592813004e+03	3.950411916703924362e+02
2.645201639702813281e+03	4.191453786823924474e+02
2.647033426812813104e+03	4.455886770213925274e+02
2.648865213922812927e+03	4.756459890333925955e+02
2.650697001032813205e+03	4.999937063183923556e+02
2.652528788142813028e+03	5.234687429393925413e+02
2.654360575252813305e+03	5.541336599323924474e+02
2.656192362362813128e+03	5.714769216503924554e+02
2.658024149472812951e+03	6.050233083693923390e+02
2.659855936582813229e+03	6.486528860063923503e+02
2.661687723692813051e+03	6.783311086623923529e+02
2.663519510802813329e+03	7.272567678423923780e+02
2.665351297912813152e+03	7.693190847363923695e+02
2.667183085022812975e+03	8.115261770213924137e+02
2.669014872132813252e+03	8.499431692093924084e+02
2.670846659242813075e+03	9.064348073933922478e+02
2.672678446342813004e+03	9.615672536863922915e+02
2.674510233452813281e+03	1.015200066186392405e+03
2.676342020562813104e+03	1.082776848406392446e+03
2.678173807672812927e+03	1.155970940206392470e+03
2.680005594782813205e+03	1.218380241966392532e+03
2.681837381892813028e+03	1.282717766376392547e+03
2.683669169002813305e+03	1.336487541766392496e+03
2.685500956112813128e+03	1.395066765396392611e+03
2.687332743222812951e+03	1.438689690206392470e+03
2.689164530332813229e+03	1.480767204856392482e+03
2.690996317442813051e+03	1.483511589616392484e+03
2.692828104552813329e+03	1.483332268326392523e+03
2.694659891662813152e+03	1.476225823016392496e+03
2.696491678772812975e+03	1.425662956806392458e+03
2.698323465882813252e+03	1.387707512466392473e+03
2.700155252992813075e+03	1.341445061296392396e+03
2.701987040092813004e+03	1.257044304466392532e+03
2.703818827202813281e+03	1.195896721456392470e+03
2.705650614312813104e+03	1.124575310326392582e+03
2.707482401422812927e+03	1.063774040796392455e+03
2.709314188532813205e+03	9.930762868863927224e+02
2.711145975642813028e+03	9.324510427463925453e+02
2.712977762752813305e+03	8.704480520213924137e+02
2.714809549862813128e+03	8.215046926463924137e+02
2.716641336972812951e+03	7.637906423543923893e+02
2.718473124082813229e+03	7.069585500683923556e+02
2.720304911192813051e+03	6.657637258503923476e+02
2.722136698302813329e+03	6.141834035843924084e+02
2.723968485412813152e+03	5.786738210643924276e+02
2.725800272522812975e+03	5.311780324903924111e+02
2.727632059632813252e+03	5.007742849323923906e+02
2.729463846742813075e+03	4.711133962603924488e+02
2.731295633842813004e+03	4.415139699903925248e+02
2.733127420952813281e+03	4.073608327833924250e+02
2.734959208062813104e+03	3.854739614453924332e+02
2.736790995172812927e+03	3.666865468953924392e+02
2.738622782282813205e+03	3.450155874223924570e+02
2.740454569392813028e+03	3.311350637403924679e+02
2.742286356502813305e+03	3.067406850783924597e+02
2.744118143612813128e+03	2.959319997753924554e+02
2.745949930722812951e+03	2.831524892773924762e+02
2.747781717832813229e+03	2.674708181353924488e+02
2.749613504942813051e+03	2.550181508983924346e+02
2.751445292052813329e+03	2.401621328323924729e+02
2.753277079162813152e+03	2.273235708203924332e+02
2.755108866272812975e+03	2.162104421583923965e+02
2.756940653382813252e+03	2.089480215043924147e+02
2.758772440492813075e+03	2.012706533403924709e+02
2.760604227592813004e+03	1.869404226273924507e+02
2.762436014702813281e+03	1.812817617383924471e+02
2.764267801812813104e+03	1.696855092973924570e+02
2.766099588922812927e+03	1.641711355183924184e+02
2.767931376032813205e+03	1.573106924023924194e+02
2.769763163142813028e+03	1.563555227253924613e+02
2.771594950252813305e+03	1.453863607373924367e+02
2.773426737362813128e+03	1.345522390333924534e+02
2.775258524472812951e+03	1.338962942093924369e+02
2.777090311582813229e+03	1.306162801713924182e+02
2.778922098692813051e+03	1.249693227733924630e+02
2.780753885802813329e+03	1.248914876903924096e+02
2.782585672912813152e+03	1.193193441363924308e+02
2.784417460022812975e+03	1.134337087603924346e+02
2.786249247132813252e+03	1.107429128613924263e+02
2.788081034242813075e+03	1.073448263133924172e+02
2.789912821342813004e+03	1.083619161573924146e+02
2.791744608452813281e+03	9.759024867739242382e+01
2.793576395562813104e+03	1.019163900343924354e+02
2.795408182672812927e+03	9.713842067439242101e+01
2.797239969782813205e+03	9.534772548339240927e+01
2.799071756892813028e+03	9.402536830639243703e+01
2.800903544002813305e+03	9.524663600639244976e+01
2.802735331112813128e+03	9.267778835039241869e+01
2.804567118222812951e+03	9.065436610839243770e+01
2.806398905332813229e+03	8.637801418039242662e+01
2.808230692442813051e+03	8.291854152339244877e+01
2.810062479552813329e+03	8.580497035639243109e+01
2.811894266662813152e+03	8.297065028839242018e+01
2.813726053772812975e+03	7.989313564039241555e+01
2.815557840882813252e+03	7.604521999039241109e+01
2.817389627992813075e+03	7.417620143639243224e+01
2.819221415092813004e+03	8.121428737339242332e+01
2.821053202202813281e+03	7.466576442439242101e+01
2.822884989312813104e+03	7.332552394539244744e+01
2.824716776422812927e+03	7.023239955639242282e+01
2.826548563532813205e+03	7.318663844739241142e+01
2.828380350642813028e+03	7.270226344739241142e+01
2.830212137752813305e+03	7.015183314939243076e+01
2.832043924862813128e+03	6.719168910639243109e+01
2.833875711972812951e+03	6.341983852039244596e+01
2.835707499082813229e+03	6.300098476139242365e+01
2.837539286192813051e+03	6.762448939939243076e+01
2.839371073302813329e+03	6.473435268139243703e+01
2.841202860412813152e+03	6.433017787639242613e+01
2.843034647522812975e+03	6.306964931239242844e+01
2.844866434632813252e+03	6.548336085939244811e+01
2.846698221742813075e+03	6.062001857439243224e+01
2.848530008842813004e+03	6.138285121639242448e+01
2.850361795952813281e+03	6.187421474139242861e+01
2.852193583062813104e+03	5.930387172439243670e+01
2.854025370172812927e+03	6.332062587439243373e+01
2.855857157282813205e+03	6.024233302739242646e+01
2.857688944392813028e+03	5.839783534739243720e+01
2.859520731502813305e+03	5.755365810139242200e+01
2.861352518612813128e+03	5.958380946839243109e+01
2.863184305722812951e+03	5.396891078639242778e+01
2.865016092832813229e+03	5.947046718339243654e+01
2.866847635802813329e+03	5.051372585039244001e+01
2.868679422912813152e+03	5.568264064539243208e+01
2.870511210022812975e+03	5.240839442939243042e+01
2.872342997132813252e+03	5.284258327139242795e+01
2.874174784242813075e+03	5.155092677739242646e+01
2.876006571342813004e+03	5.198421535239244662e+01
2.877838358452813281e+03	5.247010097239245141e+01
2.879670145562813104e+03	5.376541957539244265e+01
2.881501932672812927e+03	4.849503383339242646e+01
2.883333719782813205e+03	5.055277309139243869e+01
2.885165506892813028e+03	4.896187648439243389e+01
2.886997294002813305e+03	4.967820033739242547e+01
2.888829081112813128e+03	4.689354762739241522e+01
2.890660868222812951e+03	4.695919093739243522e+01
2.892492655332813229e+03	4.693705043539244315e+01
2.894324442442813051e+03	4.617961177539241646e+01
2.896156229552813329e+03	4.469640407239243274e+01
2.897988016662813152e+03	4.643892726639243307e+01
2.899819803772812975e+03	4.594506129939243522e+01
2.901651590882813252e+03	4.556573543239244373e+01
2.903483377992813075e+03	4.337113246639243869e+01
2.905315165092813004e+03	4.664055690439244017e+01
2.907146952202813281e+03	4.386110744139242712e+01
2.908978739312813104e+03	4.240831813539243456e+01
2.910810526422812927e+03	4.400318202639243026e+01
2.912642313532813205e+03	4.573897609439243439e+01
2.914474100642813028e+03	4.184333095239243505e+01
2.916305887752813305e+03	4.084316310539243489e+01
2.918137674862813128e+03	4.048963222239242299e+01
2.919969461972812951e+03	3.989928493239242613e+01
2.921801249082813229e+03	3.981966457039242613e+01
2.923633036192813051e+03	4.041866359439243439e+01
2.925464823302813329e+03	4.268706569339242662e+01
2.927296610412813152e+03	4.192957362839242563e+01
2.929128397522812975e+03	3.881862697339243340e+01
2.930960184632813252e+03	3.853937587439242662e+01
2.932791971742813075e+03	4.157296809839242968e+01
2.934623758842813004e+03	3.905126247139242679e+01
2.936455545952813281e+03	3.825978908239242315e+01
2.938287333062813104e+03	4.109911403339243918e+01
2.940119120172812927e+03	4.151666316639243348e+01
2.941950907282813205e+03	4.277423915539242927e+01
2.943782694392813028e+03	4.350280055739241902e+01
2.945614481502813305e+03	4.100275478039242927e+01
2.947446268612813128e+03	3.903986415539242927e+01
2.949278055722812951e+03	4.151162776639242935e+01
2.951109842832813229e+03	3.750577602039243175e+01
2.952941629942813051e+03	4.013096675539243563e+01
2.954773417052813329e+03	3.730657252939243307e+01
2.956605204162813152e+03	3.649897823039243150e+01
2.958436991272812975e+03	3.466919765139242315e+01
2.960268778382813252e+03	3.756996974639243092e+01
2.962100565492813075e+03	3.512519893339243993e+01
2.963932352592813004e+03	3.236827907239243984e+01
2.965764139702813281e+03	3.382739314739244207e+01
2.967595926812813104e+03	3.539166316639242638e+01
2.969427713922812927e+03	3.624147853539242448e+01
2.971259501032813205e+03	3.246776637739242943e+01
2.973091288142813028e+03	3.043587550839243860e+01
2.974923075252813305e+03	3.257579097439241878e+01
2.976754862362813128e+03	3.261253413839243365e+01
2.978586649472812951e+03	2.853598842339242836e+01
2.980418436582813229e+03	2.776630458539243307e+01
2.982250223692813051e+03	2.891684016839243299e+01
2.984082010802813329e+03	2.802809962939244315e+01
2.985913797912813152e+03	3.048524532039242629e+01
2.987745585022812975e+03	3.018293819139243084e+01
2.989577372132813252e+03	2.968727931639243067e+01
2.991409159242813075e+03	2.847082576439244050e+01
2.993240946342813004e+03	2.621705684339244158e+01
2.995072733452813281e+03	2.751079616239243819e+01
2.996904520562813104e+03	2.862332210239243580e+01
2.998736307672812927e+03	2.975703487139243109e+01
3.000568094782813205e+03	3.148236140939243199e+01
3.002399881892813028e+03	2.821621761039243026e+01
3.004231669002813305e+03	2.580159053539242819e+01
3.006063456112813128e+03	2.635115108239242687e+01
3.007895243222812951e+03	2.516581783039244158e+01
3.009727030332813229e+03	2.375520381639243439e+01
3.011558817442813051e+03	2.552704677239243836e+01
3.013390604552813329e+03	2.809101924639243464e+01
3.015222391662813152e+03	2.650366267839242695e+01
3.017054178772812975e+03	2.538090572039243042e+01
3.018885965882813252e+03	2.183861598639244050e+01
3.020717752992813075e+03	2.592448482239243290e+01
3.022549540092813004e+03	2.656971034739242299e+01
3.024381327202813281e+03	2.460699519839242910e+01
3.026213114312813104e+03	2.429460200939243464e+01
3.028044901422812927e+03	2.489621028639242795e+01
3.029876688532813205e+03	2.483628902139243166e+01
3.031708475642813028e+03	2.539659175539243563e+01
3.033540262752813305e+03	2.172272548339242704e+01
3.035372049862813128e+03	2.246207484939243670e+01
3.037203836972812951e+03	2.447622737539243332e+01
3.039035624082813229e+03	2.160430202139244216e+01
3.040867411192813051e+03	2.335133418739243183e+01
3.042699198302813329e+03	2.471163234439244150e+01
3.044530985412813152e+03	2.486275539139243307e+01
3.046362772522812975e+03	2.540411433839242150e+01
3.048194559632813252e+03	2.325146541339243456e+01
3.050026346742813075e+03	2.542195186339243307e+01
3.051858133842813004e+03	2.468407497139242324e+01
3.053689920952813281e+03	2.564794215839243208e+01
3.055521708062813104e+03	2.701808986339242580e+01
3.057353495172812927e+03	2.582534084039243893e+01
3.059185282282813205e+03	2.627265987139243464e+01
3.061017069392813028e+03	2.358364162139242026e+01
3.062848856502813305e+03	2.850420436539243951e+01
3.064680643612813128e+03	2.531333217339243546e+01
3.066512430722812951e+03	2.820499477039242464e+01
3.068344217832813229e+03	2.697977504439242935e+01
3.070176004942813051e+03	2.695006618239242258e+01
3.072007792052813329e+03	2.703688869139243423e+01
3.073839579162813152e+03	2.323333797139243018e+01
3.075671366272812975e+03	2.579749355039242431e+01
3.077503153382813252e+03	2.667954311039244075e+01
3.079334940492813075e+03	2.595667323739242960e+01
3.081166727592813004e+03	2.555876979539242910e+01
3.082998514702813281e+03	2.793125972439242233e+01
3.084830301812813104e+03	2.718329677239243836e+01
3.086662088922812927e+03	2.497014674839243042e+01
3.088493876032813205e+03	2.887421474139243216e+01
3.090325663142813028e+03	3.085846767139242530e+01
3.092157450252813305e+03	3.059677180939243613e+01
3.093989237362813128e+03	3.200430354739243910e+01
3.095821024472812951e+03	3.077739772539242580e+01
3.097652811582813229e+03	3.330617580139243472e+01
3.099484598692813051e+03	3.324483546939243439e+01
3.101316385802813329e+03	3.211896571839243109e+01
3.103148172912813152e+03	3.266563472439243299e+01
3.104979960022812975e+03	3.480326137239244133e+01
3.106811747132813252e+03	3.410676631639243084e+01
3.108643534242813075e+03	3.284450587939242894e+01
3.110475321342813004e+03	3.627034816439243059e+01
3.112307108452813281e+03	3.693248805739242613e+01
3.114138895562813104e+03	4.385053310139242910e+01
3.115970682672812927e+03	4.319024715139242687e+01
3.117802469782813205e+03	4.279925594039243464e+01
3.119634256892813028e+03	4.460007533739243257e+01
3.121465799862813128e+03	4.556055507339243604e+01
3.123297586972812951e+03	5.131200465839243208e+01
3.125129374082813229e+03	4.979583034239245620e+01
3.126961161192813051e+03	5.146904811539241109e+01
3.128792948302813329e+03	5.241198024439242431e+01
3.130624735412813152e+03	5.435813197839243571e+01
3.132456522522812975e+03	5.786621913639245207e+01
3.134288309632813252e+03	6.109711513239241754e+01
3.136120096742813075e+03	6.578014430739243323e+01
3.137951883842813004e+03	6.925301418039242662e+01
3.139783670952813281e+03	7.041960963939241935e+01
3.141615458062813104e+03	7.359537563039243935e+01
3.143447245172812927e+03	7.679877528839242018e+01
3.145279032282813205e+03	7.926894435539240646e+01
3.147110819392813028e+03	8.775090846739243489e+01
3.148942606502813305e+03	9.202697047939241770e+01
3.150774393612813128e+03	9.792199001039242034e+01
3.152606180722812951e+03	1.074954915973924301e+02
3.154437967832813229e+03	1.129148946733924106e+02
3.156269754942813051e+03	1.223158193553924207e+02
3.158101542052813329e+03	1.250794149373924142e+02
3.159933329162813152e+03	1.328126760453924646e+02
3.161765116272812975e+03	1.358892141313924355e+02
3.163596903382813252e+03	1.425342031453924392e+02
3.165428690492813075e+03	1.471109395953924093e+02
3.167260477592813004e+03	1.492915121043924387e+02
3.169092264702813281e+03	1.555699392293924177e+02
3.170924051812813104e+03	1.582624898883924232e+02
3.172755838922812927e+03	1.599422231643924306e+02
3.174587626032813205e+03	1.672507101033924926e+02
3.176419413142813028e+03	1.681640859573924445e+02
3.178251200252813305e+03	1.765366750683924977e+02
3.180082987362813128e+03	1.796451650593924398e+02
3.181914774472812951e+03	1.915194631543924118e+02
3.183746561582813229e+03	1.920999074903924679e+02
3.185578348692813051e+03	1.929028860063924640e+02
3.187410135802813329e+03	1.901389394733924405e+02
3.189241922912813152e+03	1.903078542683924468e+02
3.191073710022812975e+03	1.901246877643924620e+02
3.192905497132813252e+03	1.872516408893924336e+02
3.194737284242813075e+03	1.815926137893924022e+02
3.196569071342813004e+03	1.792496572463925020e+02
3.198400858452813281e+03	1.627308736773924522e+02
3.200232645562813104e+03	1.639232717483924091e+02
3.202064432672812927e+03	1.560647512403924111e+02
3.203896219782813205e+03	1.554832235303924222e+02
3.205728006892813028e+03	1.500180746043924103e+02
3.207559794002813305e+03	1.491364675493924210e+02
3.209391581112813128e+03	1.528792654003924554e+02
3.211223368222812951e+03	1.402062917683924468e+02
3.213055155332813229e+03	1.391810232133924217e+02
3.214886942442813051e+03	1.326642843213924436e+02
3.216718729552813329e+03	1.352098012893924590e+02
3.218550516662813152e+03	1.334292837113924577e+02
3.220382303772812975e+03	1.291022573443924273e+02
3.222214090882813252e+03	1.316199880573924474e+02
3.224045877992813075e+03	1.359500966993924180e+02
3.225877665092813004e+03	1.301270376173924319e+02
3.227709452202813281e+03	1.319097982373924651e+02
3.229541239312813104e+03	1.266622549023924478e+02
3.231373026422812927e+03	1.299239431353924488e+02
3.233204813532813205e+03	1.250844503373924539e+02
3.235036600642813028e+03	1.268490529983924233e+02
3.236868387752813305e+03	1.179187093703924347e+02
3.238700174862813128e+03	1.094338308303924379e+02
3.240531961972812951e+03	1.071294790233924346e+02
3.242363749082813229e+03	9.865869960439241027e+01
3.244195536192813051e+03	9.250919398939241489e+01
3.246027323302813329e+03	8.776042995139242464e+01
3.247859110412813152e+03	7.513864955639242282e+01
3.249690897522812975e+03	6.920063075739241754e+01
3.251522684632813252e+03	6.596579799339241390e+01
3.253354471742813075e+03	6.179055080139242762e+01
3.255186258842813004e+03	5.648983058639243637e+01
3.257018045952813281e+03	5.147794398939242200e+01
3.258849833062813104e+03	4.559690150939243125e+01
3.260681620172812927e+03	4.545958766639243009e+01
3.262513407282813205e+03	3.946800288839243365e+01
3.264345194392813028e+03	3.676033839839242745e+01
3.266176981502813305e+03	3.606069240239243356e+01
3.268008768612813128e+03	3.318168697039242687e+01
3.269840555722812951e+03	3.165406093339243299e+01
3.271672342832813229e+03	3.056117305439244092e+01
3.273504129942813051e+03	3.055735835739242034e+01
3.275335917052813329e+03	2.772422084539243770e+01
3.277167704162813152e+03	2.761737117439242439e+01
3.278999491272812975e+03	2.163067683839243216e+01
3.280831278382813252e+03	2.050889644339242324e+01
3.282663065492813075e+03	2.236918697039242687e+01
3.284494852592813004e+03	2.053364619939243241e+01
3.286326639702813281e+03	2.020173701939243927e+01
3.288158426812813104e+03	1.693277034459243424e+01
3.289990213922812927e+03	1.891744289139243307e+01
3.291822001032813205e+03	1.637476405799242940e+01
3.293653788142813028e+03	1.918560085039242580e+01
3.295485575252813305e+03	2.145524654139243381e+01
3.297317362362813128e+03	1.832492122349243147e+01
3.299149149472812951e+03	1.756842860879241996e+01
3.300980936582813229e+03	1.955318507839242059e+01
3.302812723692813051e+03	1.584040126499243151e+01
3.304644510802813329e+03	1.340596828159242371e+01
3.306476297912813152e+03	1.560953578649244022e+01
3.308308085022812975e+03	1.394774684609244098e+01
3.310139872132813252e+03	1.185811671909243259e+01
3.311971659242813075e+03	1.250490626989241782e+01
3.313803446342813004e+03	1.419368037879243261e+01
3.315635233452813281e+03	1.637797603309243044e+01
3.317467020562813104e+03	1.446012935339242311e+01
3.319298807672812927e+03	1.300157985389242832e+01
3.321130594782813205e+03	1.019551143349243105e+01
3.322962381892813028e+03	1.390804347689242348e+01
3.324794169002813305e+03	1.429110774699243080e+01
3.326625956112813128e+03	1.188776454629242174e+01
3.328457743222812951e+03	1.471216640179242319e+01
3.330289530332813229e+03	1.474138698279242199e+01
3.332121317442813051e+03	1.608129939739243852e+01
3.333953104552813329e+03	1.509244594279242868e+01
3.335784891662813152e+03	1.416217860879242707e+01
3.337616678772812975e+03	1.471174678509243350e+01
3.339448465882813252e+03	1.508375606239243183e+01
3.341280252992813075e+03	1.390077266399243783e+01
3.343112040092813004e+03	1.437207088169243363e+01
3.344943827202813281e+03	1.285286006629243083e+01
3.346775614312813104e+03	1.400599727329243116e+01
3.348607401422812927e+03	1.317742976849241821e+01
3.350439188532813205e+03	1.528029689489242315e+01
3.352270975642813028e+03	1.487719020549242899e+01
3.354102762752813305e+03	1.581934413609243073e+01
3.355934549862813128e+03	1.692213496859243094e+01
3.357766336972812951e+03	1.265427455599243700e+01
3.359598124082813229e+03	1.429525813759243391e+01
3.361429911192813051e+03	1.465326747599243440e+01
3.363261698302813329e+03	1.410797938999242795e+01
3.365093485412813152e+03	1.255440578159242548e+01
3.366925272522812975e+03	1.382930812539243526e+01
3.368757059632813252e+03	1.198936519329243922e+01
3.370588846742813075e+03	1.216743526159241817e+01
3.372420633842813004e+03	1.245703944859242895e+01
3.374252176812813104e+03	1.166347560589244203e+01
3.376083963922812927e+03	7.812775227392433131e+00
3.377915751032813205e+03	1.093281612099243993e+01
3.379747538142813028e+03	1.074287471469242305e+01
3.381579325252813305e+03	9.569702717692429417e+00
3.383411112362813128e+03	1.177974757849243126e+01
3.385242899472812951e+03	8.116028401292426864e+00
3.387074686582813229e+03	9.226822468592427384e+00
3.388906473692813051e+03	9.784355732792425542e+00
3.390738260802813329e+03	1.071747646029242063e+01
3.392570047912813152e+03	9.853569599992436423e+00
3.394401835022812975e+03	8.239739033592437423e+00
3.396233622132813252e+03	7.170235249392423071e+00
3.398065409242813075e+03	8.376953694192424749e+00
3.399897196342813004e+03	8.914307209892440298e+00
3.401728983452813281e+03	9.171402546792430499e+00
3.403560770562813104e+03	7.974052998392432201e+00
3.405392557672812927e+03	9.417015644892428483e+00
3.407224344782813205e+03	5.306488606292421473e+00
3.409056131892813028e+03	4.578240010192424769e+00
3.410887919002813305e+03	7.805420491092428747e+00
3.412719706112813128e+03	7.878655049192431647e+00
3.414551493222812951e+03	5.640579792892430611e+00
3.416383280332813229e+03	6.619774433992422047e+00
3.418215067442813051e+03	5.495476338292428764e+00
3.420046854552813329e+03	5.261910054092427735e+00
3.421878641662813152e+03	5.938034626792441095e+00
3.423710428772812975e+03	7.519737812892441475e+00
3.425542215882813252e+03	5.520493122892421667e+00
3.427374002992813075e+03	7.757935139492420085e+00
3.429205790092813004e+03	7.584198567292431470e+00
3.431037577202813281e+03	5.169426533592434758e+00
3.432869364312813104e+03	5.482987019392434824e+00
3.434701151422812927e+03	4.422073933492435494e+00
3.436532938532813205e+03	8.031845661992424112e+00
3.438364725642813028e+03	6.566864582892433688e+00
3.440196512752813305e+03	5.747345539892431354e+00
3.442028299862813128e+03	4.954674336292439918e+00
3.443860086972812951e+03	6.217331501792441983e+00
3.445691874082813229e+03	6.312195393492426199e+00
3.447523661192813051e+03	4.174561116092423418e+00
3.449355448302813329e+03	3.069725605892435816e+00
3.451187235412813152e+03	4.152680012592434800e+00
3.453019022522812975e+03	4.225174519392425942e+00
3.454850809632813252e+03	3.651199910092443268e+00
3.456682596742813075e+03	3.633492085292430840e+00
3.458514383842813004e+03	4.765884968592426496e+00
3.460346170952813281e+03	3.800102803092438197e+00
3.462177958062813104e+03	3.937119099492433438e+00
3.464009745172812927e+03	2.281555744992424639e+00
3.465841532282813205e+03	2.440186116092432300e+00
3.467673319392813028e+03	3.647194477892427678e+00
3.469505106502813305e+03	2.865425679092427735e+00
3.471336893612813128e+03	4.167954060392424331e+00
3.473168680722812951e+03	4.818001362692428735e+00
3.475000467832813229e+03	3.699966999892436714e+00
3.476832254942813051e+03	2.333778950592420021e+00
3.478664042052813329e+03	3.508484455992427531e+00
3.480495829162813152e+03	2.418617817792428237e+00
3.482327616272812975e+03	6.294307409242630436e-02
3.484159403382813252e+03	2.657173725992425961e+00
3.485991190492813075e+03	3.353200882924332049e-01
3.487822977592813004e+03	1.502449604892423851e+00
3.489654764702813281e+03	2.922691914392420376e+00
3.491486551812813104e+03	3.640884968592418947e+00
3.493318338922812927e+03	2.581093403692423571e+00
3.495150126032813205e+03	4.618095967192425988e+00
3.496981913142813028e+03	4.376106831392430507e+00
3.498813700252813305e+03	3.177742573592437836e+00
