5.012206786076525304e+02	4.967269284281201180e+00
5.030524657166525344e+02	5.582724911781199673e+00
5.048842528256525384e+02	6.633147580181189440e+00
5.067160094176525718e+02	6.022658688581190134e+00
5.085477965276525651e+02	4.684333188181193819e+00
5.103795836366525691e+02	4.517493588481198863e+00
5.122113707456525162e+02	4.488158566581196496e+00
5.140431578556525665e+02	4.904097897581199739e+00
5.158749449646525136e+02	5.605445248681199644e+00
5.177067320736525744e+02	5.079734189081191786e+00
5.195385191836525109e+02	5.235442502081202321e+00
5.213703062926525718e+02	4.835929257481200949e+00
5.232020934026525083e+02	5.698806149581193914e+00
5.250338805116525691e+02	4.647307736481200102e+00
5.268656676206525162e+02	4.810378415181191691e+00
5.286974547306525665e+02	5.859328610481203015e+00
5.305292418396525136e+02	5.351668698381195632e+00
5.323610289486525744e+02	4.079200131481198532e+00
5.341928160586525109e+02	4.601542813381196417e+00
5.360246031676525718e+02	5.840232235981194897e+00
5.378563902776525083e+02	5.473243100281196760e+00
5.396881773866525691e+02	4.440070492781200251e+00
5.415199644956525162e+02	4.418120724781201325e+00
5.433517516056525665e+02	5.138442380081185590e+00
5.451835387146525136e+02	5.278823239381203791e+00
5.470153258236525744e+02	5.158942563181200924e+00
5.488471129336525109e+02	6.383460385381202862e+00
5.506789000426525718e+02	5.476073605581193604e+00
5.525106871526525083e+02	6.393172604681202742e+00
5.543424132266525248e+02	6.791816098281192815e+00
5.561742003356525856e+02	6.152106625681206253e+00
5.580059874456525222e+02	6.183982235981193121e+00
5.598377745546525830e+02	7.813086850281196760e+00
5.616695616636525301e+02	8.101958615381196438e+00
5.635013487736525803e+02	6.302306515781204155e+00
5.653331358826525275e+02	6.900039059681196463e+00
5.671649229916525883e+02	5.353087765781198826e+00
5.689967101016525248e+02	5.591147763381207447e+00
5.708284972106525856e+02	6.529235226681199045e+00
5.726602843206525222e+02	6.174117428881190861e+00
5.744920714296525830e+02	5.444518429881205712e+00
5.763238585386525301e+02	7.482543332181194273e+00
5.781556456486525803e+02	5.218184811681197743e+00
5.799874327576525275e+02	7.150489193981204750e+00
5.818192198666525883e+02	6.178962094381192038e+00
5.836510069766525248e+02	5.793166501081188358e+00
5.854827940856525856e+02	6.228171689081192675e+00
5.873145811956525222e+02	6.820350033881199536e+00
5.891463683046525830e+02	7.314109189081198004e+00
5.909781554136525301e+02	7.435180050981186284e+00
5.928099425236525803e+02	6.369239193981206526e+00
5.946417296326525275e+02	6.255446774581190361e+00
5.964735167416525883e+02	6.259429318481196880e+00
5.983053038516525248e+02	5.860267025981194422e+00
6.001370909606525856e+02	5.751639706681196174e+00
6.019688780706525222e+02	6.970626217881194187e+00
6.038006651796525830e+02	7.798537594881203461e+00
6.056324522886525301e+02	4.976382596081196930e+00
6.074642393986525803e+02	5.913108212581197343e+00
6.092960265076525275e+02	6.363875729681196525e+00
6.111278136166525883e+02	6.811095578281199714e+00
6.129596007266525248e+02	5.871932370281203184e+00
6.147913878356525856e+02	5.521766049481203531e+00
6.166231749456525222e+02	6.947837216481194567e+00
6.184549010196525387e+02	7.979819638381199454e+00
6.202866881286525995e+02	6.324355465981197355e+00
6.221184752386525361e+02	7.408217770681189585e+00
6.239502623476525969e+02	6.740569455181193881e+00
6.257820494566525440e+02	6.459899289181193716e+00
6.276138365666525942e+02	7.915740353681205654e+00
6.294456236756525414e+02	6.479422909781190398e+00
6.312774107846526022e+02	6.142768246781193042e+00
6.331091978946525387e+02	7.970198971781202069e+00
6.349409850036525995e+02	8.718558651981203056e+00
6.367727721136525361e+02	9.021529538281205518e+00
6.386045592226525969e+02	7.036521298481196673e+00
6.404363463316525440e+02	7.357352597281199280e+00
6.422681334416525942e+02	8.564032895181204807e+00
6.440999205506525414e+02	8.359374386881198049e+00
6.459317076596526022e+02	7.403502804881200383e+00
6.477634947696525387e+02	7.587416989381197574e+00
6.495952818786525995e+02	8.372794491881194290e+00
6.514270689886525361e+02	7.260619504081194719e+00
6.532588560976525969e+02	7.002410275581199883e+00
6.550906432066525440e+02	8.338195187681197496e+00
6.569224303166525942e+02	8.941695553881189085e+00
6.587542174256525414e+02	9.739951474281202337e+00
6.605860045346526022e+02	8.570594174481204419e+00
6.624177916446525387e+02	8.163497311681195967e+00
6.642495787536525995e+02	8.733649594381191150e+00
6.660813658636525361e+02	8.709876400981190869e+00
6.679131529726525969e+02	9.846206051881200239e+00
6.697449400816525440e+02	8.197333676381191481e+00
6.715767271916525942e+02	8.505973202781198950e+00
6.734085143006525414e+02	9.621276242381203048e+00
6.752403014096526022e+02	9.611968380981197768e+00
6.770720885196525387e+02	1.020929656708119992e+01
6.789038756286525995e+02	1.012805114468119427e+01
6.807356017026525024e+02	9.664809567581192695e+00
6.825673888126525526e+02	1.085986266808119538e+01
6.843991759216524997e+02	1.094889770228120796e+01
6.862309630316525499e+02	1.113394103728119511e+01
6.880627501406526108e+02	1.016606841758120083e+01
6.898945372496525579e+02	9.908408505481189010e+00
6.917263243596526081e+02	1.046171508508120240e+01
6.935581114686525552e+02	1.124858031948119219e+01
6.953898985776525024e+02	1.112093291958120034e+01
6.972216856876525526e+02	1.022701202118119390e+01
6.990534727966524997e+02	1.055302367888119441e+01
7.008852599066525499e+02	1.308679137908119650e+01
7.027170470156526108e+02	1.252024017058119121e+01
7.045488341246525579e+02	1.321279845918120621e+01
7.063806212346526081e+02	1.094390807828119883e+01
7.082124083436525552e+02	1.120908294398120653e+01
7.100441954526525024e+02	1.099100433068119465e+01
7.118759825626525526e+02	1.059597717008119844e+01
7.137077696716524997e+02	1.113072143278120762e+01
7.155395567816525499e+02	1.070288787568119915e+01
7.173713438906526108e+02	1.106895385468120452e+01
7.192031309996525579e+02	1.155116973598119223e+01
7.210349181096526081e+02	1.243739257538119602e+01
7.228667052186525552e+02	1.192977843958120232e+01
7.246984923276525024e+02	1.187961517058119476e+01
7.265302794376525526e+02	1.194017730438119429e+01
7.283620665466524997e+02	1.149159179408118980e+01
7.301938536566525499e+02	1.160131774628119672e+01
7.320256407656526108e+02	1.318180022918119754e+01
7.338574278746525579e+02	1.279171691618120299e+01
7.356892149846526081e+02	1.194622741418119993e+01
7.375210020936525552e+02	1.085196624478119887e+01
7.393527892026525024e+02	1.087510619838118942e+01
7.411845763126525526e+02	1.116442046838120206e+01
7.430163634216524997e+02	1.190626464568119047e+01
7.448480894956525162e+02	1.193498931608120017e+01
7.466798766056525665e+02	1.134386382778119362e+01
7.485116637146525136e+02	1.178563628868119650e+01
7.503434508236525744e+02	1.272771392548120062e+01
7.521752379336525109e+02	1.321322570518119299e+01
7.540070250426525718e+02	1.299396453578119015e+01
7.558388121526525083e+02	1.249259887418119952e+01
7.576705992616525691e+02	1.291641936978119709e+01
7.595023863706525162e+02	1.284345946988119991e+01
7.613341734806525665e+02	1.218895660118118940e+01
7.631659605896525136e+02	1.212898193078120102e+01
7.649977476986525744e+02	1.289829955778120762e+01
7.668295348086525109e+02	1.289371429168119221e+01
7.686613219176525718e+02	1.215053497038118913e+01
7.704931090276525083e+02	1.182547698698120442e+01
7.723248961366525691e+02	1.195790038788119780e+01
7.741566832456525162e+02	1.110573516568119601e+01
7.759884703556525665e+02	1.121790252408120026e+01
7.778202574646525136e+02	1.160826049528120585e+01
7.796520445736525744e+02	1.230037627898119013e+01
7.814838316836525109e+02	1.239666686738120305e+01
7.833156187926525718e+02	1.082350860318120134e+01
7.851474059026525083e+02	1.183098540978119573e+01
7.869791930116525691e+02	1.212722717008120554e+01
7.888109801206525162e+02	1.379541717248119959e+01
7.906427672306525665e+02	1.359003387178119304e+01
7.924745543396525136e+02	1.288321624478119887e+01
7.943063414486525744e+02	1.090233550748119917e+01
7.961381285586525109e+02	1.114153991418119638e+01
7.979699156676525718e+02	1.233245025358120017e+01
7.998017027776525083e+02	1.107915435508120794e+01
8.016334898866525691e+02	1.048863158898119963e+01
8.034652769956525162e+02	1.241065917688120201e+01
8.052970641056525665e+02	1.116857848848119339e+01
8.071288512146525136e+02	1.146712432588120123e+01
8.089605772886525301e+02	1.192969451628118804e+01
8.107923643986525803e+02	1.191606078828120374e+01
8.126241515076525275e+02	1.133148132048119194e+01
8.144559386166525883e+02	1.037683807098120070e+01
8.162877257266525248e+02	1.031883941368119295e+01
8.181195128356525856e+02	1.145266662318119266e+01
8.199512999456525222e+02	1.138335357388119995e+01
8.217830870546525830e+02	1.158128295618120340e+01
8.236148741636525301e+02	1.398231445038119602e+01
8.254466612736525803e+02	1.271926818568118911e+01
8.272784483826525275e+02	1.266670165738119991e+01
8.291102354916525883e+02	1.136795745568119997e+01
8.309420226016525248e+02	1.073752532678120453e+01
8.327738097106525856e+02	1.097829375938119512e+01
8.346055968206525222e+02	1.142077575408120005e+01
8.364373839296525830e+02	1.246776519498120273e+01
8.382691710386525301e+02	1.367941985808119298e+01
8.401009581486525803e+02	1.192030273158118803e+01
8.419327452576525275e+02	1.255890594208120348e+01
8.437645323666525883e+02	1.312570129118120832e+01
8.455963194766525248e+02	1.275939880098119339e+01
8.474281065856525856e+02	1.303786407188119334e+01
8.492598936956525222e+02	1.357041869838119119e+01
8.510916808046525830e+02	1.349980865198119950e+01
8.529234679136525301e+02	1.329648528778120209e+01
8.547552550236525803e+02	1.370422301968119605e+01
8.565870421326525275e+02	1.422006164268119122e+01
8.584188292416525883e+02	1.559549651818119820e+01
8.602506163516525248e+02	1.447042022428120589e+01
8.620824034606525856e+02	1.519077239708119009e+01
8.639141905706525222e+02	1.524339233118120340e+01
8.657459776796525830e+02	1.483795867638119681e+01
8.675777647886525301e+02	1.409774718958120410e+01
8.694095518986525803e+02	1.435462127408120203e+01
8.712412779726525969e+02	1.403301940638120726e+01
8.730730650816525440e+02	1.298616729458119501e+01
8.749048521916525942e+02	1.475221954068120311e+01
8.767366393006525414e+02	1.566500030238118768e+01
8.785684264096526022e+02	1.534948669158119117e+01
8.804002135196525387e+02	1.371355376918119262e+01
8.822320006286525995e+02	1.368535552698120128e+01
8.840637877386525361e+02	1.443343291958119323e+01
8.858955748476525969e+02	1.429079375938118801e+01
8.877273619566525440e+02	1.398184905728119887e+01
8.895591490666525942e+02	1.384688506798119434e+01
8.913909361756525414e+02	1.488523803428120118e+01
8.932227232846526022e+02	1.617554412568120270e+01
8.950545103946525387e+02	1.305781493858119724e+01
8.968862975036525995e+02	1.278256164268119477e+01
8.987180846136525361e+02	1.557060180388119264e+01
9.005498717226525969e+02	1.428906951628119337e+01
9.023816588316525440e+02	1.390920196258119290e+01
9.042134459416525942e+02	1.428966460908120339e+01
9.060452330506525414e+02	1.433803497038119446e+01
9.078770201596526022e+02	1.597921691618120654e+01
9.097088072696525387e+02	1.708032928188119470e+01
9.115405943786525995e+02	1.567967925748120095e+01
9.133723814886525361e+02	1.515723357878118982e+01
9.152041685976525969e+02	1.642958770478119845e+01
9.170359557066525440e+02	1.466181884488120168e+01
9.188677428166525942e+02	1.428446899138119086e+01
9.206995299256525414e+02	1.358605132778119184e+01
9.225313170346526022e+02	1.323538909638120487e+01
9.243631041446525387e+02	1.378028808318119580e+01
9.261948912536525995e+02	1.330839477258119707e+01
9.280266783636525361e+02	1.304931579308119183e+01
9.298584654726525969e+02	1.422882018768119394e+01
9.316902525816525440e+02	1.557368407928119858e+01
9.335220396916525942e+02	1.558724914268119122e+01
9.353537657656526108e+02	1.504518829068119956e+01
9.371855528746525579e+02	1.327902923308119298e+01
9.390173399846526081e+02	1.408099303918120349e+01
9.408491270936525552e+02	1.418284545618120340e+01
9.426809142026525024e+02	1.329727874478120242e+01
9.445127013126525526e+02	1.417571197228119750e+01
9.463444884216524997e+02	1.494779144008119331e+01
9.481762755316525499e+02	1.506708465298119570e+01
9.500080626406526108e+02	1.462806640348120091e+01
9.518398497496525579e+02	1.423460326868120518e+01
9.536716368596526081e+02	1.443942199428119721e+01
9.555034239686525552e+02	1.436834655488120127e+01
9.573352110776525024e+02	1.594161925988119677e+01
9.591669981876525526e+02	1.386639342988120660e+01
9.609987852966524997e+02	1.479037414268119122e+01
9.628305724066525499e+02	1.478749023158118803e+01
9.646623595156526108e+02	1.436380706508118976e+01
9.664941466246525579e+02	1.485128722868120121e+01
9.683259337346526081e+02	1.448534331998120095e+01
9.701577208436525552e+02	1.420983825408119294e+01
9.719895079526525024e+02	1.477693114958119303e+01
9.738212950626525526e+02	1.441088042938119607e+01
9.756530821716524997e+02	1.354621825898120413e+01
9.774848692816525499e+02	1.618375335418119931e+01
9.793166563906526108e+02	1.556250701628119160e+01
9.811484434996525579e+02	1.330437408168119084e+01
9.829802306096526081e+02	1.379587493618119787e+01
9.848120177186525552e+02	1.387674651818119820e+01
9.866438048276525024e+02	1.412939391808119716e+01
9.884755919376525526e+02	1.344676147178120473e+01
9.903073790466524997e+02	1.337724242888119441e+01
9.921391661566525499e+02	1.341840301238119260e+01
9.939709532656526108e+02	1.306198058808120521e+01
9.958027403746525579e+02	1.307367644988119437e+01
9.976345274846526081e+02	1.210922942838120164e+01
9.994662535586525109e+02	1.208349548058119360e+01
1.001298040667652572e+03	1.252709136688119784e+01
1.003129827773652551e+03	1.261498962128120560e+01
1.004961614883652601e+03	1.193115935998119603e+01
1.006793401993652537e+03	1.108743987758119687e+01
1.008625189103652588e+03	1.109510741908118980e+01
1.010456976213652524e+03	1.023371062958119460e+01
1.012288763323652574e+03	1.004972778038119152e+01
1.014120550433652511e+03	1.048065887178118771e+01
1.015952337543652561e+03	1.101107726768119299e+01
1.017784124653652611e+03	1.191968475068120625e+01
1.019615911763652548e+03	1.153656707488119615e+01
1.021447698873652598e+03	1.166821227748119050e+01
1.023279485983652535e+03	1.122537170128119044e+01
1.025111273093652471e+03	1.100586639128118804e+01
1.026943121233652391e+03	1.229930053428120473e+01
1.028774908343652442e+03	1.186004577358119150e+01
1.030606573383652403e+03	1.103266082488119260e+01
1.032438360493652453e+03	1.062660918908120067e+01
1.034270147603652504e+03	1.104497466758120083e+01
1.036101934713652554e+03	1.242185912808119497e+01
1.037933721823652377e+03	1.257813964568119225e+01
1.039765508933652427e+03	1.131662688928119564e+01
1.041597296043652477e+03	1.200003753388120487e+01
1.043429083143652406e+03	1.151318298058119360e+01
1.045260870253652456e+03	1.225237212858120195e+01
1.047092657363652506e+03	1.500471435268119436e+01
1.048924444473652329e+03	1.197396789268119122e+01
1.050756231583652379e+03	1.076369415008119823e+01
1.052588018693652430e+03	1.120501647668120171e+01
1.054419805803652480e+03	1.291192565638120371e+01
1.056251592913652530e+03	1.270941863738119260e+01
1.058083380023652353e+03	1.343771300988119854e+01
1.059915167133652403e+03	1.492304168428119482e+01
1.061746954243652453e+03	1.498168883998119050e+01
1.063578741353652504e+03	1.461670623498119603e+01
1.065410528463652554e+03	1.430169616418120349e+01
1.067242315573652377e+03	1.497000823698120797e+01
1.069074102683652427e+03	1.680458007538119602e+01
1.070905889793652477e+03	1.688593230928119127e+01
1.072737676893652406e+03	1.800383697228119573e+01
1.074569464003652456e+03	1.483486877168120444e+01
1.076401251113652506e+03	1.639279113488120032e+01
1.078233038223652329e+03	1.632215820038119602e+01
1.080064825333652379e+03	1.664054046348119087e+01
1.081896612443652430e+03	1.734944854458119323e+01
1.083728399553652480e+03	1.684578643518119989e+01
1.085560186663652530e+03	1.551444183068119997e+01
1.087391973773652353e+03	1.535655914028119362e+01
1.089223760883652403e+03	1.662936340058120521e+01
1.091055547993652453e+03	1.493961272918119754e+01
1.092887335103652504e+03	1.416669402798120103e+01
1.094719122213652554e+03	1.491455016808119538e+01
1.096550909323652377e+03	1.632022033418120088e+01
1.098382696433652427e+03	1.364828429898120277e+01
1.100214483543652477e+03	1.441012511928119011e+01
1.102046270643652406e+03	1.400091491418119460e+01
1.103878057753652456e+03	1.274935851768118766e+01
1.105709844863652506e+03	1.338765655238119123e+01
1.107541631973652329e+03	1.330094085418119576e+01
1.109373419083652379e+03	1.273918090538119330e+01
1.111205206193652430e+03	1.332717071258120001e+01
1.113036993303652480e+03	1.223783813198119574e+01
1.114868780413652530e+03	1.163388000208120410e+01
1.116700567523652353e+03	1.291953979218120452e+01
1.118532354633652403e+03	1.172785888398120235e+01
1.120364141743652453e+03	1.363194213588119474e+01
1.122195928853652504e+03	1.222591338838120301e+01
1.124027715963652554e+03	1.348759399138119086e+01
1.125859503073652377e+03	1.241878448208119678e+01
1.127691290183652427e+03	1.088162170128119222e+01
1.129523077293652477e+03	1.220980773648119566e+01
1.131354864393652406e+03	1.302888427458118770e+01
1.133186651503652456e+03	1.221718536098119223e+01
1.135018438613652506e+03	1.192510162078119329e+01
1.136850225723652329e+03	1.222573791228119333e+01
1.138682012833652379e+03	1.187197051728120556e+01
1.140513799943652430e+03	1.171222625458120170e+01
1.142345587053652480e+03	1.226813445768120658e+01
1.144177374163652530e+03	1.229057250698119752e+01
1.146009161273652353e+03	1.266568694788119842e+01
1.147840948383652403e+03	1.197443328578119015e+01
1.149672735493652453e+03	1.361526427948120244e+01
1.151504522603652504e+03	1.175472198208119501e+01
1.153336309713652554e+03	1.159864745818119047e+01
1.155168096823652377e+03	1.083867583948120483e+01
1.156999761863652338e+03	1.132257018768119572e+01
1.158831548973652389e+03	1.303405700408119472e+01
1.160663336073652545e+03	1.531046233848118909e+01
1.162495123183652368e+03	1.591248260218120336e+01
1.164326910293652418e+03	1.403196654998119186e+01
1.166158697403652468e+03	1.386200652798120281e+01
1.167990484513652518e+03	1.259192596158120203e+01
1.169822271623652341e+03	1.498316131318120092e+01
1.171654058733652391e+03	1.416058288298119372e+01
1.173485845843652442e+03	1.483483062468119584e+01
1.175317632953652492e+03	1.428693328578119370e+01
1.177149420063652542e+03	1.284667907438120693e+01
1.178981207173652365e+03	1.369787536348118806e+01
1.180812994283652415e+03	1.382307372768119613e+01
1.182644781393652465e+03	1.339520202358119860e+01
1.184476568503652516e+03	1.346062408168119617e+01
1.186308355613652338e+03	1.304828582488119793e+01
1.188140142723652389e+03	1.273371825898120058e+01
1.189971929823652545e+03	1.358001647668119993e+01
1.191803716933652368e+03	1.434203277308120761e+01
1.193635504043652418e+03	1.434760986048119946e+01
1.195467291153652468e+03	1.473557983118119807e+01
1.197299078263652518e+03	1.495114074428119366e+01
1.199130865373652341e+03	1.550511108118120340e+01
1.200962652483652391e+03	1.425628600798119550e+01
1.202794439593652442e+03	1.126131377898119368e+01
1.204626226703652492e+03	1.528495727258119530e+01
1.206458013813652542e+03	1.574401794158119117e+01
1.208289800923652365e+03	1.565232787808119852e+01
1.210121588033652415e+03	1.577168975548119079e+01
1.211953375143652465e+03	1.623760162078119151e+01
1.213785162253652516e+03	1.455368743618119964e+01
1.215616949363652338e+03	1.392697845178119742e+01
1.217448736473652389e+03	1.572894988738119615e+01
1.219280523573652545e+03	1.642355285368120832e+01
1.221112310683652368e+03	1.541709075648120120e+01
1.222944097793652418e+03	1.434458099088119809e+01
1.224775884903652468e+03	1.411763702118119745e+01
1.226607672013652518e+03	1.609966216758120794e+01
1.228439459123652341e+03	1.646739898408120695e+01
1.230271246233652391e+03	1.713433776578120060e+01
1.232103033343652442e+03	1.584574065888119776e+01
1.233934820453652492e+03	1.648032317838120164e+01
1.235766607563652542e+03	1.611225066858120059e+01
1.237598394673652365e+03	1.689591155728119887e+01
1.239430181783652415e+03	1.648555694298119079e+01
1.241261968893652465e+03	1.576482330048119884e+01
1.243093756003652516e+03	1.717181335168119460e+01
1.244925543113652338e+03	1.747648559288119685e+01
1.246757330223652389e+03	1.813119445518118766e+01
1.248589117323652545e+03	1.838832030968119469e+01
1.250420904433652368e+03	1.635260711388119148e+01
1.252252691543652418e+03	1.735871825898119880e+01
1.254084478653652468e+03	1.840398345668119617e+01
1.255916265763652518e+03	1.795638976768118766e+01
1.257748052873652341e+03	1.924346099578119507e+01
1.259579839983652391e+03	1.796078429898119921e+01
1.261411627093652442e+03	2.021802459438119470e+01
1.263243414203652492e+03	2.009441314418118907e+01
1.265075201313652542e+03	2.077893005098119161e+01
1.266906988423652365e+03	2.119969878868119295e+01
1.268738775533652415e+03	2.104447112758119687e+01
1.270570562643652465e+03	1.926248870568119997e+01
1.272402349753652516e+03	2.042683349328119391e+01
1.274234136863652338e+03	2.095999847138119776e+01
1.276065923973652389e+03	2.143785796838120206e+01
1.277897711073652545e+03	2.240545592988120305e+01
1.279729498183652368e+03	2.201596008018118766e+01
1.281561285293652418e+03	2.158683715538118975e+01
1.283392950333652379e+03	2.291403899868119609e+01
1.285224737443652430e+03	2.371486602508119645e+01
1.287056524553652480e+03	2.304180846888120016e+01
1.288888311663652530e+03	2.301109252648119963e+01
1.290720098773652353e+03	2.293141875938119512e+01
1.292551885883652403e+03	2.564381347378119358e+01
1.294383672993652453e+03	2.541513000208120943e+01
1.296215460103652504e+03	2.692629180628120267e+01
1.298047247213652554e+03	2.482401214318119287e+01
1.299879034323652377e+03	2.601473174768119989e+01
1.301710821433652427e+03	2.765152679168118866e+01
1.303542608543652477e+03	2.814188323698120442e+01
1.305374395643652406e+03	2.988703857148120235e+01
1.307206182753652456e+03	2.944466338838120834e+01
1.309037969863652506e+03	2.906135497768119436e+01
1.310869756973652329e+03	3.005579314908120381e+01
1.312701544083652379e+03	3.111625610078120019e+01
1.314533331193652430e+03	3.257836852748118872e+01
1.316365118303652480e+03	3.403676543908120067e+01
1.318196905413652530e+03	3.470783172328118837e+01
1.320028692523652353e+03	3.657701049528120762e+01
1.321860479633652403e+03	3.814499602998120054e+01
1.323692266743652453e+03	3.868534789758120240e+01
1.325524053853652504e+03	4.273978362718118973e+01
1.327355840963652554e+03	4.352203307818119526e+01
1.329187628073652377e+03	4.214749847118120130e+01
1.331019415183652427e+03	4.446144042718118072e+01
1.332851202293652477e+03	4.591538940118120848e+01
1.334682989393652406e+03	4.558057342218118180e+01
1.336514776503652456e+03	5.079388366418118750e+01
1.338346563613652506e+03	5.194818053918118750e+01
1.340178350723652329e+03	5.712053619118118064e+01
1.342010137833652379e+03	6.023765502618119427e+01
1.343841924943652430e+03	6.329249511418119312e+01
1.345673712053652480e+03	6.755425964118118998e+01
1.347505499163652530e+03	7.081942687718120055e+01
1.349337286273652353e+03	7.322630248718118651e+01
1.351169073383652403e+03	7.458711181318119543e+01
1.353000860493652453e+03	7.331518493418117544e+01
1.354832647603652504e+03	7.163925109618119791e+01
1.356664434713652554e+03	7.103802428918118039e+01
1.358496221823652377e+03	6.557966552418118056e+01
1.360328008933652427e+03	5.975952850018118312e+01
1.362159796043652477e+03	5.710909209918118989e+01
1.363991583143652406e+03	5.344338927918118998e+01
1.365823370253652456e+03	5.191964660318118518e+01
1.367655157363652506e+03	4.955956969918120336e+01
1.369486944473652329e+03	4.832737670618120518e+01
1.371318731583652379e+03	4.861761413318119907e+01
1.373150518693652430e+03	4.630239806818119774e+01
1.374982305803652480e+03	4.432696471918118419e+01
1.376814092913652530e+03	4.480644927718120130e+01
1.378645880023652353e+03	4.641412292218118552e+01
1.380477667133652403e+03	4.554139648118119510e+01
1.382309454243652453e+03	4.475993285818118039e+01
1.384141241353652504e+03	4.473648772918119931e+01
1.385973028463652554e+03	4.440899596918118419e+01
1.387804815573652377e+03	4.331628356618119824e+01
1.389636602683652427e+03	4.371944366218119171e+01
1.391468389793652477e+03	4.390213714318119287e+01
1.393300176893652406e+03	4.211299072018119460e+01
1.395131964003652456e+03	4.243476806318120254e+01
1.396963751113652506e+03	4.123711333918119948e+01
1.398795538223652329e+03	4.228574310018120030e+01
1.400627325333652379e+03	4.292530761418119312e+01
1.402459112443652430e+03	4.391770873718119361e+01
1.404290899553652480e+03	4.383921752618120138e+01
1.406122686663652530e+03	4.670009551718119667e+01
1.407954473773652353e+03	4.493816314418118196e+01
1.409786138813652542e+03	4.617943511718119254e+01
1.411617925923652365e+03	4.741137634018119940e+01
1.413449713033652415e+03	4.881910644218119444e+01
1.415281500143652465e+03	4.742053924318118874e+01
1.417113287253652516e+03	4.863605437918118923e+01
1.418945074363652338e+03	4.894818816818118279e+01
1.420776861473652389e+03	4.951702819518119014e+01
1.422608648573652545e+03	5.138246856418119535e+01
1.424440435683652368e+03	5.118283782718119568e+01
1.426272222793652418e+03	5.291596160618119882e+01
1.428104009903652468e+03	5.286466918618118171e+01
1.429935797013652518e+03	5.309989867918120154e+01
1.431767584123652341e+03	5.539213500718120287e+01
1.433599371233652391e+03	5.670329986318119353e+01
1.435431158343652442e+03	5.749480376918118907e+01
1.437262945453652492e+03	5.771860442818118742e+01
1.439094732563652542e+03	5.818482146918119469e+01
1.440926519673652365e+03	6.002751861318120774e+01
1.442758306783652415e+03	6.189370666218118089e+01
1.444590093893652465e+03	6.140696655018119543e+01
1.446421881003652516e+03	6.382572112718118973e+01
1.448253668113652338e+03	6.592400298818120064e+01
1.450085455223652389e+03	6.630891357118119345e+01
1.451917242323652545e+03	6.576323638618119105e+01
1.453749029433652368e+03	6.701353393318119345e+01
1.455580816543652418e+03	6.978736816118119179e+01
1.457412603653652468e+03	7.168099914318119659e+01
1.459244390763652518e+03	7.313685546618120270e+01
1.461076177873652341e+03	7.486303649618119493e+01
1.462907964983652391e+03	7.631306396218120369e+01
1.464739752093652442e+03	7.646226440118117296e+01
1.466571539203652492e+03	7.923269592018118601e+01
1.468403326313652542e+03	8.023710571018119708e+01
1.470235113423652365e+03	8.394958434818120452e+01
1.472066900533652415e+03	8.624920593018121906e+01
1.473898687643652465e+03	8.887603698418118370e+01
1.475730474753652516e+03	9.017166076418118337e+01
1.477562261863652338e+03	9.195721374218119593e+01
1.479394048973652389e+03	9.415684447918120270e+01
1.481225836073652545e+03	9.620127807318120006e+01
1.483057623183652368e+03	1.014244378631811969e+02
1.484889410293652418e+03	1.056706689421811944e+02
1.486721197403652468e+03	1.080971215791812057e+02
1.488552984513652518e+03	1.126808770721812039e+02
1.490384771623652341e+03	1.136297601291812072e+02
1.492216558733652391e+03	1.202660363741812120e+02
1.494048345843652442e+03	1.258877252171811847e+02
1.495880132953652492e+03	1.292530358861811806e+02
1.497711920063652542e+03	1.408886560031811825e+02
1.499543707173652365e+03	1.431736138891811834e+02
1.501375494283652415e+03	1.491264184541811915e+02
1.503207281393652465e+03	1.579923394751812111e+02
1.505039068503652516e+03	1.616310876441812354e+02
1.506870855613652338e+03	1.782609399381811954e+02
1.508702642723652389e+03	1.840899804661812311e+02
1.510534429823652545e+03	1.924459527561812138e+02
1.512366216933652368e+03	2.033748467991811424e+02
1.514198004043652418e+03	2.153373712131812567e+02
1.516029791153652468e+03	2.323090203831811777e+02
1.517861578263652518e+03	2.459768365451811576e+02
1.519693365373652341e+03	2.631070855681812759e+02
1.521525152483652391e+03	2.771133111541811900e+02
1.523356939593652442e+03	2.971930230681812191e+02
1.525188726703652492e+03	3.172986444061812108e+02
1.527020513813652542e+03	3.411265557831811179e+02
1.528852300923652365e+03	3.655692132541811361e+02
1.530684088033652415e+03	3.883282769751811543e+02
1.532515875143652465e+03	4.207792657441811457e+02
1.534347662253652516e+03	4.579849237031810389e+02
1.536179449363652338e+03	4.880765374731811903e+02
1.538011114393652406e+03	5.265323480201810753e+02
1.539842901503652456e+03	5.703234857151810502e+02
1.541674688613652506e+03	6.124113153051811196e+02
1.543506475723652329e+03	6.622243035861811222e+02
1.545338262833652379e+03	7.114066155981811335e+02
1.547170049943652430e+03	7.583896478241812247e+02
1.549001837053652480e+03	8.071284173551812273e+02
1.550833624163652530e+03	8.679834588591811553e+02
1.552665411273652353e+03	9.305975946021811751e+02
1.554497198383652403e+03	1.005550414422181234e+03
1.556328985493652453e+03	1.095781615602181319e+03
1.558160772603652504e+03	1.192005492552181295e+03
1.559992559713652554e+03	1.297730956422181407e+03
1.561824346823652377e+03	1.409246337282181457e+03
1.563656133933652427e+03	1.519818236692181472e+03
1.565487921043652477e+03	1.629511962282181457e+03
1.567319708143652406e+03	1.736984618532181457e+03
1.569151495253652456e+03	1.803975585322181360e+03
1.570983282363652506e+03	1.864243041382181445e+03
1.572815069473652329e+03	1.914939208372181383e+03
1.574646856583652379e+03	1.905210326532181398e+03
1.576478643693652430e+03	1.904172240602181319e+03
1.578310430803652480e+03	1.887298095092181711e+03
1.580142217913652530e+03	1.895947387082181422e+03
1.581974005023652353e+03	1.942689696652181738e+03
1.583805792133652403e+03	2.098761107782181170e+03
1.585637579243652453e+03	2.391172728882181218e+03
1.587469366353652504e+03	2.824464476922181348e+03
1.589301153463652554e+03	3.319030639032181170e+03
1.591132940573652377e+03	3.723529906612181094e+03
1.592964727683652427e+03	3.941941771852180864e+03
1.594796514793652477e+03	3.903740599972181371e+03
1.596628301893652406e+03	3.659354125362181094e+03
1.598460089003652456e+03	3.294389525752181271e+03
1.600291876113652506e+03	2.860901976922181348e+03
1.602123663223652329e+03	2.456927123412181118e+03
1.603955450333652379e+03	2.093049437862181094e+03
1.605787237443652430e+03	1.781388060912181345e+03
1.607619024553652480e+03	1.521540892942181472e+03
1.609450811663652530e+03	1.301723265992181268e+03
1.611282598773652353e+03	1.114906493532181457e+03
1.613114385883652403e+03	9.603923944021811394e+02
1.614946172993652453e+03	8.329406732151810502e+02
1.616777960103652504e+03	7.195340570041812498e+02
1.618609747213652554e+03	6.233684686251810945e+02
1.620441534323652377e+03	5.450352777071810806e+02
1.622273321433652427e+03	4.794183343481811903e+02
1.624105108543652477e+03	4.226607354711811126e+02
1.625936895643652406e+03	3.758303521701811292e+02
1.627768682753652456e+03	3.330618280001811513e+02
1.629600469863652506e+03	2.991582940641811206e+02
1.631432256973652329e+03	2.668041070531812124e+02
1.633264044083652379e+03	2.415238336151812177e+02
1.635095831193652430e+03	2.169251702851811956e+02
1.636927618303652480e+03	1.965600579801811989e+02
1.638759405413652530e+03	1.811256860321811928e+02
1.640591192523652353e+03	1.668246911591812136e+02
1.642422979633652403e+03	1.501970056121811865e+02
1.644254766743652453e+03	1.413693536351811986e+02
1.646086553853652504e+03	1.321219323701811845e+02
1.647918340963652554e+03	1.229845269751811827e+02
1.649750128073652377e+03	1.163684381071812197e+02
1.651581915183652427e+03	1.100739434781812207e+02
1.653413702293652477e+03	1.032245019501812067e+02
1.655245489393652406e+03	9.815272460618119510e+01
1.657077276503652456e+03	8.956393371318119989e+01
1.658909063613652506e+03	8.953726135018119692e+01
1.660740850723652329e+03	8.317114196518119229e+01
1.662572637833652379e+03	8.232403503118118238e+01
1.664404302873652341e+03	7.901660094918119626e+01
1.666236089983652391e+03	7.315403686218118651e+01
1.668067877093652442e+03	7.172015319518118304e+01
1.669899664203652492e+03	6.834425292718118783e+01
1.671731451313652542e+03	6.284715972618118940e+01
1.673563238423652365e+03	6.277400909118119898e+01
1.675395025533652415e+03	6.232435546618118849e+01
1.677226812643652465e+03	6.243660674818119105e+01
1.679058599753652516e+03	5.759327636418120022e+01
1.680890386863652338e+03	5.679793487318119105e+01
1.682722173973652389e+03	5.286624084218119890e+01
1.684553961073652545e+03	5.209713683818119989e+01
1.686385748183652368e+03	4.974487243418119675e+01
1.688217535293652418e+03	4.983321319318118725e+01
1.690049322403652468e+03	4.665168700918118816e+01
1.691881109513652518e+03	4.791319976518119006e+01
1.693712896623652341e+03	4.628420959218120601e+01
1.695544683733652391e+03	4.673235259718119039e+01
1.697376470843652442e+03	4.733039794618120055e+01
1.699208257953652492e+03	4.832261596418119609e+01
1.701040045063652542e+03	4.456115661318118981e+01
1.702871832173652365e+03	4.593635497818119262e+01
1.704703619283652415e+03	4.571897063918120097e+01
1.706535406393652465e+03	4.616316161818119213e+01
1.708367193503652516e+03	4.639814697018118750e+01
1.710198980613652338e+03	4.668385253618119890e+01
1.712030767723652389e+03	4.628327117618118791e+01
1.713862554823652545e+03	4.853199706718118733e+01
1.715694341933652368e+03	4.974240051018119857e+01
1.717526129043652418e+03	4.839323364018118667e+01
1.719357916153652468e+03	4.974092803718119171e+01
1.721189703263652518e+03	5.154614196518119229e+01
1.723021490373652341e+03	5.229918609318119138e+01
1.724853277483652391e+03	5.368712554618119270e+01
1.726685064593652442e+03	5.506199584718119411e+01
1.728516851703652492e+03	5.612605224318119213e+01
1.730348638813652542e+03	5.778933654518120022e+01
1.732180425923652365e+03	5.949956451118119105e+01
1.734012213033652415e+03	5.993283019718118965e+01
1.735844000143652465e+03	5.861482177418118766e+01
1.737675787253652516e+03	5.842939697018119460e+01
1.739507574363652338e+03	5.844952331218119923e+01
1.741339361473652389e+03	5.756549773918120394e+01
1.743171148573652545e+03	5.848288665518119700e+01
1.745002935683652368e+03	5.852086578118120030e+01
1.746834722793652418e+03	5.782142577818119378e+01
1.748666509903652468e+03	5.652827392318118882e+01
1.750498297013652518e+03	5.431657348318118750e+01
1.752330084123652341e+03	5.319704375918119865e+01
1.754161871233652391e+03	5.374038635018118981e+01
1.755993658343652442e+03	5.373070464818118097e+01
1.757825445453652492e+03	5.255532012618120064e+01
1.759657232563652542e+03	5.064567504618118932e+01
1.761489019673652365e+03	4.907623992618118081e+01
1.763320806783652415e+03	4.796044097618119650e+01
1.765152593893652465e+03	4.618785796818118428e+01
1.766984381003652516e+03	4.433483062418119403e+01
1.768816168113652338e+03	4.325376067818120163e+01
1.770647955223652389e+03	4.207785735818118411e+01
1.772479742323652545e+03	3.947586761198119376e+01
1.774311529433652368e+03	3.675656066618120832e+01
1.776143316543652418e+03	3.654746947968119031e+01
1.777975103653652468e+03	3.769382415498120054e+01
1.779806890763652518e+03	3.666074310028118788e+01
1.781638677873652341e+03	3.445671783168118907e+01
1.783470464983652391e+03	3.304024444298119789e+01
1.785302252093652442e+03	3.344713531218118874e+01
1.787134039203652492e+03	3.231111846648119013e+01
1.788965826313652542e+03	3.048896728238119280e+01
1.790797491353652504e+03	2.991662536348118451e+01
1.792629278463652554e+03	2.935252319058119497e+01
1.794461065573652377e+03	2.814042602258119175e+01
1.796292852683652427e+03	2.810166106898120830e+01
1.798124639793652477e+03	2.897623382288120908e+01
1.799956426893652406e+03	2.738854919158120182e+01
1.801788214003652456e+03	2.525250182828120415e+01
1.803620001113652506e+03	2.567820678428120118e+01
1.805451788223652329e+03	2.636180053428121184e+01
1.807283575333652379e+03	2.513297210418119931e+01
1.809115362443652430e+03	2.440891204558119654e+01
1.810947149553652480e+03	2.327570281708120348e+01
1.812778936663652530e+03	2.297439513878119399e+01
1.814610723773652353e+03	2.334122405728120242e+01
1.816442510883652403e+03	2.224314056118119609e+01
1.818274297993652453e+03	2.109159026818119642e+01
1.820106085103652504e+03	2.091927276338120478e+01
1.821937872213652554e+03	2.047142730438119784e+01
1.823769659323652377e+03	1.947147308068119642e+01
1.825601446433652427e+03	1.904569183068119997e+01
1.827433233543652477e+03	1.903998504358120414e+01
1.829265020643652406e+03	1.927824340538119685e+01
1.831096807753652456e+03	1.899176727018119948e+01
1.832928594863652506e+03	1.732520995818119047e+01
1.834760381973652329e+03	1.597295318328119151e+01
1.836592169083652379e+03	1.568208251678119503e+01
1.838423956193652430e+03	1.603684936248119541e+01
1.840255743303652480e+03	1.649103484828119548e+01
1.842087530413652530e+03	1.687832580288119644e+01
1.843919317523652353e+03	1.682047973358120174e+01
1.845751104633652403e+03	1.542516265588119850e+01
1.847582891743652453e+03	1.518435607628119755e+01
1.849414678853652504e+03	1.468082366668119754e+01
1.851246465963652554e+03	1.333122192108119997e+01
1.853078253073652377e+03	1.408068023408120517e+01
1.854910040183652427e+03	1.487307677948119888e+01
1.856741827293652477e+03	1.381024871548120103e+01
1.858573614393652406e+03	1.414875732148120235e+01
1.860405401503652456e+03	1.464330230438119784e+01
1.862237188613652506e+03	1.328754363738119437e+01
1.864068975723652329e+03	1.371340118128120622e+01
1.865900762833652379e+03	1.455830321988119813e+01
1.867732549943652430e+03	1.561611114228120378e+01
1.869564337053652480e+03	1.471563659388120193e+01
1.871396124163652530e+03	1.464837585168120171e+01
1.873227911273652353e+03	1.514932952598119265e+01
1.875059698383652403e+03	1.506902251918119084e+01
1.876891485493652453e+03	1.354576812468119407e+01
1.878723272603652504e+03	1.371912322718120691e+01
1.880555059713652554e+03	1.435710845668118907e+01
1.882386846823652377e+03	1.390518127168120444e+01
1.884218633933652427e+03	1.553732238488119499e+01
1.886050421043652477e+03	1.548342834198119711e+01
1.887882208143652406e+03	1.445654998498119959e+01
1.889713995253652456e+03	1.405216155728119531e+01
1.891545782363652506e+03	1.497204528528120271e+01
1.893377569473652329e+03	1.641734252648119607e+01
1.895209356583652379e+03	1.693352447228119217e+01
1.897041143693652430e+03	1.536494384488120168e+01
1.898872930803652480e+03	1.581632934288119152e+01
1.900704717913652530e+03	1.496584258758119290e+01
1.902536505023652353e+03	1.481626830778120230e+01
1.904368292133652403e+03	1.553447662078119329e+01
1.906200079243652453e+03	1.556165252408120558e+01
1.908031866353652504e+03	1.533648620328120415e+01
1.909863653463652554e+03	1.443846069058120207e+01
1.911695440573652377e+03	1.518507323938120201e+01
1.913527227683652427e+03	1.398640380578120279e+01
1.915359014793652477e+03	1.449088226038120197e+01
1.917190679823652545e+03	1.390540252408120026e+01
1.919022466933652368e+03	1.473544250208119877e+01
1.920854254043652418e+03	1.470454345428119325e+01
1.922686041153652468e+03	1.443598876678120213e+01
1.924517828263652518e+03	1.341066680628120622e+01
1.926349615373652341e+03	1.280857787808120207e+01
1.928181402483652391e+03	1.420864043908119356e+01
1.930013189593652442e+03	1.338083587368119431e+01
1.931844976703652492e+03	1.415321288788119602e+01
1.933676763813652542e+03	1.282613311488119301e+01
1.935508550923652365e+03	1.396704803188119826e+01
1.937340338033652415e+03	1.315361724578119329e+01
1.939172125143652465e+03	1.317290435508120439e+01
1.941003912253652516e+03	1.288517699918119774e+01
1.942835699363652338e+03	1.286504302698120483e+01
1.944667486473652389e+03	1.449529967988119949e+01
1.946499273573652545e+03	1.377703033168119795e+01
1.948331060683652368e+03	1.383894286828119924e+01
1.950162847793652418e+03	1.420055328088120028e+01
1.951994634903652468e+03	1.309749541958120034e+01
1.953826422013652518e+03	1.460626159388120726e+01
1.955658209123652341e+03	1.393375335418119931e+01
1.957489996233652391e+03	1.519661651338120656e+01
1.959321783343652442e+03	1.476596008018119477e+01
1.961153570453652492e+03	1.357292113978120263e+01
1.962985357563652542e+03	1.533419738488119854e+01
1.964817144673652365e+03	1.443158660608120059e+01
1.966648931783652415e+03	1.299844299038119821e+01
1.968480718893652465e+03	1.607160888398120591e+01
1.970312506003652516e+03	1.718067107878118804e+01
1.972144293113652338e+03	1.515732513148120120e+01
1.973976080223652389e+03	1.721865020478119845e+01
1.975807867323652545e+03	1.679538665498120054e+01
1.977639654433652368e+03	1.510232482628119755e+01
1.979471441543652418e+03	1.778703246788119685e+01
1.981303228653652468e+03	1.878253875458120348e+01
1.983135015763652518e+03	1.689057861048120657e+01
1.984966802873652341e+03	1.905376373008120794e+01
1.986798589983652391e+03	1.693296752648119252e+01
1.988630377093652442e+03	1.773083434778119738e+01
1.990462164203652492e+03	1.786384521208119480e+01
1.992293951313652542e+03	1.893708739958118770e+01
1.994125738423652365e+03	2.034683166228119688e+01
1.995957525533652415e+03	2.019797454558119298e+01
1.997789312643652465e+03	1.907630096158120381e+01
1.999621099753652516e+03	1.795707641328120374e+01
2.001452886863652338e+03	1.762245879848119756e+01
2.003284673973652389e+03	1.896833739958119480e+01
2.005116461073652545e+03	2.134361968718119229e+01
2.006948248183652368e+03	2.273872314178119325e+01
2.008780035293652418e+03	2.199569640838119611e+01
2.010611822403652468e+03	2.097313628868119295e+01
2.012443609513652518e+03	2.225163207728120085e+01
2.014275396623652341e+03	2.105924926478120085e+01
2.016107183733652391e+03	1.997853027068119047e+01
2.017938970843652442e+03	2.050069366178120234e+01
2.019770757953652492e+03	2.028880248748119897e+01
2.021602545063652542e+03	2.006911407188118801e+01
2.023434332173652365e+03	2.033212981898120475e+01
2.025266119283652415e+03	1.894604430878120027e+01
2.027097906393652465e+03	1.735298095428119325e+01
2.028929693503652516e+03	1.598132262908119472e+01
2.030761480613652338e+03	1.686666045868119923e+01
2.032593267723652389e+03	1.717968688688119983e+01
2.034425054823652545e+03	1.517091308318119047e+01
2.036256841933652368e+03	1.578559051238119082e+01
2.038088629043652418e+03	1.743929992398120277e+01
2.039920416153652468e+03	1.517638335908120339e+01
2.041752203263652518e+03	1.430322204308119538e+01
2.043583990373652341e+03	1.563320098598119756e+01
2.045415655413652530e+03	1.524345336638118908e+01
2.047247442523652353e+03	1.397015319548119017e+01
2.049079229633652631e+03	1.398310790738119813e+01
2.050911138813652542e+03	1.284445129118120477e+01
2.052742925923652365e+03	1.324763427458118770e+01
2.054574713033652642e+03	1.199096618378120382e+01
2.056406500143652465e+03	1.223488555628120089e+01
2.058238287253652288e+03	1.260707030968119291e+01
2.060070074363652566e+03	1.128652129848119223e+01
2.061901861473652389e+03	1.222377715788119446e+01
2.063733648573652317e+03	1.161602721888120016e+01
2.065565435683652595e+03	1.302399383268120658e+01
2.067397222793652418e+03	1.250833831508118976e+01
2.069229009903652241e+03	1.082021270478120734e+01
2.071060797013652518e+03	1.155364165978119217e+01
2.072892584123652341e+03	1.202191863738119615e+01
2.074724371233652619e+03	1.119319091518119080e+01
2.076556158343652442e+03	1.186378417688119846e+01
2.078387945453652264e+03	1.184799133018119299e+01
2.080219732563652542e+03	1.023564849578118974e+01
2.082051519673652365e+03	9.205764157381203461e+00
2.083883306783652642e+03	1.028858123498119248e+01
2.085715093893652465e+03	1.155785308558120583e+01
2.087546881003652288e+03	1.166460357388119462e+01
2.089378668113652566e+03	1.072105346398119430e+01
2.091210455223652389e+03	1.003471313198119574e+01
2.093042242323652317e+03	9.112616879581199925e+00
2.094874029433652595e+03	8.826331479181199313e+00
2.096705816543652418e+03	8.677901608581192860e+00
2.098537603653652241e+03	8.988356930781197462e+00
2.100369390763652518e+03	1.047773681358119191e+01
2.102201177873652341e+03	1.080033813198119930e+01
2.104032964983652619e+03	9.775153500681199148e+00
2.105864752093652442e+03	8.829200131481204750e+00
2.107696295063652542e+03	7.878417355581198045e+00
2.109528082173652365e+03	7.409301144681197826e+00
2.111359869283652642e+03	8.926833493281193910e+00
2.113191656393652465e+03	9.667136532881194455e+00
2.115023443503652288e+03	9.167754513781192216e+00
2.116855230613652566e+03	8.836959225781203742e+00
2.118687017723652389e+03	9.790023190581196744e+00
2.120518804823652317e+03	8.730048520181203031e+00
2.122350591933652595e+03	8.279410702781197173e+00
2.124182379043652418e+03	8.237983090481195703e+00
2.126014166153652241e+03	7.672667843881203709e+00
2.127845953263652518e+03	9.719596249681194067e+00
2.129677740373652341e+03	8.514045102181205138e+00
2.131509527483652619e+03	8.526412350781203742e+00
2.133341314593652442e+03	8.466933590981202684e+00
2.135173101703652264e+03	8.636908871781189490e+00
2.137004888813652542e+03	8.783194882481197396e+00
2.138836675923652365e+03	8.469855649081196702e+00
2.140668463033652642e+03	8.421454770181203031e+00
2.142500250143652465e+03	8.230651242381197719e+00
2.144332037253652288e+03	7.819877011381199949e+00
2.146163824363652566e+03	7.397864682281194426e+00
2.147995611473652389e+03	8.056731564581202321e+00
2.149827398573652317e+03	7.555449826281195769e+00
2.151659185683652595e+03	8.446708066081207278e+00
2.153490972793652418e+03	1.004342590058119988e+01
2.155322759903652241e+03	9.520820004581203477e+00
2.157154547013652518e+03	8.805220944481195744e+00
2.158986334123652341e+03	9.029174191581196496e+00
2.160818121233652619e+03	9.501761776981201280e+00
2.162649908343652442e+03	1.019203124718119291e+01
2.164481695453652264e+03	8.628325802881194662e+00
2.166313482563652542e+03	7.717284543081191828e+00
2.168145269673652365e+03	1.039956603728118978e+01
2.169977056783652642e+03	1.028127990448119711e+01
2.171808843893652465e+03	7.481658322381196768e+00
2.173640631003652288e+03	1.039972625458120348e+01
2.175472418113652566e+03	9.698066098281191927e+00
2.177304205223652389e+03	9.630759579781205559e+00
2.179135992323652317e+03	9.281676632981195496e+00
2.180967779433652595e+03	9.961875302381193009e+00
2.182799566543652418e+03	9.345008236981200866e+00
2.184631353653652241e+03	9.945227963481190869e+00
2.186463140763652518e+03	9.718062741381194414e+00
2.188294927873652341e+03	9.277289731081200586e+00
2.190126714983652619e+03	8.343184811681195967e+00
2.191958502093652442e+03	9.021926266781193249e+00
2.193790289203652264e+03	1.014507232388119817e+01
2.195622076313652542e+03	1.173320708948119773e+01
2.197453863423652365e+03	1.161190734588119255e+01
2.199285650533652642e+03	9.498763424981191861e+00
2.201117437643652465e+03	9.602080685681190886e+00
2.202949224753652288e+03	9.629241330181189440e+00
2.204781011863652566e+03	1.200423370088120301e+01
2.206612798973652389e+03	9.690543515281197173e+00
2.208444586073652317e+03	1.148075805388119441e+01
2.210276373183652595e+03	1.053803954798120479e+01
2.212108160293652418e+03	1.108281646448120128e+01
2.213939947403652241e+03	9.502631527981193926e+00
2.215771734513652518e+03	8.905036313181200924e+00
2.217603521623652341e+03	9.713942868281192133e+00
2.219435308733652619e+03	9.172599179381196066e+00
2.221267095843652442e+03	9.634353024581187697e+00
2.223098882953652264e+03	1.067569671348118732e+01
2.224930670063652542e+03	9.357108456681194397e+00
2.226762457173652365e+03	8.980849606581189803e+00
2.228594244283652642e+03	8.646842343381198503e+00
2.230426031393652465e+03	1.069368682588120478e+01
2.232257818503652288e+03	9.742865902981197479e+00
2.234089605613652566e+03	1.093123565398119013e+01
2.235921392723652389e+03	1.003212676728119668e+01
2.237753179823652317e+03	9.596785885881189415e+00
2.239584966933652595e+03	9.351706845381192679e+00
2.241416754043652418e+03	8.640776974781189779e+00
2.243248541153652241e+03	8.430861813581186581e+00
2.245080328263652518e+03	9.733245236481193885e+00
2.246912115373652341e+03	8.693305356081198809e+00
2.248743902483652619e+03	1.047417388638119462e+01
2.250575689593652442e+03	8.257125241381192637e+00
2.252407476703652264e+03	8.564109189081191786e+00
2.254239263813652542e+03	9.589118344381194703e+00
2.256071050923652365e+03	8.935271603681206543e+00
2.257902838033652642e+03	9.582198483581198190e+00
2.259734625143652465e+03	1.051569305138119681e+01
2.261566412253652288e+03	8.514792782881192679e+00
2.263398199363652566e+03	9.718016964981195827e+00
2.265229986473652389e+03	1.057256255828119684e+01
2.267061773573652317e+03	9.981253964481199503e+00
2.268893560683652595e+03	9.187400204781205559e+00
2.270725347793652418e+03	1.026912627898118835e+01
2.272557134903652241e+03	9.558532101681196380e+00
2.274388922013652518e+03	8.917571408381199660e+00
2.276220709123652341e+03	9.080458981581191580e+00
2.278052496233652619e+03	1.066883025848119715e+01
2.279884283343652442e+03	1.177810607628119399e+01
2.281716070453652264e+03	9.484603268681196298e+00
2.283547857563652542e+03	9.907332760881189415e+00
2.285379644673652365e+03	1.225127349578119684e+01
2.287211431783652642e+03	8.976935727181199809e+00
2.289043218893652465e+03	1.055813537318118911e+01
2.290875006003652288e+03	1.005541930878120382e+01
2.292706793113652566e+03	1.039168487268120522e+01
2.294538580223652389e+03	1.100954375938119334e+01
2.296370367323652317e+03	9.295478207681201255e+00
2.298202154433652595e+03	1.035127959928120234e+01
2.300033941543652418e+03	1.127107940398119723e+01
2.301865728653652241e+03	9.738601071481200577e+00
2.303697515763652518e+03	9.847937924481204419e+00
2.305529302873652341e+03	8.928756100781205518e+00
2.307361089983652619e+03	9.852523190581200296e+00
2.309192877093652442e+03	1.015884338098120132e+01
2.311024664203652264e+03	1.009413085658119158e+01
2.312856451313652542e+03	1.023321471888120371e+01
2.314688238423652365e+03	1.021201263148120830e+01
2.316520025533652642e+03	9.435538632481204502e+00
2.318351812643652465e+03	9.655150754081198272e+00
2.320183599753652288e+03	1.119573150358120195e+01
2.322015386863652566e+03	1.048625121788119330e+01
2.323847173973652389e+03	1.081881652558120699e+01
2.325678961073652317e+03	1.076523528778119854e+01
2.327510748183652595e+03	1.300154815398119013e+01
2.329342535293652418e+03	1.259571014128118982e+01
2.331174322403652241e+03	1.390838561738120660e+01
2.333006109513652518e+03	1.558857665738120168e+01
2.334837896623652341e+03	1.627793822968120452e+01
2.336669683733652619e+03	1.363046203338119966e+01
2.338501470843652442e+03	1.164217315398119190e+01
2.340333257953652264e+03	1.221565185268119258e+01
2.342165045063652542e+03	1.209201751428120097e+01
2.343996832173652365e+03	1.009328399378120267e+01
2.345828619283652642e+03	1.263447509488120168e+01
2.347660406393652465e+03	1.193271575648120120e+01
2.349492193503652288e+03	1.056426940638120016e+01
2.351323980613652566e+03	1.201176391328120552e+01
2.353155767723652389e+03	1.097095428188119826e+01
2.354987554823652317e+03	1.262454925258119509e+01
2.356819341933652595e+03	1.032130370818119047e+01
2.358651129043652418e+03	1.217747436248120074e+01
2.360482916153652241e+03	1.277970824918120307e+01
2.362314459123652341e+03	1.191635833458119720e+01
2.364146246233652619e+03	1.114752898888119148e+01
2.365978033343652442e+03	1.361742339808120228e+01
2.367809820453652264e+03	1.336846099578119151e+01
2.369641607563652542e+03	1.264952789028119895e+01
2.371473394673652365e+03	1.363254485808119298e+01
2.373305181783652642e+03	1.401082549768119634e+01
2.375136968893652465e+03	1.515583739958118947e+01
2.376968756003652288e+03	1.480087981898120120e+01
2.378800543113652566e+03	1.419834075648120475e+01
2.380632330223652389e+03	1.552208648408120162e+01
2.382464117323652317e+03	1.741851745328119705e+01
2.384295904433652595e+03	1.686251006798119789e+01
2.386127691543652418e+03	1.752136932098120070e+01
2.387959478653652241e+03	1.593862090788118735e+01
2.389791265763652518e+03	1.701399932588120834e+01
2.391623052873652341e+03	1.773928771698119888e+01
2.393454839983652619e+03	1.712122283658120026e+01
2.395286627093652442e+03	1.684929595668119262e+01
2.397118414203652264e+03	1.727835784638120131e+01
2.398950201313652542e+03	1.914479003628120068e+01
2.400781988423652365e+03	1.868355498988119123e+01
2.402613775533652642e+03	1.784268127168120799e+01
2.404445562643652465e+03	1.884744964318119642e+01
2.406277349753652288e+03	2.132607970918120799e+01
2.408109136863652566e+03	2.102427612028120052e+01
2.409940923973652389e+03	2.377714477258120240e+01
2.411772711073652317e+03	2.232088409148119368e+01
2.413604498183652595e+03	2.489125762658120422e+01
2.415436285293652418e+03	2.750360809048120458e+01
2.417268072403652241e+03	2.591737304408118447e+01
2.419099859513652518e+03	2.762896667198119971e+01
2.420931646623652341e+03	2.986613403038118975e+01
2.422763433733652619e+03	3.065603576378118689e+01
2.424595220843652442e+03	3.025580535608120059e+01
2.426427007953652264e+03	3.258270965298120103e+01
2.428258795063652542e+03	3.452106414518121369e+01
2.430090582173652365e+03	3.522897277558119100e+01
2.431922369283652642e+03	3.599750457488120503e+01
2.433754156393652465e+03	3.825096831998119740e+01
2.435585943503652288e+03	3.943386016568118890e+01
2.437417730613652566e+03	4.241439758018118766e+01
2.439249517723652389e+03	4.472481475518119254e+01
2.441081304823652317e+03	4.587725768718119213e+01
2.442913091933652595e+03	4.666121612318119105e+01
2.444744879043652418e+03	4.779880462418118015e+01
2.446576666153652241e+03	4.760462890318119378e+01
2.448408453263652518e+03	4.405390868818118832e+01
2.450240240373652341e+03	4.465139709218119179e+01
2.452072027483652619e+03	4.593977294618118634e+01
2.453903814593652442e+03	4.398710571018120419e+01
2.455735601703652264e+03	4.465510497818119973e+01
2.457567388813652542e+03	4.405307708418119716e+01
2.459399175923652365e+03	4.378630767518119171e+01
2.461230963033652642e+03	4.531906829518119650e+01
2.463062750143652465e+03	4.411787353218119279e+01
2.464894537253652288e+03	4.269358001418119386e+01
2.466726324363652566e+03	4.468004546818118428e+01
2.468558111473652389e+03	4.297107635218119270e+01
2.470389898573652317e+03	4.243710265818118188e+01
2.472221685683652595e+03	4.146765838318118824e+01
2.474053472793652418e+03	4.156436095918120088e+01
2.475885259903652241e+03	4.184600768718119213e+01
2.477717047013652518e+03	4.156571899118120683e+01
2.479548834123652341e+03	4.145575652818119039e+01
2.481380621233652619e+03	4.186582885418118138e+01
2.483212408343652442e+03	4.006352935508120794e+01
2.485044195453652264e+03	3.990469299038119289e+01
2.486875982563652542e+03	3.931276641568120311e+01
2.488707769673652365e+03	4.101602874478118821e+01
2.490539556783652642e+03	3.769821105678119011e+01
2.492371343893652465e+03	3.571673522668118750e+01
2.494203131003652288e+03	3.689824615198120483e+01
2.496034918113652566e+03	3.713835082728120796e+01
2.497866705223652389e+03	3.507282195768119948e+01
2.499698492323652317e+03	3.381672607148121301e+01
2.501530279433652595e+03	3.540315948208120034e+01
2.503362066543652418e+03	3.546414123258119844e+01
2.505193853653652241e+03	3.474374328338118545e+01
2.507025640763652518e+03	3.392646728238118925e+01
2.508857427873652341e+03	3.571181426728121266e+01
2.510689214983652619e+03	3.604170165738118925e+01
2.512521002093652442e+03	3.575855956758119447e+01
2.514352789203652264e+03	3.690452514368119807e+01
2.516184576313652542e+03	3.738455138878119044e+01
2.518016363423652365e+03	3.527096496308120521e+01
2.519848150533652642e+03	3.579317413048119789e+01
2.521679937643652465e+03	3.499435363488118611e+01
2.523511724753652288e+03	3.532800994598119360e+01
2.525343511863652566e+03	3.729554687218119113e+01
2.527175298973652389e+03	3.666471801478120085e+01
2.529007086073652317e+03	3.685245452598118732e+01
2.530838873183652595e+03	3.438745818818121336e+01
2.532670660293652418e+03	3.734143005098118806e+01
2.534502447403652241e+03	3.589594970428118614e+01
2.536334234513652518e+03	3.836654601768119477e+01
2.538166021623652341e+03	3.621354613978120085e+01
2.539997808733652619e+03	3.816625915248119583e+01
2.541829595843652442e+03	3.721058593468119113e+01
2.543661382953652264e+03	3.698760925018119394e+01
2.545493170063652542e+03	3.745969329558119654e+01
2.547324957173652365e+03	3.744381652558119811e+01
2.549156744283652642e+03	3.558607421598120624e+01
2.550988531393652465e+03	3.866140685758120554e+01
2.552820318503652288e+03	3.839677367888119619e+01
2.554652105613652566e+03	3.952546630578119391e+01
2.556483892723652389e+03	4.214193664318120369e+01
2.558315679823652317e+03	4.012381683068119997e+01
2.560147466933652595e+03	3.952350555138118438e+01
2.561979254043652418e+03	4.010322509488118925e+01
2.563811041153652241e+03	4.281136260718119502e+01
2.565642828263652518e+03	4.305098663018119254e+01
2.567474615373652341e+03	4.356082854918118841e+01
2.569306402483652619e+03	4.249847350818119196e+01
2.571138189593652442e+03	4.303675781018120716e+01
2.572969976703652264e+03	4.409187255618120105e+01
2.574801763813652542e+03	4.381523071018120419e+01
2.576633550923652365e+03	4.557858978018118989e+01
2.578465338033652642e+03	4.715393768018120824e+01
2.580297125143652465e+03	4.815097747518118609e+01
2.582128912253652288e+03	5.029803405518119774e+01
2.583960699363652566e+03	5.202709136718119964e+01
2.585792486473652389e+03	5.275449310018119320e+01
2.587624273573652317e+03	5.265859161118119403e+01
2.589456060683652595e+03	5.437935577118120278e+01
2.591287847793652418e+03	5.677543578818119130e+01
2.593119634903652241e+03	6.006771026318120477e+01
2.594951422013652518e+03	5.986484466318118081e+01
2.596783209123652341e+03	6.258497558318119758e+01
2.598614996233652619e+03	6.066316161818119923e+01
2.600446783343652442e+03	6.422953735118119312e+01
2.602278570453652264e+03	6.545543609318119138e+01
2.604110357563652542e+03	6.822719512618120064e+01
2.605942144673652365e+03	7.262251220418119146e+01
2.607773931783652642e+03	7.586396728218119279e+01
2.609605718893652465e+03	7.767831359618118370e+01
2.611437506003652288e+03	8.239218078318120320e+01
2.613269293113652566e+03	8.515693603218120700e+01
2.615100836073652317e+03	8.635501037318118733e+01
2.616932623183652595e+03	9.324426208218120848e+01
2.618764410293652418e+03	9.397485290218121179e+01
2.620596197403652241e+03	1.035553582731811986e+02
2.622427984513652518e+03	1.052543328831812062e+02
2.624259771623652341e+03	1.093277886931812048e+02
2.626091558733652619e+03	1.102258294651812065e+02
2.627923345843652442e+03	1.164970239231811746e+02
2.629755132953652264e+03	1.234207147191812055e+02
2.631586920063652542e+03	1.284170373511811931e+02
2.633418707173652365e+03	1.319894860811812123e+02
2.635250494283652642e+03	1.363828118871812194e+02
2.637082281393652465e+03	1.424342797821811928e+02
2.638914068503652288e+03	1.513076928681811921e+02
2.640745855613652566e+03	1.619973138401811923e+02
2.642577642723652389e+03	1.678031915251812052e+02
2.644409429823652317e+03	1.758783868381812283e+02
2.646241216933652595e+03	1.871347650121811910e+02
2.648073004043652418e+03	1.975581964081812032e+02
2.649904791153652241e+03	2.080880426001812111e+02
2.651736578263652518e+03	2.218895867891811520e+02
2.653568365373652341e+03	2.327265618871812478e+02
2.655400152483652619e+03	2.470744012421811817e+02
2.657231939593652442e+03	2.653993829321811972e+02
2.659063726703652264e+03	2.818808892791811900e+02
2.660895513813652542e+03	2.941264031951811830e+02
2.662727300923652365e+03	3.125877984591811583e+02
2.664559088033652642e+03	3.276565545621812134e+02
2.666390875143652465e+03	3.506030877661811473e+02
2.668222662253652288e+03	3.725568231171811249e+02
2.670054449363652566e+03	3.956788629121812164e+02
2.671886236473652389e+03	4.253667901581811748e+02
2.673718023573652317e+03	4.455504754611811791e+02
2.675549810683652595e+03	4.763815911841810475e+02
2.677381597793652418e+03	5.110245355201810753e+02
2.679213384903652241e+03	5.418956292701810753e+02
2.681045172013652518e+03	5.795084222381810832e+02
2.682876959123652341e+03	6.160645135471810363e+02
2.684708746233652619e+03	6.510579827851810251e+02
2.686540533343652442e+03	6.851600335661810277e+02
2.688372320453652264e+03	7.207414544651811639e+02
2.690204107563652542e+03	7.488540032931811083e+02
2.692035894673652365e+03	7.617421868871812194e+02
2.693867681783652642e+03	7.797244866911810277e+02
2.695699468893652465e+03	7.802249139371812134e+02
2.697531256003652288e+03	7.817112420621812134e+02
2.699363043113652566e+03	7.750565789771810614e+02
2.701194830223652389e+03	7.465441278051812333e+02
2.703026617323652317e+03	7.191127313201811830e+02
2.704858404433652595e+03	6.888861077851810251e+02
2.706690191543652418e+03	6.542101434301811196e+02
2.708521978653652241e+03	6.124542230201810753e+02
2.710353765763652518e+03	5.767473748751810945e+02
2.712185552873652341e+03	5.386022332731811275e+02
2.714017339983652619e+03	5.041554559301811196e+02
2.715849127093652442e+03	4.716403802461811097e+02
2.717680914203652264e+03	4.374912713591811553e+02
2.719512701313652542e+03	4.103117974821811345e+02
2.721344488423652365e+03	3.801640313691811457e+02
2.723176275533652642e+03	3.495529473851811417e+02
2.725008062643652465e+03	3.316421807831811179e+02
2.726839849753652288e+03	3.120199273651812177e+02
2.728671636863652566e+03	2.873693841521811692e+02
2.730503423973652389e+03	2.622862237521811721e+02
2.732335211073652317e+03	2.400614312711812204e+02
2.734166998183652595e+03	2.275520013401811923e+02
2.735998785293652418e+03	2.145137933321811943e+02
2.737830572403652241e+03	1.994808648651812177e+02
2.739662359513652518e+03	1.881274255341812136e+02
2.741494146623652341e+03	1.756492608611812045e+02
2.743325933733652619e+03	1.639156640601812285e+02
2.745157720843652442e+03	1.556010430881811999e+02
2.746989507953652264e+03	1.506878045621811850e+02
2.748821295063652542e+03	1.395664971891812058e+02
2.750653082173652365e+03	1.351964715551812048e+02
2.752484869283652642e+03	1.278193505831812047e+02
2.754316656393652465e+03	1.201201013151812163e+02
2.756148443503652288e+03	1.161900628631812111e+02
2.757980230613652566e+03	1.057987664771812035e+02
2.759812017723652389e+03	1.031503137181811951e+02
2.761643804823652317e+03	9.952938781418120584e+01
2.763475591933652595e+03	9.452787719418121526e+01
2.765307379043652418e+03	8.954975829818120303e+01
2.767139166153652241e+03	8.456317077318118436e+01
2.768970953263652518e+03	8.288507018718119923e+01
2.770802740373652341e+03	7.824818359118120270e+01
2.772634527483652619e+03	7.485168395718119427e+01
2.774466314593652442e+03	6.979049621318118568e+01
2.776298101703652264e+03	6.596204314918119849e+01
2.778129888813652542e+03	6.704062591318118791e+01
2.779961675923652365e+03	6.372594390618120030e+01
2.781793463033652642e+03	6.174620757818119898e+01
2.783625250143652465e+03	5.852688537318119444e+01
2.785457037253652288e+03	5.541990600318120386e+01
2.787288824363652566e+03	5.421193633718119287e+01
2.789120611473652389e+03	5.382991729418120030e+01
2.790952398573652317e+03	5.283048949918119064e+01
2.792784185683652595e+03	4.702189574918119774e+01
2.794615972793652418e+03	4.894529662818119675e+01
2.796447759903652241e+03	4.727377258018119477e+01
2.798279547013652518e+03	4.506413207718119907e+01
2.800111334123652341e+03	4.462053619118118064e+01
2.801943121233652619e+03	4.445672546118120039e+01
2.803774908343652442e+03	4.317772613218118494e+01
2.805606695453652264e+03	4.186303649618118783e+01
2.807438482563652542e+03	4.196839080518119403e+01
2.809270269673652365e+03	3.879131255828119862e+01
2.811102056783652642e+03	3.829428039268120187e+01
2.812933843893652465e+03	3.788415466028119738e+01
2.814765631003652288e+03	3.695655761438121090e+01
2.816597418113652566e+03	3.579150329308119183e+01
2.818429205223652389e+03	3.657189880098119517e+01
2.820260992323652317e+03	3.410673461638118908e+01
2.822092779433652595e+03	3.378739104948120797e+01
2.823924566543652418e+03	3.676998077118119568e+01
2.825756353653652241e+03	3.405746398648120277e+01
2.827588140763652518e+03	3.205674682338119652e+01
2.829419927873652341e+03	3.070628295618120873e+01
2.831251714983652619e+03	3.296275268278120762e+01
2.833083502093652442e+03	3.161351714808120406e+01
2.834915289203652264e+03	3.243782745088120834e+01
2.836747076313652542e+03	3.124142394738119677e+01
2.838578863423652365e+03	2.778932128628120068e+01
2.840410650533652642e+03	2.983525787078118796e+01
2.842242437643652465e+03	2.908451019008118976e+01
2.844074224753652288e+03	2.863787017548120772e+01
2.845906011863652566e+03	2.794686065398119723e+01
2.847737798973652389e+03	2.596651397428119523e+01
2.849569586073652317e+03	2.637637267788119999e+01
2.851401373183652595e+03	2.780384765348119913e+01
2.853233160293652418e+03	2.635131774628120027e+01
2.855064947403652241e+03	2.566368041718120452e+01
2.856896734513652518e+03	2.559997497278119383e+01
2.858728521623652341e+03	2.587274871548119748e+01
2.860560308733652619e+03	2.674157653528119383e+01
2.862392095843652442e+03	2.585226379118119766e+01
2.864223882953652264e+03	2.410681091028119383e+01
2.866055670063652542e+03	2.400556121548119393e+01
2.867887213033652642e+03	2.440902648648119211e+01
2.869719000143652465e+03	2.471007476528119540e+01
2.871550787253652288e+03	2.535556731898120475e+01
2.873382574363652566e+03	2.477146087368118899e+01
2.875214361473652389e+03	2.479927001678119325e+01
2.877046148573652317e+03	2.352425323208119323e+01
2.878877935683652595e+03	2.381461272918119931e+01
2.880709722793652418e+03	2.280056701378119399e+01
2.882541509903652241e+03	2.250293670378119515e+01
2.884373297013652518e+03	2.274452911098119046e+01
2.886205084123652341e+03	2.264771972378119713e+01
2.888036871233652619e+03	2.307567535118119650e+01
2.889868658343652442e+03	2.273164306358119191e+01
2.891700445453652264e+03	2.101811156948119574e+01
2.893532232563652542e+03	2.144215331758119447e+01
2.895364019673652365e+03	2.033212218958120587e+01
2.897195806783652642e+03	1.975579772668120171e+01
2.899027593893652465e+03	2.097731719688119156e+01
2.900859381003652288e+03	2.223190246308120521e+01
2.902691168113652566e+03	2.181810699188119429e+01
2.904522955223652389e+03	2.060890136438120024e+01
2.906354742323652317e+03	2.124945769988119793e+01
2.908186529433652595e+03	2.019189391808119183e+01
2.910018316543652418e+03	2.166258941368119650e+01
2.911850103653652241e+03	2.096127258018119122e+01
2.913681890763652518e+03	2.166852508268120658e+01
2.915513677873652341e+03	2.074742828088119495e+01
2.917345464983652619e+03	2.049748931608120017e+01
2.919177252093652442e+03	2.013275085168119460e+01
2.921009039203652264e+03	2.074847350798118839e+01
2.922840826313652542e+03	2.081750426968119783e+01
2.924672613423652365e+03	2.164987121308120166e+01
2.926504400533652642e+03	2.100393615448119888e+01
2.928336187643652465e+03	2.115733276088119297e+01
2.930167974753652288e+03	1.951875243858119191e+01
2.931999761863652566e+03	1.879090820038119602e+01
2.933831548973652389e+03	2.053119598108120414e+01
2.935663336073652317e+03	2.124470458708119125e+01
2.937495123183652595e+03	2.150364623748119541e+01
2.939326910293652418e+03	1.862989745818119403e+01
2.941158697403652241e+03	1.992427001678119680e+01
2.942990484513652518e+03	1.984891448698120442e+01
2.944822271623652341e+03	2.058862243378120382e+01
2.946654058733652619e+03	2.068460021698119533e+01
2.948485845843652442e+03	1.956825957978120201e+01
2.950317632953652264e+03	1.913423095428119680e+01
2.952149420063652542e+03	1.907866607388119462e+01
2.953981207173652365e+03	1.903597198208119678e+01
2.955812994283652642e+03	1.927836547578120374e+01
2.957644781393652465e+03	1.766484771448120483e+01
2.959476568503652288e+03	1.871241698938120024e+01
2.961308355613652566e+03	1.799305663788119602e+01
2.963140142723652389e+03	1.656357513148120120e+01
2.964971929823652317e+03	1.754511199678119127e+01
2.966803716933652595e+03	1.625099120818119403e+01
2.968635504043652418e+03	1.538265929898119566e+01
2.970467291153652241e+03	1.536777435028120031e+01
2.972299078263652518e+03	1.603977142058118943e+01
2.974130865373652341e+03	1.554352508268119948e+01
2.975962652483652619e+03	1.626425872528119498e+01
2.977794439593652442e+03	1.405577026088119119e+01
2.979626226703652264e+03	1.206277404508120021e+01
2.981458013813652542e+03	1.325759826378119044e+01
2.983289800923652365e+03	1.419197021208119125e+01
2.985121588033652642e+03	1.370257507048119017e+01
2.986953375143652465e+03	1.312802825648120120e+01
2.988785162253652288e+03	1.410153136928119011e+01
2.990616949363652566e+03	1.404515014368120163e+01
2.992448736473652389e+03	1.350807891568119956e+01
2.994280523573652317e+03	1.263674865448120066e+01
2.996112310683652595e+03	1.297045837128119672e+01
2.997944097793652418e+03	1.254614959438119648e+01
2.999775884903652241e+03	1.016294799528120585e+01
3.001607672013652518e+03	1.240878234588119255e+01
3.003439459123652341e+03	1.313956390098118732e+01
3.005271246233652619e+03	1.263226257048119727e+01
3.007103033343652442e+03	1.127709136688119429e+01
3.008934820453652264e+03	1.216412292198119438e+01
3.010766607563652542e+03	1.305983672818119956e+01
3.012598394673652365e+03	1.135712371548119393e+01
3.014430181783652642e+03	1.063252196988119813e+01
3.016261968893652465e+03	1.196205077848120624e+01
3.018093756003652288e+03	1.224659667688120557e+01
3.019925543113652566e+03	1.236164794648120591e+01
3.021757330223652389e+03	1.237206206998120095e+01
3.023589117323652317e+03	1.244697509488119991e+01
3.025420904433652595e+03	1.217117248258120554e+01
3.027252691543652418e+03	1.044773040498120054e+01
3.029084478653652241e+03	1.295267425258118976e+01
3.030916265763652518e+03	1.059385619838119474e+01
3.032748052873652341e+03	9.869613034281202957e+00
3.034579839983652619e+03	1.198591552458119125e+01
3.036411627093652442e+03	1.127256713588118942e+01
3.038243414203652264e+03	9.159964901981203056e+00
3.040075201313652542e+03	1.022053466518119791e+01
3.041906988423652365e+03	1.096829162318119266e+01
3.043738775533652642e+03	1.195809112268119989e+01
3.045570562643652465e+03	1.132487426478120263e+01
3.047402349753652288e+03	1.139075408658120026e+01
3.049234136863652566e+03	1.082646117888119619e+01
3.051065923973652389e+03	1.158531890588119673e+01
3.052897711073652317e+03	1.106095824918120307e+01
3.054729498183652595e+03	1.225862060268119258e+01
3.056561285293652418e+03	1.259930358608119860e+01
3.058393072403652241e+03	1.162882934288119152e+01
3.060224859513652518e+03	1.095220885948118905e+01
3.062056646623652341e+03	1.075386748988119301e+01
3.063888433733652619e+03	1.268210540498120764e+01
3.065720220843652442e+03	1.137528167448120264e+01
3.067552007953652264e+03	1.324439941128119358e+01
3.069383795063652542e+03	1.203439269738120032e+01
3.071215582173652365e+03	1.329549346648119545e+01
3.073047369283652642e+03	1.187901244838119652e+01
3.074879156393652465e+03	1.367833648408120339e+01
3.076710943503652288e+03	1.284786925988119499e+01
3.078542730613652566e+03	1.331020293908119889e+01
3.080374517723652389e+03	1.324478088098120132e+01
3.082206304823652317e+03	1.333569274628119850e+01
3.084038091933652595e+03	1.329949126918118907e+01
3.085869879043652418e+03	1.370727477748119227e+01
3.087701666153652241e+03	1.298878417688120379e+01
3.089533453263652518e+03	1.394455657678120097e+01
3.091365240373652341e+03	1.473107848848119161e+01
3.093197027483652619e+03	1.406087432588120834e+01
3.095028814593652442e+03	1.393179259978119156e+01
3.096860601703652264e+03	1.479431091028120271e+01
3.098692388813652542e+03	1.508229766568119778e+01
3.100524175923652365e+03	1.599317870818119758e+01
3.102355963033652642e+03	1.493424163538120375e+01
3.104187750143652465e+03	1.716046081268119750e+01
3.106019537253652288e+03	1.692000518518119634e+01
3.107851324363652566e+03	1.741406951628119160e+01
3.109683111473652389e+03	1.710396514618120278e+01
3.111514898573652317e+03	2.038333831508119687e+01
3.113346685683652595e+03	1.902011810028119854e+01
3.115178472793652418e+03	1.850756011688119429e+01
3.117010259903652241e+03	1.890576110558119893e+01
3.118842047013652518e+03	2.081661925988119322e+01
3.120673834123652341e+03	2.110297332488119437e+01
3.122505377093652442e+03	2.110893951138119462e+01
3.124337164203652264e+03	2.323854766568119601e+01
3.126168951313652542e+03	2.416989074428120432e+01
3.128000738423652365e+03	2.554668365198120838e+01
3.129832525533652642e+03	2.661880431848120665e+01
3.131664312643652465e+03	2.773834167198118550e+01
3.133496099753652288e+03	2.867008147918119931e+01
3.135327886863652566e+03	3.013775573448118905e+01
3.137159673973652389e+03	2.925707183558120761e+01
3.138991461073652317e+03	3.229112182338118942e+01
3.140823248183652595e+03	3.410893951138120173e+01
3.142655035293652418e+03	3.609305511198120797e+01
3.144486822403652241e+03	3.597124419888120883e+01
3.146318609513652518e+03	3.687916503628120068e+01
3.148150396623652341e+03	3.880400024138118908e+01
3.149982183733652619e+03	4.437720428218120361e+01
3.151813970843652442e+03	4.641847930618119733e+01
3.153645757953652264e+03	4.757987151818118576e+01
3.155477545063652542e+03	5.004679046318120328e+01
3.157309332173652365e+03	5.522114501718120039e+01
3.159141119283652642e+03	5.758829437018119535e+01
3.160972906393652465e+03	5.988696227718119047e+01
3.162804693503652288e+03	6.489516387618120064e+01
3.164636480613652566e+03	6.815281615918119940e+01
3.166468267723652389e+03	7.176368652018118155e+01
3.168300054823652317e+03	7.416851745318119526e+01
3.170131841933652595e+03	7.777833495818120468e+01
3.171963629043652418e+03	7.767207275118119014e+01
3.173795416153652241e+03	7.859529052418119477e+01
3.175627203263652518e+03	8.242822204318117940e+01
3.177458990373652341e+03	8.333920226818119659e+01
3.179290777483652619e+03	8.638987670618118386e+01
3.181122564593652442e+03	8.812721191118120601e+01
3.182954351703652264e+03	9.141557250718120997e+01
3.184786138813652542e+03	9.486573730218121625e+01
3.186617925923652365e+03	9.714507995318119526e+01
3.188449713033652642e+03	9.636474548018121311e+01
3.190281500143652465e+03	9.602096496318121410e+01
3.192113287253652288e+03	9.801260314618119196e+01
3.193945074363652566e+03	9.624229369818118585e+01
3.195776861473652389e+03	9.687083373718118651e+01
3.197608648573652317e+03	9.661390624718120534e+01
3.199440435683652595e+03	9.048313842518118122e+01
3.201272222793652418e+03	8.902706847818120650e+01
3.203104009903652241e+03	8.642532287318118733e+01
3.204935797013652518e+03	8.285626159418120551e+01
3.206767584123652341e+03	8.349357543618121724e+01
3.208599371233652619e+03	7.829190002118119196e+01
3.210431158343652442e+03	7.811639343018120485e+01
3.212262945453652264e+03	7.377201781918120105e+01
3.214094732563652542e+03	7.323170409918120072e+01
3.215926519673652365e+03	7.040342651118118056e+01
3.217758306783652642e+03	6.728147063918119386e+01
3.219590093893652465e+03	6.740247283618118956e+01
3.221421881003652288e+03	6.669889007318118956e+01
3.223253668113652566e+03	6.271191344918120336e+01
3.225085455223652389e+03	6.511617980718119725e+01
3.226917242323652317e+03	6.781217132318117535e+01
3.228749029433652595e+03	6.895219360118119312e+01
3.230580816543652418e+03	6.869705901818119287e+01
3.232412603653652241e+03	6.807553802218117767e+01
3.234244390763652518e+03	6.837888274918118725e+01
3.236076177873652341e+03	6.692209563918119386e+01
3.237907964983652619e+03	6.628121886918118832e+01
3.239739752093652442e+03	6.453775726018119485e+01
3.241571539203652264e+03	6.189022765818119609e+01
3.243403326313652542e+03	5.941326080018119171e+01
3.245235113423652365e+03	5.244438873018118130e+01
3.247066900533652642e+03	5.262596069018119493e+01
3.248898687643652465e+03	5.055324493118119022e+01
3.250730474753652288e+03	4.448342834218119890e+01
3.252562261863652566e+03	4.366672454518120361e+01
3.254394048973652389e+03	3.797289214808120761e+01
3.256225836073652317e+03	3.419078765588119495e+01
3.258057623183652595e+03	3.206476531708120348e+01
3.259889410293652418e+03	2.918640838348119715e+01
3.261721197403652241e+03	2.544546447478120044e+01
3.263552984513652518e+03	2.586804137908119472e+01
3.265384771623652341e+03	2.159503875458120348e+01
3.267216558733652619e+03	1.917295013148120120e+01
3.269048345843652442e+03	2.026047454558119654e+01
3.270880132953652264e+03	1.695387206758118737e+01
3.272711920063652542e+03	1.464133392058119121e+01
3.274543707173652365e+03	1.613751159388120371e+01
3.276375494283652642e+03	1.579057250698119219e+01
3.278207281393652465e+03	1.402800689418119440e+01
3.280039068503652288e+03	1.295127807338119119e+01
3.281870855613652566e+03	1.421742187218119646e+01
3.283702642723652389e+03	1.169110046108119327e+01
3.285534429823652317e+03	9.983641964981186945e+00
3.287366216933652595e+03	1.011015258508120063e+01
3.289198004043652418e+03	8.440696103181199561e+00
3.291029791153652241e+03	6.760894162281193331e+00
3.292861578263652518e+03	9.919890744281191886e+00
3.294693365373652341e+03	7.861098630081192695e+00
3.296525152483652619e+03	8.334815365881203419e+00
3.298356939593652442e+03	7.774588925481196178e+00
3.300188726703652264e+03	6.976821286281199797e+00
3.302020513813652542e+03	7.333068234481187275e+00
3.303852300923652365e+03	6.486052853681202102e+00
3.305684088033652642e+03	7.568190915181197020e+00
3.307515875143652465e+03	7.300063473781193579e+00
3.309347662253652288e+03	6.928328854681203630e+00
3.311179449363652566e+03	6.293425900581199883e+00
3.313011236473652389e+03	6.778609616381188196e+00
3.314843023573652317e+03	6.547721249681194955e+00
3.316674810683652595e+03	7.370902401981197727e+00
3.318506597793652418e+03	6.015502316581192943e+00
3.320338384903652241e+03	6.428992611981199978e+00
3.322170172013652518e+03	6.488501889281199198e+00
3.324001959123652341e+03	6.353354794581198561e+00
3.325833746233652619e+03	6.544562680281188705e+00
3.327665533343652442e+03	5.547171933281195955e+00
3.329497320453652264e+03	6.293639523581196826e+00
3.331329107563652542e+03	7.319815976181193840e+00
3.333160894673652365e+03	6.386229855581190051e+00
3.334992681783652642e+03	7.332633359081203395e+00
3.336824468893652465e+03	7.651366574381206931e+00
3.338656256003652288e+03	5.867995602681191691e+00
3.340488043113652566e+03	6.120383603181194232e+00
3.342319830223652389e+03	6.046851498681190762e+00
3.344151617323652317e+03	5.579902035781188374e+00
3.345983404433652595e+03	5.823569638381200342e+00
3.347815191543652418e+03	5.980208737481194525e+00
3.349646978653652241e+03	5.951590878581201949e+00
3.351478765763652518e+03	6.310202939081200668e+00
3.353310552873652341e+03	6.016211850281199425e+00
3.355142339983652619e+03	7.003653866881194290e+00
3.356974127093652442e+03	6.005530697881197533e+00
3.358805914203652264e+03	5.692908627581192427e+00
3.360637701313652542e+03	7.121383053881195302e+00
3.362469488423652365e+03	6.370322567981197004e+00
3.364301275533652642e+03	5.678504330681198198e+00
3.366133062643652465e+03	6.061805111981206196e+00
3.367964849753652288e+03	5.809226376581197115e+00
3.369796636863652566e+03	4.978724820181195554e+00
3.371628423973652389e+03	5.818106991881195178e+00
3.373460211073652317e+03	5.793609005981201321e+00
3.375291754043652418e+03	6.451186520681192249e+00
3.377123541153652241e+03	5.777953488481189837e+00
3.378955328263652518e+03	5.462554318481196880e+00
3.380787115373652341e+03	4.422091824581197095e+00
3.382618902483652619e+03	3.597903592181201482e+00
3.384450689593652442e+03	3.626075131481195868e+00
3.386282476703652264e+03	4.215022427681193840e+00
3.388114263813652542e+03	5.116401059281190378e+00
3.389946050923652365e+03	5.005290371981195641e+00
3.391777838033652642e+03	4.574286801381198586e+00
3.393609625143652465e+03	4.126525265781200602e+00
3.395441412253652288e+03	5.019404751881202387e+00
3.397273199363652566e+03	3.391997677881197770e+00
3.399104986473652389e+03	3.914630276781202234e+00
3.400936773573652317e+03	3.313857419081194244e+00
3.402768560683652595e+03	4.462165219381192038e+00
3.404600347793652418e+03	4.070968014781197297e+00
3.406432134903652241e+03	3.408542019881201313e+00
3.408263922013652518e+03	4.274863583681193901e+00
3.410095709123652341e+03	3.597949368581199625e+00
3.411927496233652619e+03	2.992503506781196698e+00
3.413759283343652442e+03	3.525496823381200517e+00
3.415591070453652264e+03	6.661925988119531128e-02
3.417422857563652542e+03	2.131839139081200152e+00
3.419254644673652365e+03	2.530078274781196068e+00
3.421086431783652642e+03	2.868625027781197101e+00
3.422918218893652465e+03	2.977404934981201290e+00
3.424750006003652288e+03	2.287261349781197772e+00
3.426581793113652566e+03	2.595595700381202242e+00
3.428413580223652389e+03	3.287440640481196219e+00
3.430245367323652317e+03	4.143252713281193600e+00
3.432077154433652595e+03	3.001910550181199344e+00
3.433908941543652418e+03	9.782327242811957868e-01
3.435740728653652241e+03	3.327254635881196076e+00
3.437572515763652518e+03	3.072821957681190597e+00
3.439404302873652341e+03	2.844634396681195554e+00
3.441236089983652619e+03	1.897292477681191025e+00
3.443067877093652442e+03	1.885650021681197774e+00
3.444899664203652264e+03	2.346110684481202302e+00
3.446731451313652542e+03	1.202147824381195607e+00
3.448563238423652365e+03	3.211284024281194860e+00
3.450395025533652642e+03	1.516297884811964591e-01
3.452226812643652465e+03	3.216651303381194094e+00
3.454058599753652288e+03	1.571994168381201762e+00
3.455890386863652566e+03	1.609652859781193213e+00
3.457722173973652389e+03	1.300856930781194576e+00
3.459553961073652317e+03	8.483689852811961973e-01
3.461385748183652595e+03	9.270127840811944742e-01
3.463217535293652418e+03	2.093257290881201271e+00
3.465049322403652241e+03	2.298022610781200292e+00
3.466881109513652518e+03	3.187478609812024466e-01
3.468712896623652341e+03	2.989432675481201063e+00
3.470544683733652619e+03	1.816264493081190645e+00
3.472376470843652442e+03	9.733842440812002783e-01
3.474208257953652264e+03	4.116471834811929464e-01
3.476040045063652542e+03	4.239593228119629270e-02
3.477871832173652365e+03	6.945108004812006186e-01
3.479703619283652642e+03	4.809564180811908285e-01
3.481535406393652465e+03	7.685922213811972048e-01
3.483367193503652288e+03	9.840310640811933407e-01
3.485198980613652566e+03	8.496812410811981353e-01
3.487030767723652389e+03	2.209445340281197545e+00
3.488862554823652317e+03	1.352988583681201007e+00
3.490694341933652595e+03	1.735667569281201139e+00
3.492526129043652418e+03	1.283339840981194691e+00
3.494357916153652241e+03	2.898948056281192898e+00
3.496189703263652518e+03	1.376990658881204421e+00
3.498021490373652341e+03	1.008586270381193417e+00
3.499853277483652619e+03	6.294168062811978936e-01
