5.001636594948867014e+02	1.210627685606926240e+00
5.018413328348866571e+02	2.239981781106919811e+00
5.035190061748866697e+02	1.509620057069270549e-01
5.051966795148866822e+02	1.394999633906920167e+00
5.068743528548866948e+02	2.268630157606923436e+00
5.085519956768866905e+02	2.027903686606920441e+00
5.102296690168867030e+02	1.868929992806916962e+00
5.119073423568866588e+02	1.916377197306921687e+00
5.135849851788866545e+02	1.587992797906922826e+00
5.152626585188867239e+02	2.106406341606918087e+00
5.169403318588866796e+02	1.004817138806923360e+00
5.186180051978866459e+02	2.155642639206925448e+00
5.202956785378867153e+02	1.825724731506928267e+00
5.219733518778866710e+02	7.787619935069175492e-01
5.236510252178867404e+02	1.516821991006924053e+00
5.253286985578866961e+02	2.432303558406923472e+00
5.270063718978866518e+02	2.341250549406927117e+00
5.286840452368867318e+02	2.012656341606922972e+00
5.303616575418866432e+02	1.408442627006920578e+00
5.320393308818867126e+02	9.950057374069177785e-01
5.337170042218866683e+02	7.311049806069236379e-01
5.353946775618867377e+02	4.728843079069212640e-01
5.370723509008867040e+02	1.930132995706917542e+00
5.387500242408866598e+02	2.621527801606927888e+00
5.404276975808867292e+02	1.020320068406928238e+00
5.421053709208866849e+02	8.927835090692497200e-02
5.437830442608866406e+02	1.300826202506923046e+00
5.454607176008867100e+02	1.610530029406924690e+00
5.471383909408866657e+02	3.136992584306924847e+00
5.488160032448867014e+02	2.144240509106924986e+00
5.504936765848866571e+02	5.987044679069219999e-01
5.521713499248867265e+02	6.340819703069217050e-01
5.538490232648866822e+02	1.507048736706922742e+00
5.555266966048866379e+02	1.247931610206924002e+00
5.572043699438867179e+02	1.631308685406920755e+00
5.588820432838866736e+02	2.514357696606921877e+00
5.605597166238866293e+02	1.477866302606923865e+00
5.622373899638866988e+02	3.551017152069225746e-01
5.639150633038866545e+02	1.476889954069279809e-01
5.655927366438867239e+02	1.013213502069222893e-01
5.672703489478866459e+02	1.262560974206924591e+00
5.689480222878867153e+02	2.342547546506920764e+00
5.706256956278866710e+02	1.616614471506923945e+00
5.723033689678867404e+02	6.255332337069259285e-01
5.739810423078866961e+02	1.058531891006924575e+00
5.756587156478866518e+02	2.100173126306923432e+00
5.773363889868867318e+02	1.569052826006928747e+00
5.790140623268866875e+02	1.887580262069238068e-01
5.806917356668866432e+02	2.613227020306920778e+00
5.823694090068867126e+02	1.114054809706923388e+00
5.840470823468866683e+02	2.570632110706926099e+00
5.857246946508867040e+02	7.537986146069237670e-01
5.874023679908866598e+02	1.090590606806920215e+00
5.890800413308867292e+02	2.249495636106919161e+00
5.907577146708866849e+02	1.776618133606927108e+00
5.924353880108866406e+02	1.118552337706927746e+00
5.941130613508867100e+02	2.071746002306924961e+00
5.957907346908866657e+02	1.761546264706927101e+00
5.974684080298866320e+02	1.574675689806926071e+00
5.991460813698867014e+02	6.299392091069205835e-01
6.008237547098866571e+02	1.172927032606922770e+00
6.025014280498867265e+02	1.500659118706925144e+00
6.041790403548866379e+02	1.535308014006921074e+00
6.058567136938867179e+02	7.290068971069249004e-01
6.075343870338866736e+02	9.222518311069187735e-01
6.092120603738866293e+02	2.609503875806927553e+00
6.108897337138866988e+02	2.326819549606921722e+00
6.125674070538866545e+02	2.502898346006921848e+00
6.142450803938867239e+02	2.358512054506922251e+00
6.159227537338866796e+02	4.509421693069191051e-01
6.176004270728866459e+02	7.075682984069191495e-01
6.192781004128867153e+02	1.090483795206919293e+00
6.209557737528866710e+02	1.359137664906924448e+00
6.226333860578866961e+02	1.497565399306920675e+00
6.243110593978866518e+02	1.904154907306926603e+00
6.259887327368867318e+02	2.950430999806919807e+00
6.276664060768866875e+02	3.779082428106922631e+00
6.293440794168866432e+02	2.635661255006926496e+00
6.310217527568867126e+02	2.232607971306916461e+00
6.326994260968866683e+02	1.322264801106918242e+00
6.343770994368867377e+02	2.170436035206923631e+00
6.360547727758867040e+02	2.057253967406919681e+00
6.377324461158866598e+02	2.405074249406924825e+00
6.394101194558867292e+02	3.330107818706922629e+00
6.410877317608866406e+02	2.931498657306923050e+00
6.427654051008867100e+02	1.782824646106921707e+00
6.444430784408866657e+02	2.211936126806918868e+00
6.461207517798866320e+02	1.618155609206927359e+00
6.477984251198867014e+02	9.177337706924786759e-03
6.494760984598866571e+02	9.278594361069215646e-01
6.511537717998867265e+02	2.309668670706920057e+00
6.528314451398866822e+02	1.303900848506924781e+00
6.545091184798866379e+02	1.574031005906926906e+00
6.561867918188867179e+02	8.638373719069291079e-01
6.578644651588866736e+02	1.227366577206925324e+00
6.595420774638866988e+02	2.692984710806917370e+00
6.612197508038866545e+02	2.627585540906919093e+00
6.628974241438867239e+02	2.644713531606929013e+00
6.645750974838866796e+02	3.285224090706921451e+00
6.662527708228866459e+02	4.296214233506926661e+00
6.679304441628867153e+02	4.427085052606916982e+00
6.696081175028866710e+02	2.090460907106921340e+00
6.712857908428867404e+02	1.138636718806925074e+00
6.729634641828866961e+02	2.536391388006922654e+00
6.746411375228866518e+02	1.937262664906926668e+00
6.763188108618867318e+02	4.162169801069215969e-01
6.779964231668866432e+02	9.542991029069249898e-01
6.796740965068867126e+02	2.238070617806918516e+00
6.813517698468866683e+02	2.217272888306925260e+00
6.830294431868867377e+02	1.364478241006923165e+00
6.847071165258867040e+02	1.289179931706917692e+00
6.863847898658866598e+02	3.011382232706921069e+00
6.880624632058867292e+02	2.894316803106928848e+00
6.897401365458866849e+02	3.279906402706920243e+00
6.914178098858866406e+02	2.531066070606915908e+00
6.930954832258867100e+02	1.568194519106924201e+00
6.947731565658866657e+02	1.129748474206920372e+00
6.964507688698867014e+02	1.123484741306928880e+00
6.981284422098866571e+02	1.620597015506924254e+00
6.998061155498867265e+02	2.160342346306924011e+00
7.014837888898866822e+02	2.994277130206926874e+00
7.031614622298866379e+02	3.732058654906925899e+00
7.048391355688867179e+02	1.938288818406929348e+00
7.065168089088866736e+02	2.213275085506922757e+00
7.081944822488866293e+02	2.888629089406919093e+00
7.098721555888866988e+02	2.071810852106918954e+00
7.115498289288866545e+02	9.275924073069277132e-01
7.132275022688867239e+02	1.326071869006929083e+00
7.149051145728866459e+02	2.202784668106922972e+00
7.165827879128867153e+02	1.971369873106927351e+00
7.182604612528866710e+02	2.468241821406923275e+00
7.199381345928867404e+02	1.501853119006922643e+00
7.216158079328866961e+02	2.376055847306923763e+00
7.232934812728866518e+02	3.696562896806925291e+00
7.249711546118867318e+02	4.062747131406923451e+00
7.266488279518866875e+02	2.223723541306927842e+00
7.283265012918866432e+02	2.706008087206925872e+00
7.300041746318867126e+02	2.882819305506918894e+00
7.316818479718866683e+02	1.463362823606918939e+00
7.333594602758867040e+02	1.584864746206926744e+00
7.350371336158866598e+02	3.832030426106915577e+00
7.367148069558867292e+02	3.342734466606923416e+00
7.383924802958866849e+02	7.920333253069252732e-01
7.400701536358866406e+02	2.394099365306918692e+00
7.417478269758867100e+02	1.994177948106925502e+00
7.434255003158866657e+02	3.122943054306927202e+00
7.451031736548866320e+02	2.507514129706919448e+00
7.467808469948867014e+02	2.203478943006921931e+00
7.484585203348866571e+02	2.901999603406922645e+00
7.501361936748867265e+02	2.779925476206917434e+00
7.518138059798866379e+02	1.952212463506925566e+00
7.534914793188867179e+02	1.944647918806922116e+00
7.551691526588866736e+02	2.471507202206922660e+00
7.568468259988866293e+02	2.399119506906921551e+00
7.585244993388866988e+02	3.172488342406925454e+00
7.602021726788866545e+02	3.626395355306915924e+00
7.618798460188867239e+02	1.406340728806927176e+00
7.635575193588866796e+02	8.294516908069189398e-01
7.652351926978866459e+02	2.598948608506923552e+00
7.669128660378867153e+02	1.904379974406923637e+00
7.685905393778866710e+02	2.513949524006929614e+00
7.702681516828866961e+02	3.712924133406921623e+00
7.719458250228866518e+02	3.473712097306922431e+00
7.736234983618867318e+02	2.681719909806920210e+00
7.753011717018866875e+02	2.269438873406918411e+00
7.769788450418866432e+02	1.621577392706929910e+00
7.786565183818867126e+02	2.977698455906923058e+00
7.803341917218866683e+02	2.975115905806927863e+00
7.820118650618867377e+02	5.020278106806924434e+00
7.836895384008867040e+02	2.910971771306918754e+00
7.853672117408866598e+02	2.312865387006922901e+00
7.870448850808867292e+02	2.724356781106919367e+00
7.887224973858866406e+02	3.380618225206923899e+00
7.904001707258867100e+02	3.401515136806926520e+00
7.920778440658866657e+02	3.403453003006922106e+00
7.937555174048866320e+02	3.855872284006921724e+00
7.954331907448867014e+02	3.578665863106920586e+00
7.971108640848866571e+02	2.255435119706925562e+00
7.987885374248867265e+02	2.103968750106925967e+00
8.004662107648866822e+02	2.858573089706923476e+00
8.021438841048866379e+02	2.467833863069265610e-01
8.038215574438867179e+02	2.271872650206923527e+00
8.054992307838866736e+02	2.448130737406923885e+00
8.071768430888866988e+02	2.365859161506917552e+00
8.088545164288866545e+02	2.145487915106924159e+00
8.105321897688867239e+02	1.765406738406926301e+00
8.122098631088866796e+02	1.748076568706924627e+00
8.138875364478866459e+02	2.484454284806924207e+00
8.155652097878867153e+02	2.721354614306924713e+00
8.172428831278866710e+02	1.925425659306923887e+00
8.189205564678867404e+02	3.425700317506922499e+00
8.205982298078866961e+02	3.589110504206923125e+00
8.222759031478866518e+02	1.809863220306922704e+00
8.239535764868867318e+02	3.744681488106923695e+00
8.256311887918866432e+02	3.354758392406923306e+00
8.273088621318867126e+02	2.094824920706916949e+00
8.289865354718866683e+02	2.869609008906921055e+00
8.306642088118867377e+02	2.628844391006926351e+00
8.323418821508867040e+02	1.906195770306926107e+00
8.340195554908866598e+02	2.326712738106923251e+00
8.356972288308867292e+02	2.890116821406920611e+00
8.373749021708866849e+02	2.609866272106922569e+00
8.390525755108866406e+02	2.960295807006922075e+00
8.407302488508867100e+02	3.938498626806917979e+00
8.424079221908866657e+02	3.621031891006925907e+00
8.440855344948867014e+02	2.659049163906925362e+00
8.457632078348866571e+02	1.760054718106925487e+00
8.474408811748867265e+02	2.597727905406918225e+00
8.491185545148866822e+02	2.820639740106923199e+00
8.507962278548866379e+02	3.409403930706920605e+00
8.524739011938867179e+02	2.575129638806925136e+00
8.541515745338866736e+02	2.573844085806915594e+00
8.558292478738866293e+02	3.078585754506924399e+00
8.575069212138866988e+02	3.323504577706919871e+00
8.591845945538866545e+02	2.912974487406918556e+00
8.608622678938867239e+02	2.082743774506928158e+00
8.625398801978866459e+02	4.228533874606926979e+00
8.642175535378867153e+02	3.553488861206921534e+00
8.658952268778866710e+02	3.441970001306919880e+00
8.675729002178867404e+02	2.478705536006923005e+00
8.692505735578866961e+02	4.479029785206920522e+00
8.709282468978866518e+02	2.379141937306922916e+00
8.726059202368867318e+02	3.570708404606919739e+00
8.742835935768866875e+02	3.358298431506924420e+00
8.759612669168866432e+02	3.521678100706922443e+00
8.776389402568867126e+02	2.727561126806919756e+00
8.793166135968866683e+02	2.552897583106919388e+00
8.809942259008867040e+02	3.105662475706919334e+00
8.826718992408866598e+02	2.478011261106924490e+00
8.843495725808867292e+02	3.370635162406923513e+00
8.860272459208866849e+02	4.131880890006917717e+00
8.877049192608866406e+02	1.264285217406922790e+00
8.893825926008867100e+02	3.356993805006925680e+00
8.910602659408866657e+02	2.833224426406921737e+00
8.927379392798866320e+02	1.984961639506925390e+00
8.944156126198867014e+02	3.589621673706921534e+00
8.960932859598866571e+02	3.578288208106917612e+00
8.977709592998867265e+02	2.501448761106924934e+00
8.994485716048866379e+02	2.942286621206923858e+00
9.011262449438867179e+02	3.263735901006924234e+00
9.028039182838866736e+02	3.287291656606923240e+00
9.044815916238866293e+02	3.953353057906923151e+00
9.061592649638866988e+02	4.107108245906921695e+00
9.078369383038866545e+02	3.642115722706923187e+00
9.095146116438867239e+02	4.298380981506922716e+00
9.111922849838866796e+02	2.337733398506918192e+00
9.128699583228866459e+02	2.773440490806920788e+00
9.145476316628867153e+02	1.451888214206924710e+00
9.162252439678867404e+02	3.526248108006928561e+00
9.179029173078866961e+02	2.169531952006922282e+00
9.195805906478866518e+02	1.874682556206918038e+00
9.212582639868867318e+02	2.652384887806923164e+00
9.229359373268866875e+02	3.116770874106923994e+00
9.246136106668866432e+02	3.553107391406921334e+00
9.262912840068867126e+02	3.321597229106921123e+00
9.279689573468866683e+02	3.692568908806919570e+00
9.296466306868867377e+02	3.860098968606924252e+00
9.313243040258867040e+02	2.528758178806922441e+00
9.330019773658866598e+02	2.599875579906924639e+00
9.346795896708866849e+02	1.700091491806927202e+00
9.363572630108866406e+02	3.187213073806924424e+00
9.380349363508867100e+02	3.211676727406922449e+00
9.397126096908866657e+02	2.108615051406920404e+00
9.413902830298866320e+02	4.520960937606923302e+00
9.430679563698867014e+02	2.880160461506930503e+00
9.447456297098866571e+02	2.261759887806926717e+00
9.464233030498867265e+02	2.444789062606920194e+00
9.481009763898866822e+02	3.214373718306926531e+00
9.497786497298866379e+02	2.849440704406922542e+00
9.514563230688867179e+02	1.325999389706919551e+00
9.531339353738866293e+02	1.582514892706928578e+00
9.548116087138866988e+02	3.778460632406923203e+00
9.564892820538866545e+02	3.810027252306928069e+00
9.581669553938867239e+02	1.674739013806922472e+00
9.598446287338866796e+02	2.485194336006919524e+00
9.615223020728866459e+02	2.391146789606926060e+00
9.631999754128867153e+02	1.593474517906921850e+00
9.648776487528866710e+02	1.584471832406921354e+00
9.665553220928867404e+02	1.525889526406920771e+00
9.682329954328866961e+02	2.202731262306918847e+00
9.699106687728866518e+02	3.456503997906921644e+00
9.715882810768866875e+02	1.504801880006920722e+00
9.732659544168866432e+02	2.231310974206923259e+00
9.749436277568867126e+02	3.374434600906921045e+00
9.766213010968866683e+02	1.660021911706918152e+00
9.782989744368867377e+02	1.396617065506925659e+00
9.799766477758867040e+02	2.520541320906924732e+00
9.816543211158866598e+02	1.967044006406923451e+00
9.833319944558867292e+02	1.563090454206922608e+00
9.850096677958866849e+02	2.356410156306920634e+00
9.866873411358866406e+02	2.350180755706920532e+00
9.883650144758867100e+02	2.458480011106919605e+00
9.900426267798866320e+02	2.373602996906926776e+00
9.917203001198867014e+02	6.613112794069226918e-01
9.933979734598866571e+02	1.418398986906926895e+00
9.950756467998867265e+02	3.335555206406922490e+00
9.967533201398866822e+02	2.950438629206924901e+00
9.984309934798866379e+02	1.328684936606918443e+00
1.000108666818886718e+03	8.545829163069267320e-01
1.001786340160886652e+03	2.194365631206925737e+00
1.003464013500886722e+03	1.825640808206921317e+00
1.005141686840886678e+03	6.823874818069174397e-01
1.006819360180886633e+03	2.137023316069285861e-01
1.008496972480886711e+03	1.023028503506918874e+00
1.010174645820886667e+03	1.833899627806923505e+00
1.011852319160886736e+03	1.498969207806926329e+00
1.013529992500886692e+03	2.123248230106923540e+00
1.015207665840886648e+03	2.123324524006925174e+00
1.016885339180886717e+03	6.717101441069259771e-01
1.018563012520886673e+03	1.531592498906924948e+00
1.020240685860886629e+03	1.670981536906919418e+00
1.021918359200886698e+03	1.568659912206915363e+00
1.023596032540886654e+03	2.016070495706920429e+00
1.025273705880886837e+03	1.596129547206923904e+00
1.026951318190886695e+03	7.135192262069199876e-01
1.028629052560886748e+03	2.370932708806922307e+00
1.030306664870886834e+03	2.804549347006923821e+00
1.031984399240886887e+03	2.116488586506927838e+00
1.033662011550886746e+03	1.629550109906922950e+00
1.035339745920886799e+03	1.423361908006922416e+00
1.037017358220886763e+03	1.915122161906924969e+00
1.038694970530886849e+03	2.640307556206918260e+00
1.040372704900886902e+03	2.318835388306920819e+00
1.042050317210886760e+03	1.855342041106921469e+00
1.043728051580886813e+03	2.684897552606918314e+00
1.045405663890886899e+03	3.003188263006923098e+00
1.047083398260886725e+03	1.897536407606923659e+00
1.048761010570886810e+03	2.019423614606923767e+00
1.050438744940886863e+03	3.136588441069262934e-01
1.052116357250886722e+03	3.473113189806922296e+00
1.053794091620886775e+03	3.685847412206918250e+00
1.055471703930886861e+03	2.057002197306926128e+00
1.057149316230886825e+03	1.326487671006926217e+00
1.058827050610886772e+03	1.830630432206926894e+00
1.060504662910886736e+03	2.136107574506926010e+00
1.062182397290886911e+03	3.076171051106921794e+00
1.063860009590886875e+03	3.845946441706920460e+00
1.065537743970886822e+03	3.545783172706920006e+00
1.067215356270886787e+03	3.447268615806924341e+00
1.068893090650886734e+03	3.182238708606929034e+00
1.070570702950886698e+03	3.320120941206927689e+00
1.072248437330886873e+03	3.901610504206924901e+00
1.073926049630886837e+03	3.355254303106927516e+00
1.075603661940886695e+03	4.103083740306918692e+00
1.077281396310886748e+03	2.397967468306920757e+00
1.078959008620886834e+03	3.568823944206920284e+00
1.080636742990886887e+03	3.266978393606923881e+00
1.082314355300886746e+03	4.540671478406920869e+00
1.083992089670886799e+03	3.159194122406925764e+00
1.085669701970886763e+03	2.571459900006925814e+00
1.087347436350886710e+03	1.456652771106925481e+00
1.089025048650886902e+03	2.271559845106924769e+00
1.090702783030886849e+03	2.694327484206923806e+00
1.092380395330886813e+03	3.141226898306916482e+00
1.094058007640886899e+03	2.591319213906923657e+00
1.095735742010886725e+03	2.394049774306919343e+00
1.097413354320886810e+03	3.296359192006928396e+00
1.099091088690886863e+03	3.304041992306922193e+00
1.100768701000886722e+03	2.289542328006928695e+00
1.102446435370886775e+03	2.253115783806924455e+00
1.104124047680886861e+03	2.797968994206920801e+00
1.105801782050886686e+03	2.472987304806919084e+00
1.107479394360886772e+03	2.150485168506919287e+00
1.109157006660886736e+03	2.446437011806922524e+00
1.110834741040886911e+03	2.979510437106922982e+00
1.112512353340886875e+03	3.167559753506918874e+00
1.114190087720886822e+03	2.730227600206921235e+00
1.115867700020886787e+03	1.964976440506921440e+00
1.117545434400886734e+03	2.851153503506921094e+00
1.119223046700886698e+03	1.932124267706925691e+00
1.120900781080886873e+03	3.834746490606927516e+00
1.122578393380886837e+03	1.681082855306918367e+00
1.124256127760886784e+03	2.753710876506926919e+00
1.125933740060886748e+03	2.866850982706920625e+00
1.127611352370886834e+03	2.755728851406921365e+00
1.129289086740886887e+03	2.095339904906925899e+00
1.130966699050886746e+03	2.448664795006919359e+00
1.132644433420886799e+03	3.694331298906925909e+00
1.134322045720886763e+03	2.300109039406924349e+00
1.135999780100886710e+03	1.662222992006928912e+00
1.137677392400886902e+03	2.012576233006926785e+00
1.139355126780886849e+03	1.726634155406918669e+00
1.141032739080886813e+03	2.190825592106916631e+00
1.142710473460886760e+03	2.269953857506924688e+00
1.144388085760886725e+03	1.480433593806921744e+00
1.146065698070886810e+03	1.557498108006922344e+00
1.147743432440886863e+03	2.500582824806923288e+00
1.149421044750886722e+03	1.341593872206925386e+00
1.151098779120886775e+03	1.809554229806924264e+00
1.152776391430886861e+03	2.211306701706922340e+00
1.154454125800886686e+03	1.677519928106928182e+00
1.156131738110886772e+03	3.149703155606926597e+00
1.157809472480886825e+03	1.991538177606918092e+00
1.159487084790886911e+03	1.800154815806923603e+00
1.161164819160886736e+03	1.653807769906920466e+00
1.162842431470886822e+03	1.683875213706923946e+00
1.164520043770886787e+03	1.924117218106922822e+00
1.166197778150886734e+03	8.578559266069257783e-01
1.167875390450886698e+03	1.144030700806922596e+00
1.169553124830886873e+03	5.335952149069229655e-01
1.171230737130886837e+03	9.111625062069191872e-01
1.172908471510886784e+03	1.674380432206922009e+00
1.174586083810886748e+03	1.255545745906919031e+00
1.176263818190886695e+03	1.345770965706918121e+00
1.177941430490886887e+03	1.521758209306927512e+00
1.179619164870886834e+03	9.284964906069236301e-01
1.181296777170886799e+03	1.128741394106928420e+00
1.182974389470886763e+03	2.037543426606923003e+00
1.184652123850886710e+03	2.175109039406919909e+00
1.186329736150886902e+03	1.282107483006923676e+00
1.188007470530886849e+03	1.199774871906923668e+00
1.189685082830886813e+03	1.177958618206922825e+00
1.191362817210886760e+03	1.445674072306924796e+00
1.193040429510886725e+03	1.801947723506918564e+00
1.194718163890886899e+03	1.748744140706921080e+00
1.196395776190886863e+03	2.215216766406920890e+00
1.198073510570886810e+03	2.133113037206923135e+00
1.199751122870886775e+03	1.450659881706922505e+00
1.201428735180886861e+03	8.836699830069270067e-01
1.203106469550886686e+03	3.949614869069266176e-01
1.204784081860886772e+03	1.587412963906919883e+00
1.206461816230886825e+03	3.089820037906924721e+00
1.208139428540886911e+03	2.934092651406923657e+00
1.209817162910886736e+03	3.932623993006921115e+00
1.211494775220886822e+03	3.026980529906921902e+00
1.213172509590886875e+03	1.330760131906925547e+00
1.214850121900886734e+03	2.459212647069194124e-01
1.216527856270886787e+03	2.305712829706924705e+00
1.218205468580886873e+03	3.312018524306920231e+00
1.219883080880886837e+03	2.657920013506924306e+00
1.221560815260886784e+03	2.518183838006921249e+00
1.223238427560886748e+03	2.967677246206922526e+00
1.224916161940886695e+03	3.329215179506926692e+00
1.226593774240886887e+03	2.942080627506921342e+00
1.228271508620886834e+03	2.623950134406919599e+00
1.229949120920886799e+03	2.450438629206925345e+00
1.231626855300886746e+03	1.656432281606925683e+00
1.233304467600886710e+03	1.528781067006922179e+00
1.234982201970886763e+03	1.704222808906920461e+00
1.236659814280886849e+03	2.471182953006924254e+00
1.238337426580886813e+03	3.255072723506924337e+00
1.240015160960886760e+03	3.249941955606926225e+00
1.241692773260886725e+03	3.772257934706925386e+00
1.243370507640886899e+03	4.228594909806920654e+00
1.245048119940886863e+03	4.214770446906920931e+00
1.246725854320886810e+03	4.095614563106924066e+00
1.248403466620886775e+03	3.286124359206920253e+00
1.250081201000886722e+03	4.565188537706927896e+00
1.251758813300886686e+03	4.122683654906921902e+00
1.253436547680886861e+03	2.085761200006922778e+00
1.255114159980886825e+03	2.580920349206920594e+00
1.256791772290886911e+03	3.282668243506920991e+00
1.258469506660886736e+03	3.864565979106918459e+00
1.260147118970886822e+03	3.377696167106920111e+00
1.261824853340886875e+03	3.210703979606921887e+00
1.263502465650886734e+03	3.413302551406921737e+00
1.265180200020886787e+03	3.277793060406918979e+00
1.266857812330886873e+03	3.612490783806919126e+00
1.268535546700886698e+03	3.098815094106922352e+00
1.270213159010886784e+03	2.971770416306921625e+00
1.271890893380886837e+03	3.529841552806923577e+00
1.273568505690886695e+03	2.970240722706918302e+00
1.275246117990886887e+03	3.008582245006920619e+00
1.276923852370886834e+03	3.358554016206926285e+00
1.278601464670886799e+03	2.438113342406926343e+00
1.280279199050886746e+03	2.666052948106922837e+00
1.281956811350886710e+03	4.003932129006923191e+00
1.283634545720886763e+03	4.560942779606921071e+00
1.285312158030886849e+03	4.201720367506923459e+00
1.286989892400886902e+03	4.404441009606924418e+00
1.288667504710886760e+03	4.113722931006924100e+00
1.290345239080886813e+03	5.805873047006918419e+00
1.292022851390886899e+03	5.055991302606924975e+00
1.293700463690886863e+03	3.381507049606923054e+00
1.295378198070886810e+03	5.495741974006919328e+00
1.297055810370886775e+03	5.241149078506921910e+00
1.298733544750886722e+03	4.170855651906922645e+00
1.300411157050886686e+03	5.420268188606916837e+00
1.302088891430886861e+03	4.751956115806917680e+00
1.303766503730886825e+03	4.712462555006924347e+00
1.305444238110886772e+03	6.488272796706922030e+00
1.307121850410886736e+03	5.011569152906925950e+00
1.308799584790886911e+03	8.099894653406918721e+00
1.310477197090886875e+03	7.189887176606921670e+00
1.312154809400886734e+03	7.128943573106925946e+00
1.313832543770886787e+03	7.299483429006920154e+00
1.315510156080886873e+03	6.898932586806924228e+00
1.317187890450886698e+03	7.388438354606919667e+00
1.318865502760886784e+03	8.870619903606925760e+00
1.320543237130886837e+03	8.300540100206921679e+00
1.322220849440886695e+03	9.041823516906923430e+00
1.323898583810886748e+03	1.093021310430692417e+01
1.325576196120886834e+03	9.883978973506920340e+00
1.327253930490886887e+03	8.274951110906917151e+00
1.328931542800886746e+03	9.150328766006925463e+00
1.330609155100886710e+03	1.034661019910692126e+01
1.332286889470886763e+03	1.217143930060692369e+01
1.333964501780886849e+03	1.401983941660692246e+01
1.335642236150886902e+03	1.421193612680692020e+01
1.337319848460886760e+03	1.450727761850692410e+01
1.338997582830886813e+03	1.655618966680692239e+01
1.340675195140886899e+03	1.737255014050692381e+01
1.342352929510886725e+03	1.818733895880692941e+01
1.344030541820886810e+03	1.944197763070692631e+01
1.345708276190886863e+03	1.811352456670692135e+01
1.347385888500886722e+03	1.749077523810692725e+01
1.349063500800886686e+03	1.836388314830692181e+01
1.350741235180886861e+03	1.801328958140691583e+01
1.352418847480886825e+03	1.560961068730691892e+01
1.354096581860886772e+03	1.545262826550692381e+01
1.355774194160886736e+03	1.417919076550692381e+01
1.357451928540886911e+03	1.259072793590691752e+01
1.359129540840886875e+03	1.119774163830692437e+01
1.360807275220886822e+03	1.032409204110692436e+01
1.362484887520886787e+03	1.159100259410692502e+01
1.364162621900886734e+03	1.028746331800692282e+01
1.365840234200886698e+03	1.044529260260692283e+01
1.367517846510886784e+03	1.095348275770692048e+01
1.369195580880886837e+03	9.702033172706920894e+00
1.370873193190886695e+03	9.653327118006922447e+00
1.372550927560886748e+03	9.052516113406925413e+00
1.374228539870886834e+03	1.056785501110691783e+01
1.375906274240886887e+03	9.753100525006924926e+00
1.377583886550886746e+03	9.065512786906923637e+00
1.379261620920886799e+03	8.485488067706928206e+00
1.380939233220886763e+03	7.595786224406923637e+00
1.382616967600886710e+03	7.967280517706928578e+00
1.384294579900886902e+03	8.541175018406924835e+00
1.385972192210886760e+03	7.443526397806923711e+00
1.387649926580886813e+03	7.295184265206918539e+00
1.389327538890886899e+03	8.789370666606922455e+00
1.391005273260886725e+03	6.816104065006920898e+00
1.392682885570886810e+03	7.335364471506920836e+00
1.394360619940886863e+03	7.101607452506918605e+00
1.396038232250886722e+03	8.237528930706920605e+00
1.397715966620886775e+03	7.413581024306921563e+00
1.399393578930886861e+03	8.365336547906924380e+00
1.401071313300886686e+03	7.033301483206924054e+00
1.402748925610886772e+03	7.862265716606917643e+00
1.404426537910886736e+03	7.554991851906921241e+00
1.406104272290886911e+03	8.693106781106923364e+00
1.407781884590886875e+03	8.915442596506920836e+00
1.409459618970886822e+03	9.251177917606923984e+00
1.411137231270886787e+03	9.038794647306922059e+00
1.412814965650886734e+03	8.062800537206918250e+00
1.414492577950886698e+03	7.334731231806923546e+00
1.416170312330886873e+03	9.341029297006921084e+00
1.417847924630886837e+03	8.208357940806923381e+00
1.419525659010886784e+03	9.985762725906926818e+00
1.421203271310886748e+03	9.348887573306924992e+00
1.422880883620886834e+03	8.951438079906925083e+00
1.424558617990886887e+03	8.879923950306922720e+00
1.426236230300886746e+03	9.910491119506923852e+00
1.427913964670886799e+03	1.153230203260692122e+01
1.429591576970886763e+03	1.227604211430692871e+01
1.431269311350886710e+03	1.045091928110692159e+01
1.432946923650886902e+03	1.035149682630692247e+01
1.434624658030886849e+03	1.048834909070691523e+01
1.436302270330886813e+03	9.942595611706918746e+00
1.437980004710886760e+03	1.078400338750691745e+01
1.439657617010886725e+03	1.206047357190691649e+01
1.441335229320886810e+03	1.157031167610691469e+01
1.443012963690886863e+03	1.018794168100691877e+01
1.444690576000886722e+03	1.166929544080691983e+01
1.446368310370886775e+03	1.249087823490692628e+01
1.448045922680886861e+03	1.319562829600692133e+01
1.449723657050886686e+03	1.392644799810692646e+01
1.451401269360886772e+03	1.292639077770692069e+01
1.453079003730886825e+03	1.454364694220692833e+01
1.454756616040886911e+03	1.452139199840691752e+01
1.456434350410886736e+03	1.328903497320692750e+01
1.458111962720886822e+03	1.449778665170692449e+01
1.459789575020886787e+03	1.604045022590691616e+01
1.461467309400886734e+03	1.665280831920691895e+01
1.463144921700886698e+03	1.547179330450692269e+01
1.464822656080886873e+03	1.547017587290692475e+01
1.466500268380886837e+03	1.621234811410692345e+01
1.468178002760886784e+03	1.626454843150691332e+01
1.469855615060886748e+03	1.638102639780692371e+01
1.471533349440886695e+03	1.749408639530691900e+01
1.473210961740886887e+03	1.874737466440693012e+01
1.474888696120886834e+03	1.889163125620693151e+01
1.476566308420886799e+03	1.744243539440692103e+01
1.478243920720886763e+03	1.883649362190691789e+01
1.479921655100886710e+03	2.101890481580693049e+01
1.481599267400886902e+03	2.157898629770692622e+01
1.483277001780886849e+03	2.175724710090691616e+01
1.484954614080886813e+03	2.283619607550692621e+01
1.486632348460886760e+03	2.226664651500692216e+01
1.488309960760886725e+03	2.280004800420692845e+01
1.489987695140886899e+03	2.457771218880691677e+01
1.491665307440886863e+03	2.695912088020692821e+01
1.493343041820886810e+03	2.952728952030692255e+01
1.495020654120886775e+03	2.974403298960692865e+01
1.496698266430886861e+03	2.958201516730692759e+01
1.498376000800886686e+03	2.801523507700692761e+01
1.500053613110886772e+03	3.064189065560693237e+01
1.501731347480886825e+03	3.405110086070692432e+01
1.503408959790886911e+03	3.592645181280691702e+01
1.505086694160886736e+03	3.648810495000691390e+01
1.506764306470886822e+03	4.028017343150691687e+01
1.508442040840886875e+03	4.112238992320691722e+01
1.510119653150886734e+03	4.216345132450692290e+01
1.511797387520886787e+03	4.660967935190692657e+01
1.513474999830886873e+03	4.467353738410690767e+01
1.515152612130886837e+03	4.519642556770691755e+01
1.516830346510886784e+03	4.986313546760690940e+01
1.518507958810886748e+03	5.458557809460693022e+01
1.520185693190886695e+03	5.823454965260692262e+01
1.521863305490886887e+03	6.406224740560691089e+01
1.523541039870886834e+03	6.458893502860692593e+01
1.525218652170886799e+03	6.939784158360693311e+01
1.526896386550886746e+03	7.621353067060691444e+01
1.528573998850886710e+03	8.052943338060691758e+01
1.530251733220886763e+03	8.601322854660691064e+01
1.531929345530886849e+03	9.810208047460690750e+01
1.533606957830886813e+03	1.079448233946069280e+02
1.535284692210886760e+03	1.119996940006069082e+02
1.536962304510886725e+03	1.219161063536069349e+02
1.538640038890886899e+03	1.349521323546069027e+02
1.540317651190886863e+03	1.442442160946069407e+02
1.541995385570886810e+03	1.569578391416069678e+02
1.543672997870886775e+03	1.677523795476069495e+02
1.545350732250886722e+03	1.868436576236069016e+02
1.547028344550886686e+03	2.026034537656069006e+02
1.548706078930886861e+03	2.220097190246069090e+02
1.550383691230886825e+03	2.411266013486069539e+02
1.552061303540886911e+03	2.659528647766069298e+02
1.553739037910886736e+03	2.856223899236069883e+02
1.555416650220886822e+03	3.099463950506069523e+02
1.557094384590886875e+03	3.383674155576069893e+02
1.558771996900886734e+03	3.667732993466069047e+02
1.560449731270886787e+03	3.998813926086069728e+02
1.562127343580886873e+03	4.363202658996069090e+02
1.563805077950886698e+03	4.849822226866069173e+02
1.565482690260886784e+03	5.329734946596068994e+02
1.567160424630886837e+03	5.581045371396068049e+02
1.568838036940886695e+03	5.776826621396068049e+02
1.570515649240886887e+03	6.120732871396068049e+02
1.572193383620886834e+03	6.450703574526069133e+02
1.573870995920886799e+03	6.616083823546068743e+02
1.575548730300886746e+03	6.648846274716069047e+02
1.577226342600886710e+03	6.783198081356068769e+02
1.578904076970886763e+03	6.921854087216070184e+02
1.580581689280886849e+03	7.015203696596070131e+02
1.582259423650886902e+03	7.182413169256068386e+02
1.583937035960886760e+03	7.648780356756069523e+02
1.585614770330886813e+03	8.429938804016068161e+02
1.587292382640886899e+03	9.533462973956068254e+02
1.588969994940886863e+03	1.117123335965606884e+03
1.590647729320886810e+03	1.267326216825606934e+03
1.592325341620886775e+03	1.343182417995606556e+03
1.594003076000886722e+03	1.351250167025606743e+03
1.595680688300886686e+03	1.302354781285606805e+03
1.597358422680886861e+03	1.185022017605606834e+03
1.599036034980886825e+03	1.040561568385606961e+03
1.600713769360886772e+03	9.037126304016068161e+02
1.602391381660886736e+03	7.781358481756068386e+02
1.604069116040886911e+03	6.648860312806068578e+02
1.605746728340886875e+03	5.636511679996069688e+02
1.607424340650886734e+03	4.843151694646068677e+02
1.609102075020886787e+03	4.167694846496069658e+02
1.610779687330886873e+03	3.584172202456069840e+02
1.612457421700886698e+03	3.084441367496069688e+02
1.614135034010886784e+03	2.655695639956069272e+02
1.615812768380886837e+03	2.286513511046069311e+02
1.617490380690886695e+03	2.006690207826069354e+02
1.619168115060886748e+03	1.766112510076069100e+02
1.620845727370886834e+03	1.513328544006069194e+02
1.622523461740886887e+03	1.302656241766069058e+02
1.624201074050886746e+03	1.170021811826068898e+02
1.625878686350886710e+03	1.065860740056069034e+02
1.627556420720886763e+03	9.197906411760692436e+01
1.629234033030886849e+03	8.138980020160690287e+01
1.630911767400886902e+03	7.279914773560690833e+01
1.632589379710886760e+03	6.402947915660692502e+01
1.634267114080886813e+03	5.845224679560691783e+01
1.635944726390886899e+03	5.357287515260692601e+01
1.637622460760886725e+03	4.855229104620693192e+01
1.639300073070886810e+03	4.294777597050691753e+01
1.640977807440886863e+03	4.242054666150692555e+01
1.642655419750886722e+03	3.981096566780691859e+01
1.644333032050886686e+03	3.741423715220692259e+01
1.646010766430886861e+03	3.418759835820691961e+01
1.647688378730886825e+03	3.089503396610691155e+01
1.649366113110886772e+03	2.975215829480692165e+01
1.651043725410886736e+03	2.815290750130692388e+01
1.652721459790886911e+03	2.656188882450691935e+01
1.654399072090886875e+03	2.406956399540692360e+01
1.656076806470886822e+03	2.366493142710692510e+01
1.657754418770886787e+03	2.268104470830691710e+01
1.659432153150886734e+03	2.197989572150693149e+01
1.661109765450886698e+03	2.093351663220692771e+01
1.662787377760886784e+03	1.948721231090692285e+01
1.664465112130886837e+03	1.900630105600692943e+01
1.666142724440886695e+03	1.674495614630692231e+01
1.667820458810886748e+03	1.711112130750692728e+01
1.669498071120886834e+03	1.697383035290692277e+01
1.671175805490886887e+03	1.673039926160692659e+01
1.672853417800886746e+03	1.564986337290693186e+01
1.674531152170886799e+03	1.534109414680692041e+01
1.676208764470886763e+03	1.515342630010692204e+01
1.677886498850886710e+03	1.532826150520691755e+01
1.679564111150886902e+03	1.503416360480692582e+01
1.681241723460886760e+03	1.411031259160692386e+01
1.682919457830886813e+03	1.335303033460691857e+01
1.684597070140886899e+03	1.216319955450692625e+01
1.686274804510886725e+03	1.337468255620692048e+01
1.687952416820886810e+03	1.348312677010691907e+01
1.689630151190886863e+03	1.328797830210691977e+01
1.691307763500886722e+03	1.311030877690692087e+01
1.692985497870886775e+03	1.360986245740692269e+01
1.694663110180886861e+03	1.231299508680691801e+01
1.696340844550886686e+03	1.305023110970691924e+01
1.698018456860886772e+03	1.253530038460691820e+01
1.699696069160886736e+03	1.171989358530692371e+01
1.701373803540886911e+03	1.197058786020692089e+01
1.703051415840886875e+03	1.284623635870692482e+01
1.704729150220886822e+03	1.252440560920692647e+01
1.706406762520886787e+03	1.293176187140691624e+01
1.708084496900886734e+03	1.235115731820692631e+01
1.709762109200886698e+03	1.232833016980692520e+01
1.711439843580886873e+03	1.162968362440692083e+01
1.713117455880886837e+03	1.299063027960692196e+01
1.714795190260886784e+03	1.247317422490691641e+01
1.716472802560886748e+03	1.145822442640691996e+01
1.718150414870886834e+03	1.343760217290692260e+01
1.719828149240886887e+03	1.331775201420692767e+01
1.721505761550886746e+03	1.386688912970691590e+01
1.723183495920886799e+03	1.223184503180692140e+01
1.724861108220886763e+03	1.333191979990691678e+01
1.726538842600886710e+03	1.497306741340691616e+01
1.728216454900886902e+03	1.352499688730692107e+01
1.729894189280886849e+03	1.401047052010692440e+01
1.731571801580886813e+03	1.566957772840692975e+01
1.733249535960886760e+03	1.509949411020692800e+01
1.734927148260886725e+03	1.523883737190691789e+01
1.736604760570886810e+03	1.582201303110692692e+01
1.738282494940886863e+03	1.780414498910692700e+01
1.739960107250886722e+03	1.699623788460692353e+01
1.741637841620886775e+03	1.751676858530693082e+01
1.743315453930886861e+03	1.799372018440691789e+01
1.744993188300886686e+03	1.836754525770691515e+01
1.746670800610886772e+03	1.796253121960692667e+01
1.748348534980886825e+03	1.611043466190691476e+01
1.750026147290886911e+03	1.806415475470693011e+01
1.751703881660886736e+03	1.766487802130692231e+01
1.753381493970886822e+03	1.828385842900692282e+01
1.755059106270886787e+03	1.800030435190693012e+01
1.756736840650886734e+03	1.682311929330692024e+01
1.758414452950886698e+03	1.583408273320691606e+01
1.760092187330886873e+03	1.522690499890692450e+01
1.761769799630886837e+03	1.532540811170692763e+01
1.763447534010886784e+03	1.640262521370692284e+01
1.765125146310886748e+03	1.457211221320693006e+01
1.766802880690886695e+03	1.437852395640691405e+01
1.768480492990886887e+03	1.484393991100692212e+01
1.770158227370886834e+03	1.548531259160691853e+01
1.771835839670886799e+03	1.326320184330691987e+01
1.773513451970886763e+03	1.306138528450691538e+01
1.775191186350886710e+03	1.408587945560692312e+01
1.776868798650886902e+03	1.353030313120692263e+01
1.778546533030886849e+03	1.290244973760692027e+01
1.780224145330886813e+03	1.131447137460692609e+01
1.781901879710886760e+03	1.210990441900692538e+01
1.783579492010886725e+03	1.211200631720691767e+01
1.785257226390886899e+03	1.232155145270691676e+01
1.786934838690886863e+03	1.161621011360692179e+01
1.788612573070886810e+03	1.154893792730692148e+01
1.790290185370886775e+03	1.158581079110691903e+01
1.791967797680886861e+03	1.157763208020692502e+01
1.793645532050886686e+03	1.088048089610692415e+01
1.795323144360886772e+03	1.032840264900692517e+01
1.797000878730886825e+03	9.758204589906927851e+00
1.798678491040886911e+03	1.073754037480691892e+01
1.800356225410886736e+03	9.751635681206924033e+00
1.802033837720886822e+03	9.281066070606920348e+00
1.803711572090886875e+03	9.971892486706920522e+00
1.805389184400886734e+03	9.566653381406924339e+00
1.807066918770886787e+03	1.027185357670692234e+01
1.808744531080886873e+03	9.924891601606921299e+00
1.810422143380886837e+03	1.103188241590692087e+01
1.812099877760886784e+03	1.021030343640692273e+01
1.813777490060886748e+03	1.007381356820692275e+01
1.815455224440886695e+03	9.219184051606923447e+00
1.817132836740886887e+03	9.237963806206922257e+00
1.818810571120886834e+03	9.848086486906920456e+00
1.820488183420886799e+03	9.115767608706923042e+00
1.822165917800886746e+03	8.399134765706921968e+00
1.823843530100886710e+03	8.141429077206920439e+00
1.825521264470886763e+03	8.998194824306919415e+00
1.827198876780886849e+03	8.823451172006922860e+00
1.828876489080886813e+03	7.887580047706922670e+00
1.830554223460886760e+03	6.660033355806923794e+00
1.832231835760886725e+03	7.556346069406918886e+00
1.833909570140886899e+03	7.555918823306930321e+00
1.835587182440886863e+03	7.238490234506924637e+00
1.837264916820886810e+03	8.486525665406926322e+00
1.838942529120886775e+03	8.342906128006923439e+00
1.840620263500886722e+03	6.491343628006921662e+00
1.842297875800886686e+03	6.568366180506925112e+00
1.843975610180886861e+03	7.774848114106921670e+00
1.845653222480886825e+03	6.604346405106927165e+00
1.847330834790886911e+03	7.214678894106929086e+00
1.849008569160886736e+03	6.789546142706929466e+00
1.850686181470886822e+03	4.397055755706920976e+00
1.852363915840886875e+03	7.092948089706920811e+00
1.854041528150886734e+03	6.673697601406921365e+00
1.855719262520886787e+03	6.473048339906924298e+00
1.857396874830886873e+03	6.479117523306915594e+00
1.859074609200886698e+03	6.047732483006930337e+00
1.860752221510886784e+03	6.503466735906923368e+00
1.862429833810886748e+03	6.636359344606925781e+00
1.864107568190886695e+03	6.299914489806927698e+00
1.865785180490886887e+03	6.122649322606929623e+00
1.867462914870886834e+03	6.750731598006924905e+00
1.869140527170886799e+03	6.918761383106917684e+00
1.870818261550886746e+03	5.225581298906925909e+00
1.872495873850886710e+03	5.968875061106919233e+00
1.874173608220886763e+03	7.527602325506917325e+00
1.875851220530886849e+03	7.150435577506917717e+00
1.877528954900886902e+03	5.755061279406923802e+00
1.879206567210886760e+03	5.666663299606927495e+00
1.880884179510886725e+03	7.409384857306924310e+00
1.882561913890886899e+03	7.334658752506921786e+00
1.884239526190886863e+03	8.102107177806921356e+00
1.885917260570886810e+03	6.918833862406918556e+00
1.887594872870886775e+03	6.620528350906923265e+00
1.889272607250886722e+03	5.803935180706919716e+00
1.890950219550886686e+03	4.723700653206921451e+00
1.892627953930886861e+03	7.810465942506922943e+00
1.894305566230886825e+03	7.152960907106921340e+00
1.895983300610886772e+03	6.248160492006921807e+00
1.897660912910886736e+03	7.598719726606927516e+00
1.899338525220886822e+03	7.762450348006920464e+00
1.901016259590886875e+03	4.814780365106920534e+00
1.902693871900886734e+03	6.532366882406917874e+00
1.904371606270886787e+03	6.796034942706925541e+00
1.906049218580886873e+03	6.368079315306923505e+00
1.907726952950886698e+03	6.659144531306922410e+00
1.909404565260886784e+03	7.491980682506922840e+00
1.911082299630886837e+03	7.372363220306922926e+00
1.912759911940886695e+03	6.016760955906923058e+00
1.914437646310886748e+03	6.715796600406929606e+00
1.916115258620886834e+03	6.714106689506922798e+00
1.917792870920886799e+03	6.192999969606925781e+00
1.919470605300886746e+03	5.843089233506927549e+00
1.921148217600886710e+03	5.859870086806923339e+00
1.922825951970886763e+03	5.677157531806924062e+00
1.924503564280886849e+03	5.613528381406920786e+00
1.926181298650886902e+03	6.452262054506923583e+00
1.927858910960886760e+03	7.747084747406924876e+00
1.929536645330886813e+03	7.007372985906918927e+00
1.931214257640886899e+03	4.556281219606926669e+00
1.932891992010886725e+03	5.042323242306925302e+00
1.934569604320886810e+03	9.102320800906920084e+00
1.936247216620886775e+03	6.411521087706923083e+00
1.937924951000886722e+03	4.828684936606917333e+00
1.939602563300886686e+03	6.588992248606923674e+00
1.941280297680886861e+03	6.660479675406917544e+00
1.942957909980886825e+03	7.534979950006922778e+00
1.944635644360886772e+03	7.460784088206923848e+00
1.946313256660886736e+03	7.135554443406923575e+00
1.947990991040886911e+03	7.096869598506919452e+00
1.949668603340886875e+03	6.868109832806926107e+00
1.951346337720886822e+03	6.480475555506924223e+00
1.953023950020886787e+03	6.468146453906920001e+00
1.954701562330886873e+03	7.699473510806927656e+00
1.956379296700886698e+03	7.498606811606923550e+00
1.958056909010886784e+03	7.717646728606923467e+00
1.959734643380886837e+03	7.458476196406922831e+00
1.961412255690886695e+03	6.456076751806922864e+00
1.963089990060886748e+03	7.356738220306922038e+00
1.964767602370886834e+03	7.448149810906918411e+00
1.966445336740886887e+03	6.508582245006919287e+00
1.968122949050886746e+03	7.383700500606921402e+00
1.969800683420886799e+03	6.858821045006918915e+00
1.971478295720886763e+03	8.207377563606918613e+00
1.973155908030886849e+03	7.773890625106923302e+00
1.974833642400886902e+03	8.562655578706925397e+00
1.976511254710886760e+03	8.013213287406923513e+00
1.978188989080886813e+03	8.541564117506920795e+00
1.979866601390886899e+03	8.068305145306922554e+00
1.981544335760886725e+03	8.546446930006927900e+00
1.983221948070886810e+03	8.102439056506927528e+00
1.984899682440886863e+03	7.650160919306918217e+00
1.986577294750886722e+03	9.148795257706918704e+00
1.988255029120886775e+03	7.689646850706922443e+00
1.989932641430886861e+03	7.353514801106916465e+00
1.991610253730886825e+03	8.280352722306920654e+00
1.993287988110886772e+03	6.681159149306920675e+00
1.994965600410886736e+03	8.407279144406919258e+00
1.996643334790886911e+03	8.419600616506924595e+00
1.998320947090886875e+03	6.209193359506921972e+00
1.999998681470886822e+03	7.977526794506925256e+00
2.001676293770886787e+03	8.866522918806925446e+00
2.003354028150886734e+03	8.939932953006929139e+00
2.005031640450886698e+03	8.616152893106924893e+00
2.006709374830886873e+03	7.349158416806924166e+00
2.008386987130886837e+03	8.489535461506923397e+00
2.010064599440886695e+03	8.630538116506922819e+00
2.011742333810886748e+03	7.579409729106919791e+00
2.013419946120886834e+03	7.881056915406926322e+00
2.015097680490886887e+03	7.572543274006925174e+00
2.016775292800886746e+03	6.303057800406920208e+00
2.018453027170886799e+03	6.943125854606921443e+00
2.020130639470886763e+03	7.944354187106923426e+00
2.021808373850886710e+03	7.238017212006927714e+00
2.023485986150886902e+03	6.590491424606922166e+00
2.025163720530886849e+03	5.744208465706921451e+00
2.026841332830886813e+03	7.349139343306926975e+00
2.028518945140886899e+03	6.006320129506923067e+00
2.030196679510886725e+03	6.116061340406921509e+00
2.031874291820886810e+03	6.239932190006916457e+00
2.033552026190886863e+03	5.941126953206916639e+00
2.035229638500886722e+03	4.763243805006922571e+00
2.036907372870886775e+03	6.333991180506926000e+00
2.038584985180886861e+03	6.260707031306925963e+00
2.040262719550886686e+03	5.304412017906919630e+00
2.041940331860886772e+03	5.424071441706922236e+00
2.043618066230886825e+03	5.004874359206926471e+00
2.045295678540886911e+03	6.363486419806926087e+00
2.046973290840886875e+03	5.318740020806917990e+00
2.048651025220886822e+03	4.984862457406922687e+00
2.050328759590886875e+03	5.061858307006923852e+00
2.052006249830886645e+03	4.942633758606921113e+00
2.053683984200886698e+03	4.539023529106923860e+00
2.055361718580886645e+03	5.217658172706916453e+00
2.057039452950886698e+03	5.052172790606922703e+00
2.058716943190886923e+03	4.454833160506927570e+00
2.060394677560886976e+03	4.148303161706921038e+00
2.062072411940886923e+03	5.820525299206917857e+00
2.063750146310886976e+03	3.617678772106922125e+00
2.065427636550886746e+03	4.897284637506921001e+00
2.067105370920886799e+03	5.045783172706919117e+00
2.068783105300886746e+03	4.826541076706926781e+00
2.070460595530886621e+03	3.900534759606920421e+00
2.072138329900886674e+03	4.215464721806926995e+00
2.073816064280886621e+03	4.892161499106921774e+00
2.075493798650886674e+03	4.640978943006919266e+00
2.077171288890886899e+03	4.010779510606928611e+00
2.078849023260886952e+03	3.409972320606923457e+00
2.080526757640886899e+03	3.787829528906921261e+00
2.082204492010886952e+03	4.143923889206928557e+00
2.083881982250886722e+03	3.643279205406923626e+00
2.085559716620886775e+03	4.328772674606926607e+00
2.087237451000886722e+03	5.033637176606926111e+00
2.088914941230886598e+03	3.723155151406924546e+00
2.090592675610886999e+03	4.288550506706922505e+00
2.092270409980886598e+03	5.477538238606918242e+00
2.093948144360886999e+03	5.241671692006925731e+00
2.095625634590886875e+03	5.427764068706920852e+00
2.097303368970886822e+03	4.872866760306922451e+00
2.098981103340886875e+03	3.914340149006923841e+00
2.100658837720886822e+03	3.840270172206921018e+00
2.102336327950886698e+03	3.709029327506917273e+00
2.104014062330886645e+03	3.370612274306926004e+00
2.105691796700886698e+03	4.382117401206921947e+00
2.107369286940886923e+03	2.947375427306923257e+00
2.109047021310886976e+03	3.671523224006921993e+00
2.110724755690886923e+03	4.387866150006923149e+00
2.112402490060886976e+03	3.681258331406923379e+00
2.114079980300886746e+03	4.019992004506925731e+00
2.115757714670886799e+03	3.475714813306920004e+00
2.117435449050886746e+03	4.378504882906922191e+00
2.119113183420886799e+03	3.858950744706926006e+00
2.120790673650886674e+03	3.995677124106923550e+00
2.122468408030886621e+03	3.563384185906917967e+00
2.124146142400886674e+03	4.144648681706915916e+00
2.125823632640886899e+03	3.691073547406920952e+00
2.127501367010886952e+03	4.028151641906924318e+00
2.129179101390886899e+03	3.918559204206921276e+00
2.130856835760886952e+03	5.290850769106925533e+00
2.132534326000886722e+03	4.570990692206923001e+00
2.134212060370886775e+03	4.284335266206927173e+00
2.135889794750886722e+03	5.213404785206919634e+00
2.137567529120886775e+03	2.682776580906927499e+00
2.139245019360886999e+03	4.204737793106920307e+00
2.140922753730886598e+03	3.458895813106924511e+00
2.142600488110886999e+03	4.269557129006924079e+00
2.144277978340886875e+03	4.138251434406923224e+00
2.145955712720886822e+03	3.413424621706922846e+00
2.147633447090886875e+03	3.540640960806916038e+00
2.149311181470886822e+03	3.573340545706921834e+00
2.150988671700886698e+03	4.613326202506923934e+00
2.152666406080886645e+03	5.044760833806916978e+00
2.154344140450886698e+03	4.028773437606924190e+00
2.156021874830886645e+03	2.728652130206926429e+00
2.157699365060886976e+03	4.271582733206921390e+00
2.159377099440886923e+03	4.797793518106922228e+00
2.161054833810886976e+03	5.614524017406920642e+00
2.162732324050886746e+03	5.272788177606917870e+00
2.164410058420886799e+03	4.532157074106923922e+00
2.166087792800886746e+03	3.320277343806920189e+00
2.167765527170886799e+03	4.940146576006927859e+00
2.169443017400886674e+03	4.661734710806923587e+00
2.171120751780886621e+03	4.572672973706924715e+00
2.172798486150886674e+03	4.073138366806924537e+00
2.174476220530886621e+03	4.045996795706916949e+00
2.176153710760886952e+03	3.607543121406923792e+00
2.177831445140886899e+03	3.948023925906924525e+00
2.179509179510886952e+03	3.970484863406922305e+00
2.181186669750886722e+03	4.395903717106921071e+00
2.182864404120886775e+03	4.177401672406926281e+00
2.184542138500886722e+03	3.616534362906918876e+00
2.186219872870886775e+03	3.696040283306921914e+00
2.187897363110886999e+03	4.118495117306921749e+00
2.189575097480886598e+03	4.515044342106921960e+00
2.191252831860886999e+03	4.212645660506919576e+00
2.192930566230886598e+03	3.917582641706926161e+00
2.194608056470886822e+03	3.917746673706923755e+00
2.196285790840886875e+03	5.544116150006919597e+00
2.197963525220886822e+03	4.846655975406928718e+00
2.199641015450886698e+03	3.376776825006921889e+00
2.201318749830886645e+03	3.827208648806926128e+00
2.202996484200886698e+03	5.455119262806925384e+00
2.204674218580886645e+03	6.056864868206920605e+00
2.206351708810886976e+03	3.177077423206928319e+00
2.208029443190886923e+03	4.645522247406923100e+00
2.209707177560886976e+03	4.545828949106918593e+00
2.211384911940886923e+03	3.312888275206922195e+00
2.213062402170886799e+03	4.471640716606922972e+00
2.214740136550886746e+03	5.807231079206927049e+00
2.216417870920886799e+03	4.998454223706926491e+00
2.218095361150886674e+03	4.560156952006917841e+00
2.219773095530886621e+03	3.297648559706924498e+00
2.221450829900886674e+03	4.227572570906926508e+00
2.223128564280886621e+03	4.434851776206918395e+00
2.224806054510886952e+03	4.781840454206920832e+00
2.226483788890886899e+03	6.403048645106923509e+00
2.228161523260886952e+03	4.292536865306923133e+00
2.229839257640886899e+03	4.992003570606921237e+00
2.231516747870886775e+03	4.733790527406926962e+00
2.233194482250886722e+03	4.264643798906927685e+00
2.234872216620886775e+03	3.704432617306924858e+00
2.236549706860886999e+03	3.698805938806925209e+00
2.238227441230886598e+03	4.383250366306925550e+00
2.239905175610886999e+03	4.236876617506920795e+00
2.241582909980886598e+03	4.238387237606927371e+00
2.243260400220886822e+03	4.529254089406922645e+00
2.244938134590886875e+03	4.705069671706923806e+00
2.246615868970886822e+03	1.708838592606925832e+00
2.248293359200886698e+03	5.144404541106921691e+00
2.249971093580886645e+03	4.104296814006926475e+00
2.251648827950886698e+03	4.363566528406923162e+00
2.253326562330886645e+03	4.909964691206925913e+00
2.255004052560886976e+03	4.644057403606921319e+00
2.256681786940886923e+03	4.169329773006921869e+00
2.258359521310886976e+03	4.577300201506922406e+00
2.260037255690886923e+03	3.961539398306918258e+00
2.261714745920886799e+03	3.769641052306922813e+00
2.263392480300886746e+03	3.765998016406918225e+00
2.265070214670886799e+03	3.998061309906921323e+00
2.266747704900886674e+03	2.366145263806924692e+00
2.268425439280886621e+03	4.433314453206917527e+00
2.270103173650886674e+03	4.831332336506929614e+00
2.271780908030886621e+03	4.218344818206926305e+00
2.273458398260886952e+03	4.426936279406922026e+00
2.275136132640886899e+03	4.413149963506923790e+00
2.276813867010886952e+03	5.582892547706921782e+00
2.278491601390886899e+03	5.001292358506923108e+00
2.280169091620886775e+03	4.172331939806924517e+00
2.281846826000886722e+03	3.771948944206918952e+00
2.283524560370886775e+03	3.954394470306922482e+00
2.285202050610886999e+03	5.851508270306922554e+00
2.286879784980886598e+03	4.760134826706928557e+00
2.288557519360886999e+03	3.280654083306921098e+00
2.290235253730886598e+03	4.122420440806923381e+00
2.291912743970886822e+03	4.862124572806920675e+00
2.293590478340886875e+03	5.576884399506924161e+00
2.295268212720886822e+03	4.539187561106921898e+00
2.296945947090886875e+03	3.232535492006922695e+00
2.298623437330886645e+03	4.820128570606915908e+00
2.300301171700886698e+03	4.070716034006924389e+00
2.301978906080886645e+03	2.964594970806923691e+00
2.303656396310886976e+03	4.954238067706929982e+00
2.305334130690886923e+03	4.050284515506929139e+00
2.307011865060886976e+03	3.860568176406925733e+00
2.308689599440886923e+03	3.523604522806918382e+00
2.310367089670886799e+03	3.968531738406924081e+00
2.312044824050886746e+03	4.109519134606920865e+00
2.313722558420886799e+03	4.689688812306918031e+00
2.315400292800886746e+03	4.041918884406920043e+00
2.317077783030886621e+03	4.872244964706925252e+00
2.318755517400886674e+03	3.674964080906927055e+00
2.320433251780886621e+03	3.719786773806920799e+00
2.322110742010886952e+03	4.037703643906925599e+00
2.323788476390886899e+03	4.256106506406923451e+00
2.325466210760886952e+03	5.579501281806924951e+00
2.327143945140886899e+03	4.965846191506924967e+00
2.328821435370886775e+03	4.927901397806924599e+00
2.330499169750886722e+03	5.464533935606921133e+00
2.332176904120886775e+03	4.605097900506918585e+00
2.333854638500886722e+03	4.353713165406923657e+00
2.335532128730886598e+03	4.413405548206925211e+00
2.337209863110886999e+03	4.226462494006923087e+00
2.338887597480886598e+03	3.319094787706924787e+00
2.340565087720886822e+03	4.315905700806927037e+00
2.342242822090886875e+03	4.949916015706920192e+00
2.343920556470886822e+03	4.757487426806924269e+00
2.345598290840886875e+03	4.515612732006925256e+00
2.347275781080886645e+03	4.415068756206921741e+00
2.348953515450886698e+03	3.895659576506926847e+00
2.350631249830886645e+03	3.900118957606923509e+00
2.352308984200886698e+03	5.372107635606921505e+00
2.353986474440886923e+03	5.200976501506922034e+00
2.355664208810886976e+03	3.583972107006922148e+00
2.357341943190886923e+03	5.580317627006924575e+00
2.359019433420886799e+03	6.101653228806923401e+00
2.360697167800886746e+03	6.079722534306928772e+00
2.362374902170886799e+03	6.126746307506918399e+00
2.364052636550886746e+03	6.678542266906926095e+00
2.365730126780886621e+03	5.820742736906925785e+00
2.367407861150886674e+03	4.772547851606923963e+00
2.369085595530886621e+03	5.126540313806923876e+00
2.370763329900886674e+03	5.817198883106922125e+00
2.372440820140886899e+03	5.365634094306924951e+00
2.374118554510886952e+03	4.771491180506924223e+00
2.375796288890886899e+03	5.632945190506921662e+00
2.377473779120886775e+03	5.791789184706921390e+00
2.379151513500886722e+03	5.007025848506922117e+00
2.380829247870886775e+03	5.396323333806919642e+00
2.382506982250886722e+03	6.432685028206921451e+00
2.384184472480886598e+03	5.745638977106921175e+00
2.385862206860886999e+03	5.837630401706928041e+00
2.387539941230886598e+03	5.327498565806918940e+00
2.389217675610886999e+03	6.969145904606922848e+00
2.390895165840886875e+03	5.110209594806924827e+00
2.392572900220886822e+03	5.770922790606928920e+00
2.394250634590886875e+03	6.627455841106924872e+00
2.395928124830886645e+03	6.697196136606923922e+00
2.397605859200886698e+03	6.255538116506920154e+00
2.399283593580886645e+03	6.854678283806917349e+00
2.400961327950886698e+03	7.948603759806923463e+00
2.402638818190886923e+03	6.120959411706922815e+00
2.404316552560886976e+03	6.324183593806923298e+00
2.405994286940886923e+03	6.716616760306924228e+00
2.407672021310886976e+03	6.981120239306928710e+00
2.409349511550886746e+03	8.012900482306925198e+00
2.411027245920886799e+03	7.437445770306925219e+00
2.412704980300886746e+03	7.541724334806923835e+00
2.414382470530886621e+03	8.446265350406925165e+00
2.416060204900886674e+03	6.979952942006928396e+00
2.417737939280886621e+03	8.497023712206923207e+00
2.419415673650886674e+03	9.781367431706920357e+00
2.421093163890886899e+03	7.785208831906924587e+00
2.422770898260886952e+03	8.306822906606925017e+00
2.424448632640886899e+03	1.014491189580691888e+01
2.426126367010886952e+03	1.164920724500692018e+01
2.427803857250886722e+03	9.973521362406918556e+00
2.429481591620886775e+03	9.324599395806917101e+00
2.431159326000886722e+03	9.900912414606919398e+00
2.432836816230886598e+03	1.012243951420692234e+01
2.434514550610886999e+03	9.588458191006925091e+00
2.436192284980886598e+03	1.261072457890692000e+01
2.437870019360886999e+03	1.260569680790692715e+01
2.439547509590886875e+03	1.305261911020691912e+01
2.441225243970886822e+03	1.401689065560692526e+01
2.442902978340886875e+03	1.359705651860691944e+01
2.444580712720886822e+03	1.540160287480692247e+01
2.446258202950886698e+03	1.439634622200692249e+01
2.447935937330886645e+03	1.535969461070692077e+01
2.449613671700886698e+03	1.370335687260692836e+01
2.451291161940886923e+03	1.308924401860691944e+01
2.452968896310886976e+03	1.442919076550692381e+01
2.454646630690886923e+03	1.367208398450692286e+01
2.456324365060886976e+03	1.463720620740692624e+01
2.458001855300886746e+03	1.350775827030692433e+01
2.459679589670886799e+03	1.276508630380692288e+01
2.461357324050886746e+03	1.501737893690691550e+01
2.463035058420886799e+03	1.525883401500692216e+01
2.464712548650886674e+03	1.425984872440691653e+01
2.466390283030886621e+03	1.373487008680692334e+01
2.468068017400886674e+03	1.288099588020692110e+01
2.469745507640886899e+03	1.323498071300691592e+01
2.471423242010886952e+03	1.429925454720692457e+01
2.473100976390886899e+03	1.309529031380691855e+01
2.474778710760886952e+03	1.362963021860692336e+01
2.476456201000886722e+03	1.364128030400692104e+01
2.478133935370886775e+03	1.395355142220692279e+01
2.479811669750886722e+03	1.298170770270691676e+01
2.481489404120886775e+03	1.314904321300692125e+01
2.483166894360886999e+03	1.478596414190692698e+01
2.484844628730886598e+03	1.252707971200692505e+01
2.486522363110886999e+03	1.148367227180692396e+01
2.488199853340886875e+03	1.341269219980691574e+01
2.489877587720886822e+03	1.306212533580692181e+01
2.491555322090886875e+03	1.245077813730692284e+01
2.493233056470886822e+03	1.236331094370692441e+01
2.494910546700886698e+03	1.198118127450691972e+01
2.496588281080886645e+03	1.167569650280692350e+01
2.498266015450886698e+03	1.013777078260692122e+01
2.499943749830886645e+03	1.207966149910691556e+01
2.501621240060886976e+03	1.207653726200691935e+01
2.503298974440886923e+03	1.268987191780691681e+01
2.504976708810886976e+03	1.102523721320692118e+01
2.506654199050886746e+03	1.287951196300691770e+01
2.508331933420886799e+03	1.025743020640692293e+01
2.510009667800886746e+03	1.326941598520692089e+01
2.511687402170886799e+03	1.241208184820692573e+01
2.513364892400886674e+03	1.197826684580692103e+01
2.515042626780886621e+03	9.590426574806917515e+00
2.516720361150886674e+03	1.153656304940692046e+01
2.518398095530886621e+03	1.219093621830692165e+01
2.520075585760886952e+03	1.243546594250692294e+01
2.521753320140886899e+03	1.299642861950692385e+01
2.523431054510886952e+03	1.089585412610691684e+01
2.525108544750886722e+03	1.122605813610692138e+01
2.526786279120886775e+03	1.243136895760691907e+01
2.528464013500886722e+03	1.209360421760692184e+01
2.530141747870886775e+03	1.218342889410692464e+01
2.531819238110886999e+03	1.010736764530692255e+01
2.533496972480886598e+03	1.083929360970692102e+01
2.535174706860886999e+03	1.035676110850692666e+01
2.536852441230886598e+03	1.173971475230692185e+01
2.538529931470886822e+03	1.230591500860692378e+01
2.540207665840886875e+03	1.331547082530692805e+01
2.541885400220886822e+03	1.372452081310691874e+01
2.543562890450886698e+03	1.207283319100692331e+01
2.545240624830886645e+03	1.089308084110692221e+01
2.546918359200886698e+03	1.265339578260691944e+01
2.548596093580886645e+03	1.320950616460692473e+01
2.550273583810886976e+03	1.261654580700692208e+01
2.551951318190886923e+03	1.290006936650691571e+01
2.553629052560886976e+03	1.248372567760691965e+01
2.555306786940886923e+03	1.340671456920691540e+01
2.556984277170886799e+03	1.316053689580691888e+01
2.558662011550886746e+03	1.342993463140692256e+01
2.560339745920886799e+03	1.249720681770692288e+01
2.562017236150886674e+03	1.158561242680692160e+01
2.563694970530886621e+03	1.497784341440692479e+01
2.565372704900886674e+03	1.494631112680692731e+01
2.567050439280886621e+03	1.540035165410692031e+01
2.568727929510886952e+03	1.317864526380692070e+01
2.570405663890886899e+03	1.340998757940691988e+01
2.572083398260886952e+03	1.523207772840692442e+01
2.573761132640886899e+03	1.655850900280692528e+01
2.575438622870886775e+03	1.518994058240692979e+01
2.577116357250886722e+03	1.562126840220691548e+01
2.578794091620886775e+03	1.580920327770692424e+01
2.580471581860886999e+03	1.722880471810692526e+01
2.582149316230886598e+03	1.694856179820691722e+01
2.583827050610886999e+03	1.707337869270691755e+01
2.585504784980886598e+03	1.720555032360691783e+01
2.587182275220886822e+03	1.788605416880691479e+01
2.588860009590886875e+03	1.730253518690691905e+01
2.590537743970886822e+03	2.027304757700693116e+01
2.592215478340886875e+03	2.179201425180692908e+01
2.593892968580886645e+03	2.202893746960693022e+01
2.595570702950886698e+03	2.126854623420691581e+01
2.597248437330886645e+03	2.269187844860691428e+01
2.598925927560886976e+03	2.424326242070691961e+01
2.600603661940886923e+03	2.681294168100693298e+01
2.602281396310886976e+03	2.588953317270692978e+01
2.603959130690886923e+03	2.467215646370692639e+01
2.605636620920886799e+03	2.660692514050692736e+01
2.607314355300886746e+03	2.819075692760691609e+01
2.608992089670886799e+03	2.872221292120692482e+01
2.610669824050886746e+03	3.050076211560692840e+01
2.612347314280886621e+03	3.206014932260693229e+01
2.614025048650886674e+03	3.151401437390692095e+01
2.615702783030886621e+03	3.236677468880692743e+01
2.617380273260886952e+03	3.391938699350692588e+01
2.619058007640886899e+03	3.691437448130690768e+01
2.620735742010886952e+03	3.846667398080691669e+01
2.622413476390886899e+03	3.819694436650691927e+01
2.624090966620886775e+03	4.102572549450691497e+01
2.625768701000886722e+03	4.181701577770692779e+01
2.627446435370886775e+03	4.322601235970692102e+01
2.629124169750886722e+03	4.465650857550693331e+01
2.630801659980886598e+03	4.693270028690691476e+01
2.632479394360886999e+03	4.962094796760690940e+01
2.634157128730886598e+03	4.955448068250693439e+01
2.635834618970886822e+03	5.480954660060693584e+01
2.637512353340886875e+03	5.652159036260692915e+01
2.639190087720886822e+03	5.742375863660692659e+01
2.640867822090886875e+03	6.370584786960692014e+01
2.642545312330886645e+03	6.652258981360692758e+01
2.644223046700886698e+03	6.981100381460693427e+01
2.645900781080886645e+03	7.175804055760691824e+01
2.647578515450886698e+03	7.546621621760691312e+01
2.649256005690886923e+03	7.793747628760691271e+01
2.650933740060886976e+03	8.596713174460693097e+01
2.652611474440886923e+03	9.242311013760692617e+01
2.654288964670886799e+03	9.643794168060689742e+01
2.655966699050886746e+03	1.013857566226069054e+02
2.657644433420886799e+03	1.091639548646069073e+02
2.659322167800886746e+03	1.109689933166069125e+02
2.660999658030886621e+03	1.212153922426069244e+02
2.662677392400886674e+03	1.303905783996069090e+02
2.664355126780886621e+03	1.387778464666069169e+02
2.666032861150886674e+03	1.476374350896069245e+02
2.667710351390886899e+03	1.565675040586069144e+02
2.669388085760886952e+03	1.674712516176069528e+02
2.671065820140886899e+03	1.766394034726069435e+02
2.672743310370886775e+03	1.859039603576069055e+02
2.674421044750886722e+03	1.960274955136069366e+02
2.676098779120886775e+03	2.052308188786069252e+02
2.677776513500886722e+03	2.134055320126069262e+02
2.679454003730886598e+03	2.168604270326069354e+02
2.681131738110886999e+03	2.252507163396069529e+02
2.682809472480886598e+03	2.262209311826069325e+02
2.684487206860886999e+03	2.257981101376068978e+02
2.686164697090886875e+03	2.307345420226068882e+02
2.687842431470886822e+03	2.276628562316068951e+02
2.689520165840886875e+03	2.235900718076069325e+02
2.691197656080886645e+03	2.120525962216069047e+02
2.692875390450886698e+03	2.005808402406069320e+02
2.694553124830886645e+03	1.964916068426069558e+02
2.696230859200886698e+03	1.830184775696069437e+02
2.697908349440886923e+03	1.665320578916069110e+02
2.699586083810886976e+03	1.601991721496069090e+02
2.701263818190886923e+03	1.523155356756069239e+02
2.702941552560886976e+03	1.429682303776069432e+02
2.704619042800886746e+03	1.334739219056069430e+02
2.706296777170886799e+03	1.229385825506069381e+02
2.707974511550886746e+03	1.159225455626069277e+02
2.709652001780886621e+03	1.099802237856069098e+02
2.711329736150886674e+03	1.013351584776069103e+02
2.713007470530886621e+03	9.247802651960691378e+01
2.714685204900886674e+03	8.394970620760690849e+01
2.716362695140886899e+03	8.052340615860691742e+01
2.718040429510886952e+03	7.427989114360691758e+01
2.719718163890886899e+03	6.753326333660692171e+01
2.721395898260886952e+03	6.510507882660692758e+01
2.723073388500886722e+03	6.222121347060691932e+01
2.724751122870886775e+03	5.696021188360692378e+01
2.726428857250886722e+03	5.288133920260692378e+01
2.728106347480886598e+03	5.215723336760693485e+01
2.729784081860886999e+03	4.855416024790692830e+01
2.731461816230886598e+03	4.715144265760692122e+01
2.733139550610886999e+03	4.508113778690690765e+01
2.734817040840886875e+03	4.207606423960692865e+01
2.736494775220886822e+03	3.991732705700691497e+01
2.738172509590886875e+03	3.681727517710692865e+01
2.739850243970886822e+03	3.405161203010690940e+01
2.741527734200886698e+03	3.286804116830691669e+01
2.743205468580886645e+03	3.212213052380692346e+01
2.744883202950886698e+03	3.173931039440691748e+01
2.746560693190886923e+03	2.998526681530692528e+01
2.748238427560886976e+03	2.868501199350693653e+01
2.749916161940886923e+03	2.949367440800692108e+01
2.751593896310886976e+03	2.182961190800692108e+01
2.753271386550886746e+03	2.331262124640692690e+01
2.754949120920886799e+03	2.399710763560692683e+01
2.756626855300886746e+03	2.153642953500692414e+01
2.758304589670886799e+03	2.039942849740693021e+01
2.759982079900886674e+03	1.979006112680692908e+01
2.761659814280886621e+03	1.841692269910693014e+01
2.763337548650886674e+03	1.953643716440693012e+01
2.765015038890886899e+03	1.895438302620692639e+01
2.766692773260886952e+03	1.737250436410692345e+01
2.768370507640886899e+03	1.735143197640692136e+01
2.770048242010886952e+03	1.720291055310692840e+01
2.771725732250886722e+03	1.488559640510691651e+01
2.773403466620886775e+03	1.566172708140691228e+01
2.775081201000886722e+03	1.556047738660692659e+01
2.776758935370886775e+03	1.470729745490693219e+01
2.778436425610886999e+03	1.486926950080691867e+01
2.780114159980886598e+03	1.321881021130691991e+01
2.781791894360886999e+03	1.649269021610691865e+01
2.783469384590886875e+03	1.203734506230692070e+01
2.785147118970886822e+03	1.356956018070692416e+01
2.786824853340886875e+03	1.226764215100692290e+01
2.788502587720886822e+03	1.301967156990692231e+01
2.790180077950886698e+03	1.268023980720692734e+01
2.791857812330886645e+03	1.134821237190692322e+01
2.793535546700886698e+03	1.141277612310692469e+01
2.795213281080886645e+03	1.183068002330691648e+01
2.796890771310886976e+03	1.132646478280692115e+01
2.798568505690886923e+03	1.109276498420692292e+01
2.800246240060886976e+03	1.100589288340692207e+01
2.801923730300886746e+03	1.089968408210692452e+01
2.803601464670886799e+03	1.130241693120692048e+01
2.805279199050886746e+03	9.103739868206920605e+00
2.806956933420886799e+03	1.017084039310692489e+01
2.808634423650886674e+03	9.815135131906920662e+00
2.810312158030886621e+03	9.625971923906925909e+00
2.811989892400886674e+03	1.018978799450692563e+01
2.813667626780886621e+03	9.330344329906923306e+00
2.815345117010886952e+03	1.059680093390691802e+01
2.817022851390886899e+03	8.603079925606921918e+00
2.818700585760886952e+03	9.827433715906920497e+00
2.820378076000886722e+03	8.353537689306916647e+00
2.822055810370886775e+03	8.652018676806923381e+00
2.823733544750886722e+03	8.481505523806923463e+00
2.825411279120886775e+03	9.583251129206924901e+00
2.827088769360886999e+03	7.253138672006921972e+00
2.828766503730886598e+03	8.060237060606921133e+00
2.830444238110886999e+03	7.395598541306923401e+00
2.832121972480886598e+03	8.698023925906921860e+00
2.833799462720886822e+03	8.299967895606924273e+00
2.835477197090886875e+03	7.581935058706923414e+00
2.837154931470886822e+03	8.102080474906919960e+00
2.838832421700886698e+03	6.761023651206921059e+00
2.840510156080886645e+03	8.178523193406928016e+00
2.842187890450886698e+03	8.769000183206918209e+00
2.843865624830886645e+03	6.624137054506928912e+00
2.845543115060886976e+03	8.671313415606922703e+00
2.847220849440886923e+03	7.348532806506923976e+00
2.848898583810886976e+03	8.036322723506923893e+00
2.850576318190886923e+03	6.995757232706926843e+00
2.852253808420886799e+03	6.671054016206927173e+00
2.853931542800886746e+03	7.331103454706920708e+00
2.855609277170886799e+03	7.020087371906923224e+00
2.857286767400886674e+03	6.807131897106924789e+00
2.858964501780886621e+03	6.648413787906928718e+00
2.860642236150886674e+03	6.564334045506925897e+00
2.862319970530886621e+03	6.974475036706923703e+00
2.863997460760886952e+03	7.521083007906923079e+00
2.865675195140886899e+03	7.208418975906924153e+00
2.867352929510886952e+03	7.072856079206927049e+00
2.869030663890886899e+03	6.635104309206921513e+00
2.870708154120886775e+03	7.665843139706923992e+00
2.872385888500886722e+03	8.629187713706919283e+00
2.874063622870886775e+03	7.777926574806917515e+00
2.875741113110886999e+03	6.108294616806920097e+00
2.877418847480886598e+03	7.147380005006921166e+00
2.879096581860886999e+03	6.847483764706919551e+00
2.880774316230886598e+03	7.274737487906920208e+00
2.882451806470886822e+03	7.562201629706918560e+00
2.884129540840886875e+03	5.960406433206921761e+00
2.885807275220886822e+03	5.590598236206923310e+00
2.887485009590886875e+03	6.244490753306925157e+00
2.889162499830886645e+03	7.391276489306930486e+00
2.890840234200886698e+03	6.034136901906921757e+00
2.892517968580886645e+03	7.947806488106920142e+00
2.894195458810886976e+03	6.192156921506923872e+00
2.895873193190886923e+03	6.283209930506920671e+00
2.897550927560886976e+03	7.389556060906921076e+00
2.899228661940886923e+03	6.564444671706926471e+00
2.900906152170886799e+03	7.345141540606926256e+00
2.902583886550886746e+03	5.169699798706921534e+00
2.904261620920886799e+03	7.158530365106922311e+00
2.905939355300886746e+03	6.935103546206923930e+00
2.907616845530886621e+03	7.456130157606919440e+00
2.909294579900886674e+03	6.647273193406928016e+00
2.910972314280886621e+03	7.137965332106923633e+00
2.912649804510886952e+03	7.599589477606923715e+00
2.914327538890886899e+03	6.788123260606924170e+00
2.916005273260886952e+03	7.072764526406920105e+00
2.917683007640886899e+03	7.267481933706923414e+00
2.919360497870886775e+03	6.482611786006925669e+00
2.921038232250886722e+03	5.187350402906926838e+00
2.922715966620886775e+03	6.698184143106924004e+00
2.924393701000886722e+03	6.087058197106922641e+00
2.926071191230886598e+03	5.689807068006926372e+00
2.927748925610886999e+03	5.040862213206925624e+00
2.929426659980886598e+03	6.146254669306922658e+00
2.931104150220886822e+03	7.252783905106923612e+00
2.932781884590886875e+03	6.599486480806928235e+00
2.934459618970886822e+03	5.534690033006921972e+00
2.936137353340886875e+03	5.076819549606928383e+00
2.937814843580886645e+03	6.283045898506922633e+00
2.939492577950886698e+03	5.896380554306927202e+00
2.941170312330886645e+03	5.238265167306925818e+00
2.942848046700886698e+03	5.527259002806922616e+00
2.944525536940886923e+03	5.959838043306926458e+00
2.946203271310886976e+03	4.207759033306925467e+00
2.947881005690886923e+03	6.586970459106920472e+00
2.949558495920886799e+03	4.755160461506925174e+00
2.951236230300886746e+03	6.080805908306922802e+00
2.952913964670886799e+03	5.144389282306926603e+00
2.954591699050886746e+03	5.396227966406921261e+00
2.956269189280886621e+03	4.722918640206919427e+00
2.957946923650886674e+03	6.186915527406924298e+00
2.959624658030886621e+03	5.992003570606921237e+00
2.961302392400886674e+03	4.882193695206926698e+00
2.962979882640886899e+03	5.381869445906924732e+00
2.964657617010886952e+03	6.166766296506925649e+00
2.966335351390886899e+03	4.554652343806918857e+00
2.968012841620886775e+03	4.538649688806923876e+00
2.969690576000886722e+03	3.974619995206925882e+00
2.971368310370886775e+03	3.967753540106924159e+00
2.973046044750886722e+03	4.706175933906917130e+00
2.974723534980886598e+03	6.483992706406925599e+00
2.976401269360886999e+03	4.402857910206916081e+00
2.978079003730886598e+03	3.932673584106923137e+00
2.979756738110886999e+03	4.437079559406923224e+00
2.981434228340886875e+03	5.245902191206928578e+00
2.983111962720886822e+03	4.042605529906921902e+00
2.984789697090886875e+03	5.385527740606924851e+00
2.986467187330886645e+03	4.645697723506920340e+00
2.988144921700886698e+03	5.072390686106920121e+00
2.989822656080886645e+03	4.731700073306924992e+00
2.991500390450886698e+03	4.515437255906928016e+00
2.993177880690886923e+03	3.980036865306920912e+00
2.994855615060886976e+03	5.329184661906920972e+00
2.996533349440886923e+03	4.787951599206921927e+00
2.998211083810886976e+03	5.687102447606930511e+00
2.999888574050886746e+03	4.502799163906919588e+00
3.001566308420886799e+03	4.408522735706926099e+00
