5.010088751682017687e+02	5.731619463962356775e+00
5.026321051492017773e+02	5.345770464962363633e+00
5.042553351292017396e+02	5.947188006462369891e+00
5.058785651102017482e+02	6.646952258162365013e+00
5.075017950902017674e+02	6.981852160462361567e+00
5.091250250712017760e+02	6.678316699062364137e+00
5.107482245342017677e+02	5.717222796462364087e+00
5.123714545142016732e+02	5.855509387062364901e+00
5.139947150122017092e+02	5.641352282562368536e+00
5.156179449932017178e+02	5.034353838962367433e+00
5.172411749732017370e+02	4.702307330162366128e+00
5.188644049542017456e+02	4.684225665162362162e+00
5.204876349342017647e+02	5.188204394362371019e+00
5.221108649142017839e+02	6.253382311862364595e+00
5.237340948952017925e+02	6.339995013262366363e+00
5.253572638402017674e+02	6.038103686362357614e+00
5.269804938212017760e+02	5.697226153362370482e+00
5.286037238012017951e+02	5.712694750862366888e+00
5.302269537822018037e+02	6.741938220062367648e+00
5.318501837622017092e+02	7.101549731262365661e+00
5.334734137432017178e+02	5.690725909262363658e+00
5.350966437232017370e+02	5.582090960562359427e+00
5.367198737042017456e+02	5.502394305262367169e+00
5.383431036842017647e+02	4.638708697362362798e+00
5.399663336642017839e+02	4.637961016662359270e+00
5.415895636452017925e+02	5.049677477862359432e+00
5.432127936252016980e+02	5.627165423462361815e+00
5.448360236062017066e+02	6.148470507662360696e+00
5.464592535862017257e+02	6.198793993962369520e+00
5.480824835672017343e+02	5.770392046962368404e+00
5.497057135472017535e+02	6.191942797662367326e+00
5.513289435282017621e+02	6.611277209362366847e+00
5.529521735082017813e+02	5.871016131462361010e+00
5.545754034892017899e+02	5.945124255162370197e+00
5.561986334692016953e+02	6.617155657762365806e+00
5.578218634502017039e+02	6.049223528862364141e+00
5.594450934302017231e+02	5.364176379262368677e+00
5.610683234112017317e+02	4.774729357762367066e+00
5.626915533912017509e+02	5.588728533762369111e+00
5.643147833712017700e+02	6.193262682962370036e+00
5.659380133522017786e+02	5.585764513962364397e+00
5.675612433322017978e+02	5.257586108262367830e+00
5.691844733132018064e+02	5.660273180962364314e+00
5.708077032932017119e+02	4.775377856262367438e+00
5.724309332742017205e+02	4.498011218062362815e+00
5.740541632542017396e+02	5.909212695162367801e+00
5.756773932352017482e+02	6.050577746462361794e+00
5.773006232152017674e+02	5.957644091662363195e+00
5.789237921612017317e+02	5.240759478562355689e+00
5.805470221412017509e+02	4.765623675362363088e+00
5.821702521212017700e+02	5.287390337962365017e+00
5.837934821022017786e+02	4.670710192662367533e+00
5.854167120822017978e+02	4.365557299662363278e+00
5.870399420632018064e+02	5.556536303562359613e+00
5.886631720432017119e+02	5.295469866762366529e+00
5.902864020242017205e+02	4.925798998862357614e+00
5.919096320042017396e+02	5.509359942462357829e+00
5.935328619852017482e+02	6.110453234662363009e+00
5.951560919652017674e+02	5.487978564262367520e+00
5.967793219462017760e+02	6.949709521362373188e+00
5.984025519262017951e+02	5.973364459062362464e+00
6.000257819072018037e+02	6.470068560662369350e+00
6.016490118872017092e+02	6.040068255462366587e+00
6.032722418682017178e+02	5.837603198062363496e+00
6.048954718482017370e+02	5.675070391662358382e+00
6.065187018292017456e+02	5.202028857262364525e+00
6.081419318092017647e+02	5.387411700262357606e+00
6.097651617892017839e+02	5.522566424362363335e+00
6.113883917702017925e+02	5.132677660962369437e+00
6.130116217502016980e+02	5.807356463462368446e+00
6.146348517312017066e+02	5.065458880462361257e+00
6.162580817112017257e+02	4.556540118262357275e+00
6.178813116922017343e+02	5.006830798162364538e+00
6.195045416722017535e+02	5.718798266462365554e+00
6.211277716532017621e+02	6.278532610962369809e+00
6.227510016332017813e+02	5.444803820662366789e+00
6.243742316142017899e+02	4.927881823562362484e+00
6.259974615942016953e+02	6.754088030862370751e+00
6.276206915752017039e+02	6.398630724962362848e+00
6.292439215552017231e+02	5.175211535462357126e+00
6.308671515362017317e+02	4.610743151662362926e+00
6.324903815162017509e+02	4.736242877062367462e+00
6.341135504612017257e+02	5.693083392162361811e+00
6.357367804422017343e+02	5.079146014262364339e+00
6.373600104222017535e+02	5.343664752062357692e+00
6.389832404032017621e+02	7.327829943662371726e+00
6.406064703832017813e+02	7.596941576962371379e+00
6.422297003642017899e+02	6.644701586762356449e+00
6.438529303442016953e+02	5.760641680762358163e+00
6.454761603252017039e+02	5.491583453162358630e+00
6.470993903052017231e+02	6.227911578162365736e+00
6.487226202862017317e+02	6.568880663862367797e+00
6.503458502662017509e+02	6.606123553262366777e+00
6.519690802462017700e+02	6.445101367062369135e+00
6.535923102272017786e+02	6.176161395062365500e+00
6.552155402072017978e+02	6.783476458562367029e+00
6.568387701882018064e+02	7.593100176862362716e+00
6.584620001682017119e+02	7.109537707362366454e+00
6.600852301492017205e+02	6.152765856762372643e+00
6.617084601292017396e+02	7.480669604362361724e+00
6.633316901102017482e+02	9.110808001562364922e+00
6.649549200902017674e+02	8.092291461062355751e+00
6.665781500712017760e+02	6.789259539662359622e+00
6.682013800512017951e+02	6.871821032562366760e+00
6.698246100322018037e+02	7.407290087762360642e+00
6.714478400122017092e+02	7.200682269162360427e+00
6.730710699932017178e+02	7.631254778862361476e+00
6.746942999732017370e+02	7.297651873662366562e+00
6.763175299542017456e+02	7.736387835562358539e+00
6.779407599342017647e+02	8.587122546262369482e+00
6.795639899142017839e+02	8.441336260862366103e+00
6.811872198952017925e+02	7.724413500862358894e+00
6.828104498752016980e+02	6.948984728862370730e+00
6.844336798562017066e+02	6.817000018162359787e+00
6.860569098362017257e+02	7.917547808662359188e+00
6.876801398172017343e+02	6.713938342162362183e+00
6.893033087622017092e+02	7.233328448362359886e+00
6.909265387432017178e+02	8.011725054762370846e+00
6.925497687232017370e+02	8.779017077462361485e+00
6.941729987042017456e+02	8.142138110162360221e+00
6.957962286842017647e+02	7.369589434662363381e+00
6.974194586642017839e+02	7.918619738562362009e+00
6.990426886452017925e+02	8.700255023062357651e+00
7.006659186252016980e+02	7.373114214962360080e+00
7.022891486062017066e+02	8.097380267162371581e+00
7.039123785862017257e+02	7.963228808462369024e+00
7.055356085672017343e+02	8.142782794062368268e+00
7.071588385472017535e+02	7.605501757662358031e+00
7.087820685282017621e+02	6.888762103062365583e+00
7.104052985082017813e+02	6.475493060162366810e+00
7.120285284892017899e+02	6.305342303262362336e+00
7.136517584692016953e+02	6.915243731562367380e+00
7.152749884502017039e+02	8.134375201262372457e+00
7.168982184302017231e+02	7.525061236462369685e+00
7.185214484112017317e+02	7.645071612362366764e+00
7.201446783912017509e+02	7.786268816962370387e+00
7.217679083712017700e+02	7.955774889962366814e+00
7.233911383522017786e+02	8.101149188062374051e+00
7.250143683322017978e+02	7.917570696862360258e+00
7.266375983132018064e+02	7.405832873362367508e+00
7.282608282932017119e+02	7.720518694862359865e+00
7.298840582742017205e+02	8.449110613862361063e+00
7.315072882542017396e+02	7.884455309862368644e+00
7.331305182352017482e+02	7.614615069462361774e+00
7.347537482152017674e+02	8.519957171462372969e+00
7.363769781962017760e+02	8.188360796962369292e+00
7.380002081762017951e+02	6.966688738862360175e+00
7.396234381572018037e+02	7.029299365062362526e+00
7.412466681372017092e+02	6.602938281062371573e+00
7.428698370822017978e+02	8.212919817962367475e+00
7.444930670632018064e+02	7.329340563762364980e+00
7.461162970432017119e+02	7.116572009162359436e+00
7.477395270242017205e+02	7.483236895562369817e+00
7.493627570042017396e+02	7.585486041062356577e+00
7.509859869852017482e+02	7.630434618962363302e+00
7.526092169652017674e+02	8.178896533062371077e+00
7.542324469462017760e+02	8.915262805062365459e+00
7.558556769262017951e+02	8.718309985162367326e+00
7.574789069072018037e+02	8.697046862662361377e+00
7.591021368872017092e+02	9.265303240762362336e+00
7.607253668682017178e+02	1.007212697126236378e+01
7.623485968482017370e+02	9.466505633362359617e+00
7.639718268292017456e+02	9.316523180962370532e+00
7.655950568092017647e+02	9.807188616762360311e+00
7.672182867892017839e+02	9.249884234462362187e+00
7.688415167702017925e+02	7.477396594062370561e+00
7.704647467502016980e+02	7.720942126262362315e+00
7.720879767312017066e+02	6.798811541562365335e+00
7.737112067112017257e+02	7.126665698062363496e+00
7.753344366922017343e+02	8.856787310662360468e+00
7.769576666722017535e+02	8.620646105762359568e+00
7.785808966532017621e+02	9.085634814262359527e+00
7.802041266332017813e+02	9.237269030562362815e+00
7.818273566142017899e+02	7.632727252062367462e+00
7.834505865942016953e+02	8.043310748162362245e+00
7.850738165752017039e+02	7.227789507862358853e+00
7.866970465552017231e+02	8.455542193462367351e+00
7.883202765362017317e+02	7.058931933462364583e+00
7.899435065162017509e+02	6.885023699762364835e+00
7.915667364962017700e+02	7.667700396562363352e+00
7.931899664772017786e+02	8.522421465862372258e+00
7.948131964572017978e+02	8.435171710062364880e+00
7.964364264382018064e+02	7.988920794562358374e+00
7.980595953832017813e+02	8.900419817962371027e+00
7.996828253642017899e+02	7.826826678262367665e+00
8.013060553442016953e+02	7.479117022562361328e+00
8.029292853252017039e+02	6.664335833562360811e+00
8.045525153052017231e+02	7.162710772562363992e+00
8.061757452862017317e+02	7.482126818662365508e+00
8.077989752662017509e+02	7.667997942962370139e+00
8.094222052462017700e+02	7.929995165862369078e+00
8.110454352272017786e+02	7.860731707562368165e+00
8.126686652072017978e+02	7.394056902962360844e+00
8.142918951882018064e+02	8.094427691462360741e+00
8.159151251682017119e+02	7.281660662662366335e+00
8.175383551492017205e+02	7.797697649962364252e+00
8.191615851292017396e+02	8.326647387562369218e+00
8.207848151102017482e+02	8.416792498662367450e+00
8.224080450902017674e+02	8.321112261762374729e+00
8.240312750712017760e+02	8.302095995962357478e+00
8.256545050512017951e+02	8.558649645862365318e+00
8.272777350322018037e+02	8.563669787462368177e+00
8.289009650122017092e+02	6.711542712262363430e+00
8.305241949932017178e+02	8.065920458862365194e+00
8.321474249732017370e+02	6.459589587262362542e+00
8.337706549542017456e+02	7.787535296462371193e+00
8.353938849342017647e+02	7.964087115362367797e+00
8.370171149142017839e+02	7.896338091862366682e+00
8.386403448952017925e+02	8.038393603362369078e+00
8.402635748752016980e+02	8.509726153362365153e+00
8.418868048562017066e+02	9.015192614562367979e+00
8.435100348362017257e+02	8.263235674862363211e+00
8.451332648172017343e+02	8.312368975662360882e+00
8.467564947972017535e+02	9.136442767162373357e+00
8.483797247782017621e+02	9.609522448562367813e+00
8.500029547582017813e+02	9.670042620662364641e+00
8.516261847392017899e+02	1.029257832626236180e+01
8.532493536842017647e+02	1.212183247666237662e+01
8.548725836642017839e+02	1.247688923936235739e+01
8.564958136452017925e+02	1.097550831896236012e+01
8.581190436252016980e+02	1.111507283306236715e+01
8.597422736062017066e+02	1.052553425886236482e+01
8.613655035862017257e+02	1.115206776716235559e+01
8.629887335672017343e+02	1.082413350206236302e+01
8.646119635472017535e+02	1.228998433216237807e+01
8.662351935282017621e+02	1.068864308456236323e+01
8.678584235082017813e+02	9.272032366762362088e+00
8.694816534892017899e+02	9.640917407062367772e+00
8.711048834692016953e+02	9.441961871162360964e+00
8.727281134502017039e+02	8.265249835062366657e+00
8.743513434302017231e+02	9.626120196362373704e+00
8.759745734112017317e+02	8.062880145062370829e+00
8.775978033912017509e+02	8.974157916062365459e+00
8.792210333712017700e+02	1.081633626086236788e+01
8.808442633522017786e+02	9.736994372362367756e+00
8.824674933322017978e+02	9.762220965462361733e+00
8.840907233132018064e+02	9.070742236162358196e+00
8.857139532932017119e+02	8.703314410262370515e+00
8.873371832742017205e+02	9.065100298962363468e+00
8.889604132542017396e+02	9.102980242762368945e+00
8.905836432352017482e+02	1.043697987656236847e+01
8.922068732152017674e+02	1.045041524036236602e+01
8.938301031962017760e+02	9.079432116562372812e+00
8.954533331762017951e+02	8.907808886562364137e+00
8.970765631572018037e+02	8.411596880962362022e+00
8.986997931372017092e+02	8.924040423462361815e+00
9.003230231182017178e+02	8.903185473462370325e+00
9.019462530982017370e+02	8.509527789162362410e+00
9.035694830792017456e+02	8.890402422962367268e+00
9.051927130592017647e+02	9.661158190762366260e+00
9.068158820042017396e+02	9.472048388462365409e+00
9.084391119852017482e+02	9.844458209062366905e+00
9.100623419652017674e+02	1.005662404156237422e+01
9.116855719462017760e+02	9.631060229362368830e+00
9.133088019262017951e+02	8.584528552062364426e+00
9.149320319072018037e+02	8.577509509162361212e+00
9.165552618872017092e+02	8.630018816962369499e+00
9.181784918682017178e+02	8.996405230562368516e+00
9.198017218482017370e+02	9.276182757362370523e+00
9.214249518292017456e+02	9.044207201962368714e+00
9.230481818092017647e+02	9.932741747862365855e+00
9.246714117892017839e+02	9.849283801062371779e+00
9.262946417702017925e+02	8.472822772062366781e+00
9.279178717502016980e+02	8.474329577462366814e+00
9.295411017312017066e+02	9.390326128962362517e+00
9.311643317112017257e+02	1.134016285996237450e+01
9.327875616922017343e+02	1.110179768656236021e+01
9.344107916722017535e+02	1.112084065536237354e+01
9.360340216532017621e+02	1.104733906846235669e+01
9.376572516332017813e+02	9.711226092362363005e+00
9.392804816142017899e+02	9.830431567262364112e+00
9.409037115942016953e+02	8.562086688062365170e+00
9.425269415752017039e+02	9.826258288462367929e+00
9.441501715552017231e+02	1.061443196396236921e+01
9.457734015362017317e+02	1.088075886826237593e+01
9.473966315162017509e+02	9.864031420762371383e+00
9.490198614962017700e+02	9.707415209762366715e+00
9.506430914772017786e+02	1.060354481796237458e+01
9.522663214572017978e+02	1.050133381946237598e+01
9.538895514382018064e+02	9.734560595562369301e+00
9.555127814182017119e+02	9.955507861162365302e+00
9.571360113992017205e+02	9.322291003262364484e+00
9.587592413792017396e+02	1.063585530376236576e+01
9.603824713602017482e+02	1.051657734966237179e+01
9.620056403052017231e+02	9.737814532262364153e+00
9.636288702862017317e+02	8.993857012762365599e+00
9.652521002662017509e+02	8.800551043562368392e+00
9.668753302462017700e+02	8.968165026662363815e+00
9.684985602272017786e+02	8.712854968062355709e+00
9.701217902072017978e+02	8.106806384162357659e+00
9.717450201882018064e+02	8.340441332862361890e+00
9.733682501682017119e+02	9.211691485462363715e+00
9.749914801492017205e+02	7.804781542762364133e+00
9.766147101292017396e+02	7.916975604062373328e+00
9.782379401102017482e+02	5.572329150262367747e+00
9.798611700902017674e+02	7.501036273062369197e+00
9.814844000712017760e+02	8.582792864862360815e+00
9.831076300512017951e+02	7.521406756462370780e+00
9.847308600322018037e+02	7.496836291362365401e+00
9.863540900122017092e+02	7.135622607262370742e+00
9.879773199932017178e+02	6.405115710262369255e+00
9.896005499732017370e+02	6.385405169562363703e+00
9.912237799542017456e+02	5.907179461462368941e+00
9.928470099342017647e+02	6.468256579462363653e+00
9.944702399142017839e+02	7.355711565962355536e+00
9.960934698952017925e+02	6.238138781562367896e+00
9.977166998752016980e+02	5.027311907762361365e+00
9.993399298562017066e+02	5.747393237162371271e+00
1.000963159841201787e+03	5.693075762762361158e+00
1.002586389821201806e+03	5.886805163462363488e+00
1.004209619801201711e+03	5.635870562562362629e+00
1.005832849781201730e+03	5.901785479562359882e+00
1.007456079761201750e+03	7.510325060862363067e+00
1.009079309741201769e+03	7.792826281562359014e+00
1.010702539721201788e+03	5.650511370662372634e+00
1.012325769701201807e+03	6.414736376762363967e+00
1.013948999681201713e+03	6.476832018862362261e+00
1.015572229661201732e+03	4.515905962962370346e+00
1.017195398601201759e+03	6.640036211962367929e+00
1.018818628591201787e+03	5.926367388762371569e+00
1.020441858571201806e+03	5.722632037162361129e+00
1.022065088551201711e+03	6.758661852862356767e+00
1.023688318531201730e+03	6.921553240762368553e+00
1.025311548511201863e+03	5.944925890962367454e+00
1.026934839521201638e+03	5.864294634862361910e+00
1.028558008471201674e+03	6.997515307462367495e+00
1.030181299481201677e+03	6.783396349962359295e+00
1.031804468431201713e+03	5.315443621662359952e+00
1.033427759441201715e+03	6.843561755162367533e+00
1.035050928391201751e+03	5.136396990762363224e+00
1.036674219411201648e+03	5.602461443962360121e+00
1.038297388351201789e+03	6.527796374362359266e+00
1.039920679371201686e+03	5.602030383162370342e+00
1.041543848311201828e+03	5.615347491262358659e+00
1.043167017261201863e+03	7.208056078962365554e+00
1.044790308271201638e+03	7.871168719362368726e+00
1.046413477221201674e+03	7.486300097462362579e+00
1.048036768231201677e+03	7.884745226862362344e+00
1.049659937181201713e+03	8.500155077962364913e+00
1.051283228191201715e+03	7.972555743262363492e+00
1.052906397141201751e+03	8.034411059362362550e+00
1.054529688161201648e+03	7.202784167362358936e+00
1.056152857101201789e+03	7.547201739362368933e+00
1.057776148121201686e+03	8.433451281562360791e+00
1.059399317061201828e+03	8.002180682262364897e+00
1.061022608081201724e+03	7.867968188362360671e+00
1.062645777021201638e+03	8.610067950262363823e+00
1.064269068041201763e+03	9.002935992262363740e+00
1.065892236981201677e+03	9.368792162962369829e+00
1.067515528001201801e+03	9.737516985962372473e+00
1.069138696941201715e+03	9.251158343362364533e+00
1.070761987961201839e+03	9.166987048162361873e+00
1.072385156911201648e+03	8.986895190262355726e+00
1.074008447921201650e+03	1.160685597516237344e+01
1.075631616871201686e+03	1.077326832866236828e+01
1.077254907881201689e+03	1.105219136336236652e+01
1.078878076831201724e+03	1.110999165636236619e+01
1.080501367841201727e+03	1.074813710306237091e+01
1.082124536791201763e+03	1.064275990586235743e+01
1.083747827801201765e+03	1.043897877796237239e+01
1.085370996751201801e+03	9.838080035262363410e+00
1.086994287771201698e+03	9.394423113862359287e+00
1.088617456711201839e+03	1.059806691266237522e+01
1.090240747731201736e+03	9.407057391162364723e+00
1.091863916671201650e+03	9.656794177062364426e+00
1.093487207691201775e+03	9.216574297962361939e+00
1.095110376631201689e+03	9.075636492762363616e+00
1.096733667651201813e+03	9.364805804262356759e+00
1.098356836591201727e+03	9.353556262062360460e+00
1.099980005541201763e+03	8.585001574562362237e+00
1.101603296551201765e+03	8.370478259162359436e+00
1.103226465501201801e+03	7.986982928262368553e+00
1.104849756521201698e+03	7.108221636762370288e+00
1.106472925461201839e+03	8.190500842162368400e+00
1.108096216481201736e+03	6.810228930462365327e+00
1.109719385421201650e+03	6.248625384362362034e+00
1.111342676441201775e+03	6.248819933962360018e+00
1.112965845381201689e+03	6.335665331862372796e+00
1.114589136401201813e+03	7.231489764262359898e+00
1.116212305341201727e+03	6.638514147762368367e+00
1.117835596361201851e+03	6.576571093562360915e+00
1.119458765301201765e+03	7.638563738862360175e+00
1.121082056321201662e+03	7.920023547162365674e+00
1.122705225271201698e+03	6.495882617062362030e+00
1.124328516281201701e+03	5.888311968862361745e+00
1.125951685231201736e+03	7.060625659062361059e+00
1.127574976241201739e+03	6.722719775262365971e+00
1.129198145191201775e+03	7.178991900462369458e+00
1.130821436201201777e+03	6.789240466162365983e+00
1.132444605151201813e+03	7.576422320362360630e+00
1.134067896161201816e+03	6.303618060162365921e+00
1.135691065111201851e+03	7.265211688062370499e+00
1.137314356121201854e+03	6.152971850462365389e+00
1.138937525071201662e+03	7.067515002262362955e+00
1.140560816091201787e+03	6.540201769862361125e+00
1.142183985031201701e+03	6.507608996462362683e+00
1.143807276051201825e+03	6.730917559662363381e+00
1.145430444991201739e+03	6.318415270862359989e+00
1.147053736011201863e+03	6.288412676862369821e+00
1.148676904951201777e+03	6.183695422162362121e+00
1.150300195971201674e+03	7.303728686362370937e+00
1.151923364911201816e+03	5.869585619962363054e+00
1.153546533861201851e+03	6.837103472762368739e+00
1.155169824871201854e+03	6.070608721762360993e+00
1.156792993821201662e+03	7.491442309362366991e+00
1.158416284841201787e+03	6.172915087762369524e+00
1.160039453781201701e+03	7.064707385062368061e+00
1.161662744801201825e+03	6.865400897062367669e+00
1.163285913741201739e+03	6.147394763062364653e+00
1.164909204761201863e+03	6.295588122362357986e+00
1.166532373701201777e+03	7.362398730262360580e+00
1.168155664721201674e+03	7.801451312062365417e+00
1.169778833661201816e+03	6.665678607062364591e+00
1.171402124681201713e+03	6.221327410762371279e+00
1.173025293621201854e+03	7.197527514462364273e+00
1.174648584641201751e+03	6.780127154362361352e+00
1.176271753591201787e+03	6.700895892162366252e+00
1.177895044601201789e+03	8.015322314262363079e+00
1.179518213551201825e+03	7.793795214662366355e+00
1.181141504561201828e+03	7.109655962962361464e+00
1.182764673511201863e+03	7.546888934162361728e+00
1.184387964521201638e+03	7.063868151662363815e+00
1.186011133471201674e+03	5.688139544562361927e+00
1.187634424481201677e+03	6.301905261062361596e+00
1.189257593431201713e+03	7.202349291862362612e+00
1.190880884441201715e+03	6.805601702762366756e+00
1.192504053391201751e+03	7.429716692962371916e+00
1.194127344411201648e+03	7.762541399962363364e+00
1.195750513351201789e+03	6.005358325062355895e+00
1.197373804371201686e+03	6.710981951762371445e+00
1.198996973311201828e+03	5.903574572562364509e+00
1.200620264331201724e+03	7.416811572062364633e+00
1.202243433271201638e+03	8.320421801562366326e+00
1.203866724291201763e+03	7.354261981062364839e+00
1.205489893231201677e+03	7.189699755662367409e+00
1.207113062181201713e+03	7.614294634862368127e+00
1.208736353191201715e+03	8.586531268162362451e+00
1.210359522141201751e+03	8.022387133662370218e+00
1.211982813161201648e+03	6.886255846962371585e+00
1.213605982101201789e+03	7.093035326962368714e+00
1.215229273121201686e+03	8.060408221262370887e+00
1.216852442061201828e+03	8.745405779862361229e+00
1.218475733081201724e+03	9.001330004762362336e+00
1.220098902021201638e+03	8.662306414662362286e+00
1.221722193041201763e+03	8.810995684662367822e+00
1.223345361981201677e+03	8.609297381462361898e+00
1.224968653001201801e+03	8.139032946662361212e+00
1.226591821941201715e+03	8.510462389962361485e+00
1.228215112961201839e+03	8.692797289862362220e+00
1.229838281911201648e+03	8.297415362362368541e+00
1.231461572921201650e+03	9.009703265262363203e+00
1.233084741871201686e+03	8.291205035262368739e+00
1.234708032881201689e+03	8.252955065762373366e+00
1.236331201831201724e+03	9.399164782562374754e+00
1.237954492841201727e+03	1.026253377056236538e+01
1.239577661791201763e+03	1.013882313826236725e+01
1.241200952801201765e+03	9.514662371662360840e+00
1.242824121751201801e+03	9.943174944862370523e+00
1.244447412771201698e+03	1.038502369976236395e+01
1.246070581711201839e+03	1.084774647806236736e+01
1.247693872731201736e+03	9.764692889262361675e+00
1.249317041671201650e+03	1.034522877796236884e+01
1.250940332691201775e+03	1.070418416126236671e+01
1.252563501631201689e+03	9.862784014762365103e+00
1.254186792651201813e+03	9.215075121862362550e+00
1.255809961591201727e+03	1.095251332386236953e+01
1.257433252611201851e+03	1.122659169296236925e+01
1.259056421551201765e+03	1.093028889756235600e+01
1.260679712571201662e+03	1.036483632186236647e+01
1.262302881521201698e+03	1.024702321146236272e+01
1.263926050461201839e+03	1.157911549666236084e+01
1.265549341481201736e+03	1.323296986676236386e+01
1.267172510421201650e+03	1.355692158796236413e+01
1.268795801441201775e+03	1.274445210556237562e+01
1.270418970381201689e+03	1.189764271836236276e+01
1.272042261401201813e+03	1.331728993516236415e+01
1.273665430341201727e+03	1.217102681256237418e+01
1.275288721361201851e+03	1.550031148056237029e+01
1.276911890301201765e+03	1.295117055036235776e+01
1.278535181321201662e+03	1.345052205186235561e+01
1.280158350271201698e+03	1.385056935406237422e+01
1.281781641281201701e+03	1.239228688336236495e+01
1.283404810231201736e+03	1.525354634386236086e+01
1.285028101241201739e+03	1.427776204206235633e+01
1.286651270191201775e+03	1.360652791126237204e+01
1.288274561201201777e+03	1.465218983746236781e+01
1.289897730151201813e+03	1.583927785016237344e+01
1.291521021161201816e+03	1.610904561146236347e+01
1.293144190111201851e+03	1.523754750346236087e+01
1.294767481121201854e+03	1.546725331406237380e+01
1.296390650071201662e+03	1.529675160506236331e+01
1.298013941091201787e+03	1.682264577006235484e+01
1.299637110031201701e+03	1.764458333116236588e+01
1.301260401051201825e+03	2.094344197376236849e+01
1.302883569991201739e+03	1.903300343616236745e+01
1.304506861011201863e+03	2.114765797716236051e+01
1.306130029951201777e+03	2.172525654896235991e+01
1.307753320971201674e+03	2.201174794296237280e+01
1.309376489911201816e+03	2.423297749616235564e+01
1.310999780931201713e+03	2.461528645616236588e+01
1.312622949871201854e+03	2.443987904646236586e+01
1.314246240891201751e+03	2.540106068706236186e+01
1.315869409841201787e+03	2.738215504746236917e+01
1.317492578781201701e+03	2.868549977396235917e+01
1.319115869801201825e+03	2.911224232776236676e+01
1.320739038741201739e+03	2.971519337756236823e+01
1.322362329761201863e+03	3.090813313586236788e+01
1.323985498701201777e+03	3.243688832386236953e+01
1.325608789721201674e+03	3.295355092146235165e+01
1.327231958661201816e+03	3.628575764756235600e+01
1.328855249681201713e+03	3.502927266216235580e+01
1.330478418621201854e+03	3.840695057966235737e+01
1.332101709641201751e+03	3.956516896346236933e+01
1.333724878591201787e+03	4.559673939806235410e+01
1.335348169601201789e+03	4.634846364116236117e+01
1.336971338551201825e+03	4.834663258616236448e+01
1.338594629561201828e+03	5.189621602116236687e+01
1.340217798511201863e+03	5.628192769116236605e+01
1.341841089521201638e+03	5.947771321416237100e+01
1.343464258471201674e+03	6.013723622416236481e+01
1.345087549481201677e+03	6.015648518616236373e+01
1.346710718431201713e+03	5.926141224916238315e+01
1.348334009441201715e+03	5.756996785216234969e+01
1.349957178391201751e+03	5.555447255216236613e+01
1.351580469411201648e+03	5.282325612216235555e+01
1.353203638351201789e+03	4.888615285016236811e+01
1.354826929371201686e+03	4.297164784526236758e+01
1.356450098311201828e+03	4.156987629986236499e+01
1.358073389331201724e+03	3.815743123156235583e+01
1.359696558271201638e+03	3.663833485706236814e+01
1.361319849291201763e+03	3.383961354356236484e+01
1.362943018231201677e+03	3.196190510846236421e+01
1.364566309251201801e+03	3.076148091416236596e+01
1.366189478191201715e+03	3.103185139756235245e+01
1.367812769211201839e+03	3.193611012556235451e+01
1.369435938161201648e+03	3.114676533796235702e+01
1.371059107101201789e+03	3.020167409046236529e+01
1.372682398121201686e+03	2.968083821396237099e+01
1.374305567061201828e+03	2.983284627056236715e+01
1.375928858081201724e+03	2.953611622906236889e+01
1.377552027021201638e+03	2.789637623886236995e+01
1.379175318041201763e+03	2.640375386336236119e+01
1.380798486981201677e+03	2.592115651226236750e+01
1.382421778001201801e+03	2.504868184186237201e+01
1.384044946941201715e+03	2.492384968856236327e+01
1.385668237961201839e+03	2.629936085796236966e+01
1.387291406911201648e+03	2.499053059676236899e+01
1.388914697921201650e+03	2.595193348986236614e+01
1.390537866871201686e+03	2.590022145366236828e+01
1.392161157881201689e+03	2.521173726176235519e+01
1.393784326831201724e+03	2.533251057726235800e+01
1.395407617841201727e+03	2.321289692976236552e+01
1.397030786791201763e+03	2.432062398056237029e+01
1.398654077801201765e+03	2.504788075546236925e+01
1.400277246751201801e+03	2.534351979356235773e+01
1.401900537771201698e+03	2.520257435896235876e+01
1.403523706711201839e+03	2.625708638286235796e+01
1.405146997731201736e+03	2.585446034526236403e+01
1.406770166671201650e+03	2.532407246686237556e+01
1.408393457691201775e+03	2.551269398786236309e+01
1.410016626631201689e+03	2.604477559186237556e+01
1.411639917651201813e+03	2.595493947126236378e+01
1.413263086591201727e+03	2.619978962996236049e+01
1.414886377611201851e+03	2.703868733506235955e+01
1.416509546551201765e+03	2.773833333116236233e+01
1.418132837571201662e+03	2.847832356556235567e+01
1.419756006521201698e+03	2.907951985456235278e+01
1.421379297531201701e+03	2.965897999866236390e+01
1.423002466481201736e+03	3.013861714466237274e+01
1.424625757491201739e+03	3.046520100696236355e+01
1.426248926441201775e+03	3.106841908556235765e+01
1.427872095381201689e+03	3.155142842396235991e+01
1.429495386401201813e+03	3.454714070416237348e+01
1.431118555341201727e+03	3.187505971056236476e+01
1.432741846361201851e+03	3.288367329696236396e+01
1.434365015301201765e+03	3.347141133406236690e+01
1.435988306321201662e+03	3.417565022566235911e+01
1.437611475271201698e+03	3.433040486436236449e+01
1.439234766281201701e+03	3.468903981306235096e+01
1.440857935231201736e+03	3.513287983996236363e+01
1.442481226241201739e+03	3.744129811386235929e+01
1.444104395191201775e+03	3.692129384136237036e+01
1.445727686201201777e+03	3.682776509386236086e+01
1.447350855151201813e+03	3.846438466166236481e+01
1.448974146161201816e+03	3.916959248646234926e+01
1.450597315111201851e+03	3.901123677356235930e+01
1.452220606121201854e+03	4.131323109726236709e+01
1.453843775071201662e+03	4.231114064316237489e+01
1.455467066091201787e+03	4.063597737406236377e+01
1.457090235031201701e+03	4.206856404406236294e+01
1.458713526051201825e+03	4.291489277936236135e+01
1.460336694991201739e+03	4.337923298936236449e+01
1.461959986011201863e+03	4.396826802356236641e+01
1.463583154951201777e+03	4.804701863416236307e+01
1.465206445971201674e+03	4.752696095516235886e+01
1.466829614911201816e+03	4.679817830216235564e+01
1.468452905931201713e+03	4.944100819716236828e+01
1.470076074871201854e+03	5.030364094816236076e+01
1.471699365891201751e+03	5.265355549916235134e+01
1.473322534841201787e+03	5.255479298716236514e+01
1.474945825851201789e+03	5.364697896116236819e+01
1.476568994801201825e+03	5.625557576316236208e+01
1.478192285811201828e+03	5.591879902916237199e+01
1.479815454761201863e+03	5.634867726416237588e+01
1.481438623701201777e+03	5.866567097716235679e+01
1.483061914721201674e+03	6.079965077516239091e+01
1.484685083661201816e+03	6.394607411516237505e+01
1.486308374681201713e+03	6.395107136816238125e+01
1.487931543621201854e+03	6.609376393416238216e+01
1.489554834641201751e+03	6.984963856816239058e+01
1.491178003591201787e+03	7.258392201516237208e+01
1.492801294601201789e+03	7.569258748116237712e+01
1.494424463551201825e+03	7.863245259416238753e+01
1.496047754561201828e+03	8.100661336016236191e+01
1.497670923511201863e+03	8.514418660216237811e+01
1.499294214521201638e+03	8.948822651916236737e+01
1.500917383471201674e+03	9.132561360416235630e+01
1.502540674481201677e+03	9.339116536216238273e+01
1.504163843431201713e+03	9.589832173416239414e+01
1.505787134441201715e+03	1.022818361391623938e+02
1.507410303391201751e+03	1.078025880921623809e+02
1.509033594411201648e+03	1.134592348201623793e+02
1.510656763351201789e+03	1.201133638491623685e+02
1.512280054371201686e+03	1.268445497621623588e+02
1.513903223311201828e+03	1.296825777161623705e+02
1.515526514331201724e+03	1.402647005181623570e+02
1.517149683271201638e+03	1.508753572571623636e+02
1.518772974291201763e+03	1.594545808901623616e+02
1.520396143231201677e+03	1.674810396301623712e+02
1.522019434251201801e+03	1.788021608461623941e+02
1.523642603191201715e+03	1.896253114801623951e+02
1.525265894211201839e+03	2.018405519591623545e+02
1.526889063161201648e+03	2.135309511291623892e+02
1.528512354171201650e+03	2.281192384821623591e+02
1.530135523121201686e+03	2.476706606011622966e+02
1.531758814131201689e+03	2.674452272521622831e+02
1.533381983081201724e+03	2.903960023981622953e+02
1.535005152021201638e+03	3.071538454161623122e+02
1.536628443041201763e+03	3.294822450741622788e+02
1.538251611981201677e+03	3.531486879451622940e+02
1.539874903001201801e+03	3.765053163631623079e+02
1.541498071941201715e+03	4.063679872621622735e+02
1.543121362961201839e+03	4.375618349181622193e+02
1.544744531911201648e+03	4.712778688531625448e+02
1.546367822921201650e+03	5.120099245181625065e+02
1.547990991871201686e+03	5.543934084041624146e+02
1.549614282881201689e+03	5.973384157281624312e+02
1.551237451831201724e+03	6.453958498101625310e+02
1.552860742841201727e+03	6.998495851621623842e+02
1.554483911791201763e+03	7.564123903381623677e+02
1.556107202801201765e+03	8.258725343811624953e+02
1.557730371751201801e+03	9.020060793031624371e+02
1.559353662771201698e+03	9.787751833051622725e+02
1.560976831711201839e+03	1.070097693075162624e+03
1.562600122731201736e+03	1.172625891315162335e+03
1.564223291671201650e+03	1.264202673545162270e+03
1.565846582691201775e+03	1.361804480185162220e+03
1.567469751631201689e+03	1.467558142295162270e+03
1.569093042651201813e+03	1.534821325885162196e+03
1.570716211591201727e+03	1.605574865925162385e+03
1.572339502611201851e+03	1.636437780965162574e+03
1.573962671551201765e+03	1.682982214555162273e+03
1.575585962571201662e+03	1.676281164755162536e+03
1.577209131521201698e+03	1.676071814165162323e+03
1.578832422531201701e+03	1.657361609085162172e+03
1.580455591481201736e+03	1.632986487015162538e+03
1.582078882491201739e+03	1.676048987015162538e+03
1.583702051441201775e+03	1.788135534865162299e+03
1.585325342451201777e+03	2.034385168655162261e+03
1.586948511401201813e+03	2.421674475295162665e+03
1.588571802411201816e+03	2.893380774125162588e+03
1.590194971361201851e+03	3.365088537795162210e+03
1.591818140301201765e+03	3.716104895225162636e+03
1.593441431321201662e+03	3.843986975295162210e+03
1.595064600271201698e+03	3.743009436235162411e+03
1.596687891281201701e+03	3.490946203815162335e+03
1.598311060231201736e+03	3.159088781935161933e+03
1.599934351241201739e+03	2.787021887405162033e+03
1.601557520191201775e+03	2.416789221395162713e+03
1.603180811201201777e+03	2.086568762405162488e+03
1.604803980151201813e+03	1.801835730185162447e+03
1.606427271161201816e+03	1.557041906935162388e+03
1.608050440111201851e+03	1.349484167685162447e+03
1.609673731121201854e+03	1.163742590535162208e+03
1.611296900071201662e+03	9.999736696351623095e+02
1.612920191091201787e+03	8.685198732481625257e+02
1.614543360031201701e+03	7.623917604551625118e+02
1.616166651051201825e+03	6.671650758851625369e+02
1.617789819991201739e+03	5.821077028381624814e+02
1.619413111011201863e+03	5.057624879941624840e+02
1.621036279951201777e+03	4.469890810121622735e+02
1.622659570971201674e+03	3.957940431701622970e+02
1.624282739911201816e+03	3.535010133851623095e+02
1.625906030931201713e+03	3.100013185601623036e+02
1.627529199871201854e+03	2.708114687071623052e+02
1.629152490891201751e+03	2.467489992251622652e+02
1.630775659841201787e+03	2.225028139221623178e+02
1.632398950851201789e+03	1.945516115291623862e+02
1.634022119801201825e+03	1.785896364321623935e+02
1.635645410811201828e+03	1.643254457581623740e+02
1.637268579761201863e+03	1.461508852111623753e+02
1.638891870771201638e+03	1.337740236391623796e+02
1.640515039721201674e+03	1.255786348451623837e+02
1.642138330731201677e+03	1.113342043031623803e+02
1.643761499681201713e+03	1.072279726131623647e+02
1.645384668621201854e+03	9.888677083116238009e+01
1.647007959641201751e+03	8.916147481016236043e+01
1.648631128591201787e+03	8.566136799916237976e+01
1.650254419601201789e+03	8.189450703716235580e+01
1.651877588551201825e+03	7.369151173716238645e+01
1.653500879561201828e+03	7.223437367516238794e+01
1.655124048511201863e+03	6.769267140516238612e+01
1.656747339521201638e+03	6.261745320416238769e+01
1.658370508471201674e+03	6.194006215216235489e+01
1.659993799481201677e+03	5.769236622916237422e+01
1.661616968431201713e+03	5.601354085116236803e+01
1.663240259441201715e+03	5.244445668316235754e+01
1.664863428391201751e+03	4.927465687816237505e+01
1.666486719411201648e+03	4.763144551416235828e+01
1.668109888351201789e+03	4.706036244516236877e+01
1.669733179371201686e+03	4.480032216166235060e+01
1.671356348311201828e+03	4.250516377546235702e+01
1.672979639331201724e+03	4.000708638286236152e+01
1.674602808271201638e+03	3.893114338976236155e+01
1.676226099291201763e+03	3.749173604106236013e+01
1.677849268231201677e+03	3.638702260116236431e+01
1.679472559251201801e+03	3.539646779156235823e+01
1.681095728191201715e+03	3.322273884876236849e+01
1.682719019211201839e+03	3.185324727156235980e+01
1.684342188161201648e+03	3.231030903916237662e+01
1.685965479171201650e+03	3.168580494976236039e+01
1.687588648121201686e+03	3.021630726916236398e+01
1.689211939131201689e+03	3.032980977156235269e+01
1.690835108081201724e+03	2.903877888776236560e+01
1.692458399091201727e+03	2.790041981796236215e+01
1.694081568041201763e+03	2.921269856556235567e+01
1.695704859051201765e+03	2.875269948106236129e+01
1.697328028001201801e+03	2.686292134386236796e+01
1.698951196941201715e+03	2.702265797716236051e+01
1.700574487961201839e+03	2.827041493516236059e+01
1.702197656911201648e+03	2.698387776476236155e+01
1.703820947921201650e+03	2.824410878276236403e+01
1.705444116871201686e+03	2.791856251816236778e+01
1.707067407881201689e+03	2.751406727886237036e+01
1.708690576831201724e+03	2.752592335796236256e+01
1.710313867841201727e+03	2.696859608746236248e+01
1.711937036791201763e+03	2.912657033066237133e+01
1.713560327801201765e+03	2.821534596546236884e+01
1.715183496751201801e+03	2.843719349956236897e+01
1.716806787771201698e+03	2.717845021346235868e+01
1.718429956711201839e+03	2.858779011826237593e+01
1.720053247731201736e+03	2.918228779896235281e+01
1.721676416671201650e+03	3.049272023296235901e+01
1.723299707691201775e+03	3.152358876326235659e+01
1.724922876631201689e+03	3.232559071636235615e+01
1.726546167651201813e+03	3.211652241806236674e+01
1.728169336591201727e+03	3.450591145616235877e+01
1.729792627611201851e+03	3.260047017196236396e+01
1.731415796551201765e+03	3.604862080676235792e+01
1.733039087571201662e+03	3.846519337756236467e+01
1.734662256521201698e+03	3.957825337506236707e+01
1.736285547531201701e+03	4.044521962266234993e+01
1.737908716481201736e+03	4.264445363146236190e+01
1.739532007491201739e+03	4.463306294536236152e+01
1.741155176441201775e+03	4.481497822856236724e+01
1.742778467451201777e+03	4.351147328476237419e+01
1.744401636401201813e+03	4.786653004716237092e+01
1.746024927411201816e+03	4.559126912216237315e+01
1.747648096361201851e+03	4.429058705426237452e+01
1.749271387371201854e+03	4.227551900006235996e+01
1.750894556321201662e+03	4.398616658306237071e+01
1.752517847341201787e+03	4.417073689556236360e+01
1.754141016281201701e+03	4.050528584576237279e+01
1.755764185231201736e+03	4.211005269146236429e+01
1.757387476241201739e+03	4.017710744006236467e+01
1.759010645191201775e+03	3.822669850446236239e+01
1.760633936201201777e+03	3.843525563336237383e+01
1.762257105151201813e+03	3.730023823836236119e+01
1.763880396161201816e+03	3.623444233996237074e+01
1.765503565111201851e+03	3.396205006696236950e+01
1.767126856121201854e+03	3.390621815776236048e+01
1.768750025071201662e+03	3.229223500346235909e+01
1.770373316091201787e+03	3.057135640246237074e+01
1.771996485031201701e+03	3.022434865096236223e+01
1.773619776051201825e+03	2.817291127306236831e+01
1.775242944991201739e+03	2.774317799666235729e+01
1.776866236011201863e+03	2.476132069686236647e+01
1.778489404951201777e+03	2.415136586286235953e+01
1.780112695971201674e+03	2.342310200786236862e+01
1.781735864911201816e+03	2.344584523296236611e+01
1.783359155931201713e+03	2.192266713236236342e+01
1.784982324871201854e+03	2.343785725696236710e+01
1.786605615891201751e+03	2.119423543076236882e+01
1.788228784841201787e+03	2.023969899276237072e+01
1.789852075851201789e+03	1.880926381206236542e+01
1.791475244801201825e+03	1.714272175886236482e+01
1.793098535811201828e+03	1.830587636096237247e+01
1.794721704761201863e+03	2.065560780626236337e+01
1.796344995771201638e+03	2.174185811146235991e+01
1.797968164721201674e+03	2.236395894146237140e+01
1.799591455731201677e+03	2.188717518906237203e+01
1.801214624681201713e+03	2.096655903916237307e+01
1.802837915691201715e+03	2.060767994976236395e+01
1.804461084641201751e+03	1.962582264996237313e+01
1.806084375661201648e+03	1.903170643906236847e+01
1.807707544601201789e+03	1.909100209336235920e+01
1.809330713551201825e+03	1.847036610706237525e+01
1.810954004561201828e+03	1.893058644396236545e+01
1.812577173511201863e+03	1.880149708846236933e+01
1.814200464521201638e+03	1.808413563826236015e+01
1.815823633471201674e+03	1.798519002056236360e+01
1.817446924481201677e+03	1.708922444446236710e+01
1.819070093431201713e+03	1.605573140246236719e+01
1.820693384441201715e+03	1.498385487656237558e+01
1.822316553391201751e+03	1.358747731306235984e+01
1.823939844411201648e+03	1.376798115826237279e+01
1.825563013351201789e+03	1.405790577986235768e+01
1.827186304371201686e+03	1.311858235456235455e+01
1.828809473311201828e+03	1.254863606556236455e+01
1.830432764331201724e+03	1.222348652936237734e+01
1.832055933271201638e+03	1.296439992046236256e+01
1.833679224291201763e+03	1.231999074076235878e+01
1.835302393231201677e+03	1.198438893416236084e+01
1.836925684251201801e+03	1.169597493266235766e+01
1.838548853191201715e+03	1.182401143176237035e+01
1.840172144211201839e+03	1.138790761096236892e+01
1.841795313161201648e+03	1.128558980086236652e+01
1.843418604171201650e+03	1.094347249126236044e+01
1.845041773121201686e+03	1.024441395856237236e+01
1.846665064131201689e+03	1.112811909776235808e+01
1.848288233081201724e+03	1.093038807966235737e+01
1.849911524091201727e+03	1.027681599716236782e+01
1.851534693041201763e+03	9.911894427362362592e+00
1.853157984051201765e+03	1.038501607036236329e+01
1.854781153001201801e+03	1.136308919056235212e+01
1.856404444021201698e+03	1.035594044786236090e+01
1.858027612961201839e+03	9.175573931762368574e+00
1.859650903981201736e+03	9.445185290362356767e+00
1.861274072921201650e+03	9.564322100662357329e+00
1.862897241871201686e+03	8.869833575262362046e+00
1.864520532881201689e+03	9.442335711462368053e+00
1.866143701831201724e+03	9.725626574562362237e+00
1.867766992841201727e+03	9.675650225662366211e+00
1.869390161791201763e+03	1.082931386096236892e+01
1.871013452801201765e+03	1.152973805526237250e+01
1.872636621751201801e+03	1.048328267196237107e+01
1.874259912771201698e+03	9.927427874562363641e+00
1.875883081711201839e+03	9.676142321662357659e+00
1.877506372731201736e+03	9.974180804262362088e+00
1.879129541671201650e+03	1.075107441996235380e+01
1.880752832691201775e+03	1.031297932726236510e+01
1.882376001631201689e+03	9.693514452962359584e+00
1.883999292651201813e+03	9.501982317962367475e+00
1.885622461591201727e+03	1.022397481066237113e+01
1.887245752611201851e+03	1.018590413196237421e+01
1.888868921551201765e+03	8.809439288162360882e+00
1.890492212571201662e+03	9.817797289862369325e+00
1.892115381521201698e+03	1.011635457136236127e+01
1.893738672531201701e+03	8.809012042062365211e+00
1.895361841481201736e+03	9.024801836962369705e+00
1.896985132491201739e+03	8.959253893862356932e+00
1.898608301441201775e+03	8.436815844562367772e+00
1.900231592451201777e+03	8.676096545262360848e+00
1.901854761401201813e+03	8.816328631462363674e+00
1.903478052411201816e+03	8.574793444662367037e+00
1.905101221361201851e+03	8.282244311362367384e+00
1.906724512371201854e+03	8.491762743962370408e+00
1.908347681321201662e+03	9.533583270062370829e+00
1.909970972341201787e+03	9.125597582862358337e+00
1.911594141281201701e+03	8.729967700062367442e+00
1.913217432301201825e+03	9.855047808662369846e+00
1.914840601241201739e+03	9.321642504762364112e+00
1.916463892261201863e+03	8.022913561862367260e+00
1.918087061201201777e+03	8.346304522562361328e+00
1.919710230151201813e+03	9.056307421762365806e+00
1.921333521161201816e+03	8.304709063562366822e+00
1.922956690111201851e+03	7.917559252762366384e+00
1.924579981121201854e+03	8.500887499862368912e+00
1.926203150071201662e+03	8.533480273262366467e+00
1.927826441091201787e+03	8.469194994962361278e+00
1.929449610031201701e+03	8.846468554562369135e+00
1.931072901051201825e+03	9.719347582862360113e+00
1.932696069991201739e+03	8.477724658062372853e+00
1.934319361011201863e+03	7.886923419062363827e+00
1.935942529951201777e+03	8.152689562862363459e+00
1.937565820971201674e+03	8.934675799362365112e+00
1.939188989911201816e+03	1.014643727396235739e+01
1.940812280931201713e+03	1.016376362896237318e+01
1.942435449871201854e+03	1.002272282696236694e+01
1.944058740891201751e+03	1.037779866316236621e+01
1.945681909841201787e+03	1.092382680036236131e+01
1.947305200851201789e+03	1.011437092876237109e+01
1.948928369801201825e+03	1.028941212756236112e+01
1.950551660811201828e+03	1.145165120226236155e+01
1.952174829761201863e+03	1.235082112406236021e+01
1.953798120771201638e+03	1.163031636336236296e+01
1.955421289721201674e+03	1.238287983996236186e+01
1.957044580731201677e+03	1.338465748886236817e+01
1.958667749681201713e+03	1.258902608016237146e+01
1.960291040691201715e+03	1.185449086286236309e+01
1.961914209641201751e+03	1.393747578716236291e+01
1.963537500661201648e+03	1.346675740336235805e+01
1.965160669601201789e+03	1.369190846546236706e+01
1.966783960621201686e+03	1.450702534776235986e+01
1.968407129561201828e+03	1.364177571396237454e+01
1.970030420581201724e+03	1.508885060406236889e+01
1.971653589521201638e+03	1.429313527206236856e+01
1.973276758471201674e+03	1.443920765976237064e+01
1.974900049481201677e+03	1.560053120716236741e+01
1.976523218431201713e+03	1.485092793566236580e+01
1.978146509441201715e+03	1.610578023056237029e+01
1.979769678391201751e+03	1.664498768906237558e+01
1.981392969411201648e+03	1.480897389506236195e+01
1.983016138351201789e+03	1.605567799666236439e+01
1.984639429371201686e+03	1.671432362656237203e+01
1.986262598311201828e+03	1.648734150986236457e+01
1.987885889331201724e+03	1.683357869246236760e+01
1.989509058271201638e+03	1.714263020616236588e+01
1.991132349291201763e+03	1.580703602886236858e+01
1.992755518231201677e+03	1.646662007426235519e+01
1.994378809251201801e+03	1.670867787456236897e+01
1.996001978191201715e+03	1.745972310166237662e+01
1.997625269211201839e+03	1.562843190296237061e+01
1.999248438161201648e+03	1.544565449816236047e+01
2.000871729171201650e+03	1.641912709336235565e+01
2.002494898121201686e+03	1.573410664656236513e+01
2.004118189131201689e+03	1.566902028186236961e+01
2.005741358081201724e+03	1.506259022806237269e+01
2.007364649091201727e+03	1.520524464706236856e+01
2.008987818041201763e+03	1.448484669786236090e+01
2.010611109051201765e+03	1.335116444686236292e+01
2.012234278001201801e+03	1.322141133406236690e+01
2.013857569021201698e+03	1.215296803576237039e+01
2.015480737961201839e+03	1.078243123156236827e+01
2.017104028981201736e+03	1.076248036486236259e+01
2.018727197921201650e+03	1.076180897806237269e+01
2.020350488941201775e+03	1.133663807966236448e+01
2.021973657881201689e+03	1.071660481556235567e+01
2.023596948901201813e+03	9.460516558662362741e+00
2.025220117841201727e+03	9.636324511562362360e+00
2.026843286791201763e+03	9.424578295762364277e+00
2.028466577801201765e+03	9.629404650762360518e+00
2.030089746751201801e+03	8.324110613862361063e+00
2.031713037771201698e+03	8.135874377262359403e+00
2.033336206711201839e+03	9.562735186562361989e+00
2.034959497731201736e+03	7.906580554062369259e+00
2.036582666671201650e+03	8.253298388462367186e+00
2.038205957691201775e+03	8.296736346262367334e+00
2.039829126631201689e+03	8.045305834762357833e+00
2.041452417651201813e+03	8.217180834762359609e+00
2.043075586591201727e+03	8.117907153162370548e+00
2.044698877611201851e+03	6.827452288662372304e+00
2.046322046551201765e+03	7.204706774762359878e+00
2.047945337571201662e+03	6.831694232062358374e+00
2.049568506521201471e+03	7.771135912962369829e+00
2.051191797531201701e+03	6.536970721262363782e+00
2.052815088551201370e+03	6.173353777962359956e+00
2.054438135421201423e+03	7.130320178062362402e+00
2.056061426441201547e+03	7.491972552362359927e+00
2.057684717451201323e+03	6.571352587762368636e+00
2.059308008471201447e+03	6.273115740762371217e+00
2.060931055341201500e+03	6.145800219562368660e+00
2.062554346361201624e+03	4.528139697062361080e+00
2.064177637371201399e+03	5.086958514262359898e+00
2.065800928391201523e+03	3.985815630962368239e+00
2.067423975271201471e+03	3.547682391162362503e+00
2.069047266281201701e+03	5.054659472462359915e+00
2.070670557301201370e+03	5.738550768862365814e+00
2.072293848311201600e+03	5.055090533262363017e+00
2.073916895191201547e+03	4.219614611662363401e+00
2.075540186201201323e+03	3.490622149462360824e+00
2.077163477221201447e+03	4.024809466362365029e+00
2.078786768231201677e+03	3.426413165162365271e+00
2.080409815111201624e+03	3.547880755462367475e+00
2.082033106121201399e+03	3.410601244962368828e+00
2.083656397141201523e+03	3.652208910962365884e+00
2.085279444021201471e+03	3.543409930262364060e+00
2.086902735031201701e+03	3.123957263062370426e+00
2.088526026051201370e+03	3.380159960762362914e+00
2.090149317061201600e+03	3.571165667562365087e+00
2.091772363941201547e+03	3.873060809162360840e+00
2.093395654951201323e+03	3.533629046462365420e+00
2.095018945971201447e+03	4.218969927862357139e+00
2.096642236981201677e+03	2.826033221262366890e+00
2.098265283861201624e+03	3.041403399462362156e+00
2.099888574871201399e+03	2.985796557462365719e+00
2.101511865891201523e+03	3.285181628262367148e+00
2.103135156911201648e+03	2.060919390662362627e+00
2.104758203781201701e+03	3.918879138062366430e+00
2.106381494801201370e+03	2.786593066262366580e+00
2.108004785811201600e+03	2.899439440762369369e+00
2.109628076831201724e+03	1.971342669562364813e+00
2.111251123701201323e+03	2.165072070162365137e+00
2.112874414721201447e+03	3.669413195662365457e+00
2.114497705731201677e+03	3.239554034262365878e+00
2.116120996751201346e+03	2.415915118262362160e+00
2.117744043621201399e+03	2.646898852362362220e+00
2.119367334641201523e+03	3.685373888962363509e+00
2.120990625661201648e+03	3.309179888762366684e+00
2.122613916671201423e+03	3.899477587762366415e+00
2.124236963551201370e+03	2.971575366062364942e+00
2.125860254561201600e+03	2.265257464462367309e+00
2.127483545581201724e+03	3.162321673462368032e+00
2.129106836591201500e+03	2.652086840662367884e+00
2.130729883471201447e+03	1.724436388962364841e+00
2.132353174481201677e+03	2.336557971062364292e+00
2.133976465501201346e+03	3.275930987362366320e+00
2.135599512371201399e+03	4.326479540862369966e+00
2.137222803391201523e+03	3.486326800362367972e+00
2.138846094411201648e+03	2.938040362362364544e+00
2.140469385421201423e+03	2.423876391462367774e+00
2.142092432301201370e+03	2.386999712962369014e+00
2.143715723311201600e+03	3.285231219362368726e+00
2.145339014331201724e+03	3.596510516162366056e+00
2.146962305341201500e+03	3.779986010562365273e+00
2.148585352221201447e+03	3.230162249562362309e+00
2.150208643231201677e+03	1.825178729062366001e+00
2.151831934251201346e+03	3.505365954462367650e+00
2.153455225271201471e+03	3.319342242262366405e+00
2.155078272141201523e+03	4.494330035262370515e+00
2.156701563161201648e+03	3.948439227162359622e+00
2.158324854171201423e+03	3.823038683962358686e+00
2.159948145191201547e+03	4.572451220562362195e+00
2.161571192061201600e+03	3.205118762062367122e+00
2.163194483081201724e+03	3.457659350462368053e+00
2.164817774091201500e+03	3.331030474662365570e+00
2.166441065111201624e+03	2.926119433462361030e+00
2.168064111981201677e+03	2.567873583862365638e+00
2.169687403001201346e+03	2.766604052562366967e+00
2.171310694021201471e+03	2.469633685162365033e+00
2.172933985031201701e+03	2.763167010362360010e+00
2.174557031911201648e+03	3.158438311562369094e+00
2.176180322921201423e+03	2.658510790862367301e+00
2.177803613941201547e+03	2.011320696862362922e+00
2.179426904951201323e+03	2.347887621862361662e+00
2.181049951831201724e+03	2.029112444862367415e+00
2.182673242841201500e+03	2.459478961062359303e+00
2.184296533861201624e+03	3.608454333362359545e+00
2.185919824871201399e+03	3.223677264262362563e+00
2.187542871751201346e+03	3.704733477662370156e+00
2.189166162771201471e+03	4.020834551862366268e+00
2.190789453781201701e+03	3.084589587262364763e+00
2.192412500661201648e+03	3.960226641662360603e+00
2.194035791671201423e+03	1.517920123162362023e+00
2.195659082691201547e+03	4.746111498862361167e+00
2.197282373701201323e+03	4.411234484662363897e+00
2.198905420581201724e+03	3.571028338462362228e+00
2.200528711591201500e+03	5.611555682262371114e+00
2.202152002611201624e+03	4.034945117062365583e+00
2.203775293621201399e+03	4.865542040862372630e+00
2.205398340501201346e+03	3.166136370662369082e+00
2.207021631521201471e+03	3.299841509862364575e+00
2.208644922531201701e+03	4.334696398762361014e+00
2.210268213551201370e+03	4.114889727662369268e+00
2.211891260421201423e+03	3.917742358262368274e+00
2.213514551441201547e+03	4.267016039862362220e+00
2.215137842451201323e+03	3.949232684162363061e+00
2.216761133471201447e+03	4.385748492262366405e+00
2.218384180341201500e+03	4.848703967162369288e+00
2.220007471361201624e+03	4.241064654362366682e+00
2.221630762371201399e+03	3.839480029162360974e+00
2.223254053391201523e+03	3.763128863362360743e+00
2.224877100271201471e+03	4.108667956362360485e+00
2.226500391281201701e+03	3.370894061162363453e+00
2.228123682301201370e+03	3.374132739062365438e+00
2.229746973311201600e+03	3.888422595062366316e+00
2.231370020191201547e+03	4.058355914162365963e+00
2.232993311201201323e+03	3.917502032262361933e+00
2.234616602221201447e+03	4.720667468062356598e+00
2.236239893231201677e+03	2.945932971062363404e+00
2.237862940111201624e+03	2.041739092862368210e+00
2.239486231121201399e+03	2.894037829462366318e+00
2.241109522141201523e+03	3.560644732462369344e+00
2.242732813161201648e+03	4.160349474962360183e+00
2.244355860031201701e+03	4.308657275262357977e+00
2.245979151051201370e+03	3.682760821362367043e+00
2.247602442061201600e+03	3.327433215162368008e+00
2.249225488941201547e+03	2.837839709362363738e+00
2.250848779951201323e+03	3.834700213462363561e+00
2.252472070971201447e+03	4.634512530362364657e+00
2.254095361981201677e+03	3.968149767862365174e+00
2.255718408861201624e+03	3.367632494962365275e+00
2.257341699871201399e+03	2.740145312362368024e+00
2.258964990891201523e+03	4.131720171962366628e+00
2.260588281911201648e+03	4.549803362862371081e+00
2.262211328781201701e+03	3.770094500562364725e+00
2.263834619801201370e+03	3.314234362662363154e+00
2.265457910811201600e+03	4.339769946162364889e+00
2.267081201831201724e+03	3.765558825562367318e+00
2.268704248701201323e+03	3.002684222262364866e+00
2.270327539721201447e+03	3.807394610462359719e+00
2.271950830731201677e+03	3.081423388462361856e+00
2.273574121751201346e+03	4.948912249562357424e+00
2.275197168621201399e+03	3.496126757662360696e+00
2.276820459641201523e+03	3.709948168762362553e+00
2.278443750661201648e+03	3.705641375562369166e+00
2.280067041671201423e+03	3.698767291062360130e+00
2.281690088551201370e+03	4.568190203662368276e+00
2.283313379561201600e+03	3.372839556762365465e+00
2.284936670581201724e+03	2.811262713462367113e+00
2.286559961591201500e+03	4.290938006462367227e+00
2.288183008471201447e+03	3.525469409062363280e+00
2.289806299481201677e+03	2.566328631462365450e+00
2.291429590501201346e+03	3.740393267662361687e+00
2.293052881521201471e+03	4.441706286462371089e+00
2.294675928391201523e+03	3.056582079962365750e+00
2.296299219411201648e+03	4.443827258162364124e+00
2.297922510421201423e+03	4.699305163462361712e+00
2.299545557301201370e+03	4.292009936362370048e+00
2.301168848311201600e+03	3.644716845562364416e+00
2.302792139331201724e+03	5.217688189562363910e+00
2.304415430341201500e+03	4.411581622162366045e+00
2.306038477221201447e+03	4.276770220762366570e+00
2.307661768231201677e+03	3.800264941262364804e+00
2.309285059251201346e+03	4.004023180962368755e+00
2.310908350271201471e+03	3.921427355762360456e+00
2.312531397141201523e+03	3.334482775762361850e+00
2.314154688161201648e+03	3.769571887062367122e+00
2.315777979171201423e+03	3.546728716862362241e+00
2.317401270191201547e+03	4.318205462462370470e+00
2.319024317061201600e+03	4.580488787662368111e+00
2.320647608081201724e+03	3.708624468862361301e+00
2.322270899091201500e+03	4.461073504462369499e+00
2.323894190111201624e+03	4.473803149262359113e+00
2.325517236981201677e+03	5.363611804062369259e+00
2.327140528001201346e+03	5.468947039662363174e+00
2.328763819021201471e+03	5.762640582162362080e+00
2.330387110031201701e+03	6.272551165562359365e+00
2.332010156911201648e+03	6.461443530162362947e+00
2.333633447921201423e+03	5.689280138962365285e+00
2.335256738941201547e+03	4.826696978562364571e+00
2.336880029951201323e+03	4.754118548462368032e+00
2.338503076831201724e+03	4.697188006462362786e+00
2.340126367841201500e+03	4.929682360662361873e+00
2.341749658861201624e+03	5.311686144862364678e+00
2.343372949871201399e+03	4.524633990362360692e+00
2.344995996751201346e+03	5.177843676562360109e+00
2.346619287771201471e+03	4.662630663862366021e+00
2.348242578781201701e+03	4.761255846962368032e+00
2.349865869801201370e+03	4.852129565262362831e+00
2.351488916671201423e+03	5.529696093562364467e+00
2.353112207691201547e+03	5.429255114562363538e+00
2.354735498701201323e+03	5.605848895062365500e+00
2.356358545581201724e+03	5.961626635562367937e+00
2.357981836591201500e+03	5.316767321662369206e+00
2.359605127611201624e+03	5.325560198862365979e+00
2.361228418621201399e+03	5.823137866062357837e+00
2.362851465501201346e+03	6.507383929262362976e+00
2.364474756521201471e+03	6.141398058962354689e+00
2.366098047531201701e+03	6.126062975962368817e+00
2.367721338551201370e+03	6.270746813762366756e+00
2.369344385421201423e+03	6.080500231762368202e+00
2.370967676441201547e+03	6.374735461262365455e+00
2.372590967451201323e+03	5.815374957162370073e+00
2.374214258471201447e+03	6.881411181462360638e+00
2.375837305341201500e+03	7.524672137262360394e+00
2.377460596361201624e+03	8.041376696662368317e+00
2.379083887371201399e+03	6.272936450062362113e+00
2.380707178391201523e+03	6.925509081862368355e+00
2.382330225271201471e+03	8.277063952462361485e+00
2.383953516281201701e+03	7.670015917762366797e+00
2.385576807301201370e+03	8.580694781362369739e+00
2.387200098311201600e+03	9.033640490562367731e+00
2.388823145191201547e+03	7.892981158262373675e+00
2.390446436201201323e+03	8.179262743962365079e+00
2.392069727221201447e+03	8.890005694462359997e+00
2.393693018231201677e+03	9.435167895362367219e+00
2.395316065111201624e+03	9.284735308662369846e+00
2.396939356121201399e+03	9.633082018862358709e+00
2.398562647141201523e+03	1.002624760726236275e+01
2.400185938161201648e+03	1.041501484966235935e+01
2.401808985031201701e+03	9.912195788462362600e+00
2.403432276051201370e+03	1.041525899036236602e+01
2.405055567061201600e+03	1.092832814316236600e+01
2.406678858081201724e+03	1.112271748646236169e+01
2.408301904951201323e+03	1.087375508406235802e+01
2.409925195971201447e+03	1.096004353626237204e+01
2.411548486981201677e+03	1.140690480326236589e+01
2.413171533861201624e+03	1.159962330916236439e+01
2.414794824871201399e+03	1.402412282086237205e+01
2.416418115891201523e+03	1.237740193466236249e+01
2.418041406911201648e+03	1.527081166366236076e+01
2.419664453781201701e+03	1.467870198346236954e+01
2.421287744801201370e+03	1.540521870716237807e+01
2.422911035811201600e+03	1.671722279646236586e+01
2.424534326831201724e+03	1.654421101666236993e+01
2.426157373701201323e+03	1.896411763286236862e+01
2.427780664721201447e+03	1.945535908796236413e+01
2.429403955731201677e+03	1.924654255966236605e+01
2.431027246751201346e+03	2.063991414166236993e+01
2.432650293621201399e+03	2.057800160506236153e+01
2.434273584641201523e+03	2.195117055036235598e+01
2.435896875661201648e+03	2.440366231066236935e+01
2.437520166671201423e+03	2.666480885606236129e+01
2.439143213551201370e+03	2.735242329696236752e+01
2.440766504561201600e+03	3.056465016466235696e+01
2.442389795581201724e+03	3.036688099956235476e+01
2.444013086591201500e+03	3.267926655866234853e+01
2.445636133471201447e+03	3.091222249126236221e+01
2.447259424481201677e+03	3.139786397076236923e+01
2.448882715501201346e+03	3.209026204206235633e+01
2.450506006521201471e+03	3.207460652446236793e+01
2.452129053391201523e+03	3.136694203476236709e+01
2.453752344411201648e+03	3.236645375346236619e+01
2.455375635421201423e+03	3.187908803086235920e+01
2.456998926441201547e+03	3.119129811386236284e+01
2.458621973311201600e+03	3.160427723986235904e+01
2.460245264331201724e+03	3.173649464706236500e+01
2.461868555341201500e+03	3.106764088726236395e+01
2.463491602221201447e+03	3.173789845566236778e+01
2.465114893231201677e+03	3.173471699816236935e+01
2.466738184251201346e+03	3.138513814066235952e+01
2.468361475271201471e+03	2.986417256456235236e+01
2.469984522141201523e+03	2.902144490336236515e+01
2.471607813161201648e+03	3.006329213236235631e+01
2.473231104171201423e+03	3.007807026966236918e+01
2.474854395191201547e+03	2.958614979846236182e+01
2.476477442061201600e+03	2.949149952986236300e+01
2.478100733081201724e+03	2.857523976426235990e+01
2.479724024091201500e+03	2.973450337506237062e+01
2.481347315111201624e+03	2.880984364606236880e+01
2.482970361981201677e+03	2.824437581156235666e+01
2.484593653001201346e+03	2.775025044536236507e+01
2.486216944021201471e+03	2.799686299426237213e+01
2.487840235031201701e+03	2.625822316266237166e+01
2.489463281911201648e+03	2.623044453716237001e+01
2.491086572921201423e+03	2.640418110946237107e+01
2.492709863941201547e+03	2.550949727156236335e+01
2.494333154951201323e+03	2.580232869246236760e+01
2.495956201831201724e+03	2.404600392436235978e+01
2.497579492841201500e+03	2.335739766216237001e+01
2.499202783861201624e+03	2.561938344096236619e+01
2.500826074871201399e+03	2.415813313586236077e+01
2.502449121751201346e+03	2.562103901966237629e+01
2.504072412771201471e+03	2.469552479846236892e+01
2.505695703781201701e+03	2.486350117786236424e+01
2.507318994801201370e+03	2.579648457626236180e+01
2.508942041671201423e+03	2.637950764756235600e+01
2.510565332691201547e+03	2.514568196396236743e+01
2.512188623701201323e+03	2.589250813586236077e+01
2.513811914721201447e+03	2.715408192736236614e+01
2.515434961591201500e+03	2.524162922956236343e+01
2.517058252611201624e+03	2.571662770366236472e+01
2.518681543621201399e+03	2.563669453716237001e+01
2.520304590501201346e+03	2.513567982776236320e+01
2.521927881521201471e+03	2.558475361926236502e+01
2.523551172531201701e+03	2.502752553086235565e+01
2.525174463551201370e+03	2.492214833356236525e+01
2.526797510421201423e+03	2.459395466906237004e+01
2.528420801441201547e+03	2.544121419056235212e+01
2.530044092451201323e+03	2.634903584576236213e+01
2.531667383471201447e+03	2.558328114606237236e+01
2.533290430341201500e+03	2.621814595316235597e+01
2.534913721361201624e+03	2.637433491806236674e+01
2.536537012371201399e+03	2.710480366806236674e+01
2.538160303391201523e+03	2.905434285266236927e+01
2.539783350271201471e+03	2.903140889266236613e+01
2.541406641281201701e+03	2.763197957136236482e+01
2.543029932301201370e+03	2.635677968126235982e+01
2.544653223311201600e+03	2.752489338976236866e+01
2.546276270191201547e+03	2.672502003766236811e+01
2.547899561201201323e+03	2.853622304056236558e+01
2.549522852221201447e+03	2.934777699566236109e+01
2.551146143231201677e+03	2.943228016956236459e+01
2.552769190111201624e+03	2.936315022566235911e+01
2.554392481121201399e+03	2.983396779156236533e+01
2.556015772141201523e+03	2.844237385846237487e+01
2.557639063161201648e+03	3.012304555036235598e+01
2.559262110031201701e+03	2.968664418316236109e+01
2.560885401051201370e+03	3.104900227646236388e+01
2.562508692061201600e+03	3.164181386096236892e+01
2.564131983081201724e+03	3.199973927596235868e+01
2.565755029951201323e+03	3.280403004746236917e+01
2.567378320971201447e+03	3.327277241806237384e+01
2.569001611981201677e+03	3.340788899516235944e+01
2.570624903001201346e+03	3.440661488636236953e+01
2.572247949871201399e+03	3.621875630476235841e+01
2.573871240891201523e+03	3.585156117536235598e+01
2.575494531911201648e+03	3.545529042346236537e+01
2.577117578781201701e+03	3.979410420516236258e+01
2.578740869801201370e+03	4.014463673686236689e+01
2.580364160811201600e+03	4.275701008896237454e+01
2.581987451831201724e+03	4.257462178326237279e+01
2.583610498701201323e+03	4.209550343616237456e+01
2.585233789721201447e+03	4.426212941266236811e+01
2.586857080731201677e+03	4.697612630016235613e+01
2.588480371751201346e+03	4.887584553816235911e+01
2.590103418621201399e+03	5.109612141716235811e+01
2.591726709641201523e+03	5.082706318916236654e+01
2.593350000661201648e+03	5.304369984716237241e+01
2.594973291671201423e+03	5.526582203916236580e+01
2.596596338551201370e+03	5.894220601216238009e+01
2.598219629561201600e+03	5.995496998916237175e+01
2.599842920581201724e+03	6.283463154916237414e+01
2.601466211591201500e+03	6.514964924916236555e+01
2.603089258471201447e+03	6.607253895816236877e+01
2.604712549481201677e+03	6.828021107816236679e+01
2.606335840501201346e+03	7.276484547716238183e+01
2.607959131521201471e+03	7.525951253016236819e+01
2.609582178391201523e+03	7.713275776916238158e+01
2.611205469411201648e+03	8.321106587516237596e+01
2.612828760421201423e+03	8.499303303816236621e+01
2.614452051441201547e+03	8.466817341916237183e+01
2.616075098311201600e+03	8.980391560616237712e+01
2.617698389331201724e+03	9.207884846816236291e+01
2.619321680341201500e+03	9.644313679816235663e+01
2.620944971361201624e+03	9.926965962516237596e+01
2.622568018231201677e+03	1.041603304011623834e+02
2.624191309251201346e+03	1.083862978091623575e+02
2.625814600271201471e+03	1.141599336731623566e+02
2.627437647141201523e+03	1.174029604061623644e+02
2.629060938161201648e+03	1.234730898011623736e+02
2.630684229171201423e+03	1.295010133851623664e+02
2.632307520191201547e+03	1.368377290831623725e+02
2.633930567061201600e+03	1.430980745421623794e+02
2.635553858081201724e+03	1.524222322571623636e+02
2.637177149091201500e+03	1.603748994931623599e+02
2.638800440111201624e+03	1.676220613581623695e+02
2.640423486981201677e+03	1.766258760561624115e+02
2.642046778001201346e+03	1.866911989321623651e+02
2.643670069021201471e+03	1.954733797181623629e+02
2.645293360031201701e+03	2.092632204161623690e+02
2.646916406911201648e+03	2.198848634821623875e+02
2.648539697921201423e+03	2.300593019591623261e+02
2.650162988941201547e+03	2.411373659241622818e+02
2.651786279951201323e+03	2.530001283751622907e+02
2.653409326831201724e+03	2.682777162661622583e+02
2.655032617841201500e+03	2.802803102601623095e+02
2.656655908861201624e+03	2.986899477111622900e+02
2.658279199871201399e+03	3.175658937561622679e+02
2.659902246751201346e+03	3.350375429261623026e+02
2.661525537771201471e+03	3.491870790591622722e+02
2.663148828781201701e+03	3.704347597231623013e+02
2.664772119801201370e+03	3.952537599671622957e+02
2.666395166671201423e+03	4.208245607481622983e+02
2.668018457691201547e+03	4.442550417051622844e+02
2.669641748701201323e+03	4.700742555721624285e+02
2.671265039721201447e+03	4.919376588931624497e+02
2.672888086591201500e+03	5.186706300841624397e+02
2.674511377611201624e+03	5.451708131891624589e+02
2.676134668621201399e+03	5.710538087951624675e+02
2.677757959641201523e+03	5.858232179751623789e+02
2.679381006521201471e+03	6.011809450251623730e+02
2.681004297531201701e+03	6.151385255921624093e+02
2.682627588551201370e+03	6.207977052791624146e+02
2.684250635421201423e+03	6.242191530331623426e+02
2.685873926441201547e+03	6.137851930721624285e+02
2.687497217451201323e+03	6.000339723691623703e+02
2.689120508471201447e+03	5.800649782281624312e+02
2.690743555341201500e+03	5.675680299861624007e+02
2.692366846361201624e+03	5.382762209041624146e+02
2.693990137371201399e+03	5.086764284241623955e+02
2.695613428391201523e+03	4.877425905331623994e+02
2.697236475271201471e+03	4.590290895571623651e+02
2.698859766281201701e+03	4.307471376521623370e+02
2.700483057301201370e+03	4.053068910701622940e+02
2.702106348311201600e+03	3.833319765191623105e+02
2.703729395191201547e+03	3.508964906801622874e+02
2.705352686201201323e+03	3.312240053281622636e+02
2.706975977221201447e+03	3.053569704161623122e+02
2.708599268231201677e+03	2.889028078181622732e+02
2.710222315111201624e+03	2.684121767151622748e+02
2.711845606121201399e+03	2.514652162661622867e+02
2.713468897141201523e+03	2.366615358461622804e+02
2.715092188161201648e+03	2.191315981011623535e+02
2.716715235031201701e+03	2.025176759821623591e+02
2.718338526051201370e+03	1.912762209041623578e+02
2.719961817061201600e+03	1.805203920471623746e+02
2.721585108081201724e+03	1.678979707821623890e+02
2.723208154951201323e+03	1.609864412411623675e+02
2.724831445971201447e+03	1.471052003961623598e+02
2.726454736981201677e+03	1.379212404351623604e+02
2.728078028001201346e+03	1.321704164611624037e+02
2.729701074871201399e+03	1.254727235901623601e+02
2.731324365891201523e+03	1.172746034731623723e+02
2.732947656911201648e+03	1.099907442201623979e+02
2.734570947921201423e+03	1.055121828181623584e+02
2.736193994801201370e+03	1.000985933411623705e+02
2.737817285811201600e+03	9.379343281816237266e+01
2.739440576831201724e+03	8.982416401916236737e+01
2.741063623701201323e+03	8.477150593816236324e+01
2.742686914721201447e+03	8.100485860016237893e+01
2.744310205731201677e+03	7.778409443916237365e+01
2.745933496751201346e+03	7.279319630716237555e+01
2.747556543621201399e+03	7.096274434216236671e+01
2.749179834641201523e+03	6.973726521616237051e+01
2.750803125661201648e+03	6.430182515216236538e+01
2.752426416671201423e+03	6.210358296516236720e+01
2.754049463551201370e+03	5.855694447616236431e+01
2.755672754561201600e+03	5.504957448116235952e+01
2.757296045581201724e+03	5.226885853816236249e+01
2.758919336591201500e+03	5.218752919316237637e+01
2.760542383471201447e+03	5.061053334316235919e+01
2.762165674481201677e+03	4.973184834616235861e+01
2.763788965501201346e+03	4.623663197616237142e+01
2.765412256521201471e+03	4.270669423206236104e+01
2.767035303391201523e+03	4.283100758646236272e+01
2.768658594411201648e+03	4.150721608256235839e+01
2.770281885421201423e+03	3.873879872416235770e+01
2.771905176441201547e+03	3.738522206406237558e+01
2.773528223311201600e+03	3.673451863386235061e+01
2.775151514331201724e+03	3.482421742536235598e+01
2.776774805341201500e+03	3.441020833116235877e+01
2.778398096361201624e+03	3.310320912456236897e+01
2.780021143231201677e+03	3.154624806506236823e+01
2.781644434251201346e+03	3.260162983996236363e+01
2.783267725271201471e+03	3.089242421246237313e+01
2.784891016281201701e+03	2.935346089466236208e+01
2.786514063161201648e+03	2.879051838976236510e+01
2.788137354171201423e+03	2.919254170516235902e+01
2.789760645191201547e+03	2.667566548446236752e+01
2.791383692061201600e+03	2.705008565046235347e+01
2.793006983081201724e+03	2.728248463726237105e+01
2.794630274091201500e+03	2.605098591906236649e+01
2.796253565111201624e+03	2.527995930766236654e+01
2.797876611981201677e+03	2.452597676376236535e+01
2.799499903001201346e+03	2.405428944686236647e+01
2.801123194021201471e+03	2.391042958356237236e+01
2.802746485031201701e+03	2.267240010356236724e+01
2.804369531911201648e+03	2.320495473006236509e+01
2.805992822921201423e+03	2.146309529406236294e+01
2.807616113941201547e+03	2.146788655376235866e+01
2.809239404951201323e+03	2.150205098246236446e+01
2.810862451831201724e+03	2.047695027446236082e+01
2.812485742841201500e+03	2.037684498886236639e+01
2.814109033861201624e+03	1.960349904156237244e+01
2.815732324871201399e+03	1.959218464946236793e+01
2.817355371751201346e+03	1.895017109966235935e+01
2.818978662771201471e+03	1.975675068956235592e+01
2.820601953781201701e+03	1.982987080676236502e+01
2.822225244801201370e+03	1.959897481066236935e+01
2.823848291671201423e+03	1.814266072376237204e+01
2.825471582691201547e+03	1.806251393416235729e+01
2.827094873701201323e+03	1.848845540146236743e+01
2.828718164721201447e+03	1.736675129986236144e+01
2.830341211591201500e+03	1.808833180526237072e+01
2.831964502611201624e+03	1.708528004746237627e+01
2.833587793621201399e+03	1.711825429056236914e+01
2.835211084641201523e+03	1.730700551136237664e+01
2.836834131521201471e+03	1.759058247666236952e+01
2.838457422531201701e+03	1.650434743026237072e+01
2.840080713551201370e+03	1.540917836286235598e+01
2.841704004561201600e+03	1.716058217146236586e+01
2.843327051441201547e+03	1.663500081156236021e+01
2.844950342451201323e+03	1.500171528916237484e+01
2.846573633471201447e+03	1.597578297716235696e+01
2.848196680341201500e+03	1.565150319196237483e+01
2.849819971361201624e+03	1.600326405626236692e+01
2.851443262371201399e+03	1.534055958846236400e+01
2.853066553391201523e+03	1.532034932236236813e+01
2.854689600271201471e+03	1.427636586286235243e+01
2.856312891281201701e+03	1.417262135606236129e+01
2.857936182301201370e+03	1.565941487406236021e+01
2.859559473311201600e+03	1.513172780136236462e+01
2.861182520191201547e+03	1.348406849956236009e+01
2.862805811201201323e+03	1.292097340686237139e+01
2.864429102221201447e+03	1.415902577496237136e+01
2.866052393231201677e+03	1.314572011096236892e+01
2.867675440111201624e+03	1.348146687606237037e+01
2.869298731121201399e+03	1.321617756946237421e+01
2.870922022141201523e+03	1.403525410746235913e+01
2.872545313161201648e+03	1.277927266216236823e+01
2.874168360031201701e+03	1.235542927836236693e+01
2.875791651051201370e+03	1.128510914896235562e+01
2.877414942061201600e+03	1.098578511336237007e+01
2.879038233081201724e+03	1.307669697856236724e+01
2.880661279951201323e+03	1.389074574566236464e+01
2.882284570971201447e+03	1.211298237896237140e+01
2.883907861981201677e+03	1.170413075546237458e+01
2.885531153001201346e+03	1.177358113386235772e+01
2.887154199871201399e+03	1.207002125836237383e+01
2.888777490891201523e+03	1.197225819686236470e+01
2.890400781911201648e+03	1.249390278916237840e+01
2.892024072921201423e+03	1.183614979846236537e+01
2.893647119801201370e+03	1.181954060656236649e+01
2.895270410811201600e+03	1.246603261096236182e+01
2.896893701831201724e+03	1.167336903666236125e+01
2.898516992841201500e+03	1.188587056256237418e+01
2.900140039721201447e+03	1.175047169786236445e+01
2.901763330731201677e+03	1.133505116556236914e+01
2.903386621751201346e+03	1.124051533796236413e+01
2.905009668621201399e+03	1.288402424906235666e+01
2.906632959641201523e+03	1.186477528666235770e+01
2.908256250661201648e+03	1.198325215436237556e+01
2.909879541671201423e+03	1.153954945666237109e+01
2.911502588551201370e+03	1.077731953716236291e+01
2.913125879561201600e+03	1.262156544786235557e+01
2.914749170581201724e+03	1.184919606306235451e+01
2.916372461591201500e+03	1.157266865826236746e+01
2.917995508471201447e+03	1.193356953716236646e+01
2.919618799481201677e+03	1.318228016956237525e+01
2.921242090501201346e+03	1.162640248396235876e+01
2.922865381521201471e+03	1.164946614366236410e+01
2.924488428391201523e+03	1.108969746686236491e+01
2.926111719411201648e+03	1.106788502796237417e+01
2.927735010421201423e+03	1.173118458846236045e+01
2.929358301441201547e+03	1.252444325546237280e+01
2.930981348311201600e+03	1.141404591656237244e+01
2.932604639331201724e+03	1.226434956646236785e+01
2.934227930341201500e+03	1.155728016956236814e+01
2.935851221361201624e+03	1.161354695416237170e+01
2.937474268231201677e+03	1.121776448346236421e+01
2.939097559251201346e+03	1.122041951276236915e+01
2.940720850271201471e+03	1.126966725446236772e+01
2.942344141281201701e+03	1.087735615826236746e+01
2.943967188161201648e+03	1.071249257186235937e+01
2.945590479171201423e+03	1.119600545026237270e+01
2.947213770191201547e+03	1.000643025496236760e+01
2.948837061201201323e+03	9.613558398262362914e+00
2.950460108081201724e+03	9.833056078962368218e+00
2.952083399091201500e+03	9.249682055462363550e+00
2.953706690111201624e+03	9.233584033062363972e+00
2.955329736981201677e+03	9.525950060862372837e+00
2.956953028001201346e+03	1.030232106306235984e+01
2.958576319021201471e+03	8.509607897762370143e+00
2.960199610031201701e+03	8.873522387562369218e+00
2.961822656911201648e+03	9.587423907262362377e+00
2.963445947921201423e+03	7.137545214662359250e+00
2.965069238941201547e+03	7.504511462262371424e+00
2.966692529951201323e+03	8.070032702462359708e+00
2.968315576831201724e+03	8.927973376262372085e+00
2.969938867841201500e+03	7.416109667762363244e+00
2.971562158861201624e+03	7.615267382662368689e+00
2.973185449871201399e+03	7.482245074262374729e+00
2.974808496751201346e+03	6.797049151462368322e+00
2.976431787771201471e+03	6.684221850462372494e+00
2.978055078781201701e+03	8.158129321162361336e+00
2.979678369801201370e+03	7.267061816262364360e+00
2.981301416671201423e+03	6.839811907762359589e+00
2.982924707691201547e+03	6.799582110462356610e+00
2.984547998701201323e+03	5.969019518862368479e+00
2.986171289721201447e+03	5.864290820162367801e+00
2.987794336591201500e+03	5.659273730262368574e+00
2.989417627611201624e+03	6.740709887562368330e+00
2.991040918621201399e+03	5.861693011362359762e+00
2.992664209641201523e+03	6.008593188362359783e+00
2.994287256521201471e+03	5.653940783562361183e+00
2.995910547531201701e+03	6.041117297162368338e+00
2.997533838551201370e+03	5.810312853862360072e+00
2.999157129561201600e+03	6.005831347462365244e+00
3.000780176441201547e+03	4.457037554762362852e+00
3.002403467451201323e+03	6.895922289862367549e+00
3.004026758471201447e+03	6.788580523562358415e+00
3.005650049481201677e+03	6.245440112162366830e+00
3.007273096361201624e+03	5.240229235662364538e+00
3.008896387371201399e+03	5.947981463462360452e+00
3.010519678391201523e+03	5.862223254262364236e+00
3.012142725271201471e+03	4.698893176062364674e+00
3.013766016281201701e+03	5.788542376562362257e+00
3.015389307301201370e+03	6.339239703162363071e+00
3.017012598311201600e+03	6.369700060862363067e+00
3.018635645191201547e+03	5.611628161462364872e+00
3.020258936201201323e+03	5.270441638062366430e+00
3.021882227221201447e+03	4.890886889462361609e+00
3.023505518231201677e+03	5.034506426862371598e+00
3.025128565111201624e+03	5.417063342162366624e+00
3.026751856121201399e+03	5.102804766662355718e+00
3.028375147141201523e+03	5.936556445162359807e+00
3.029998438161201648e+03	5.546663867062359365e+00
3.031621485031201701e+03	5.430861102162364951e+00
3.033244776051201370e+03	5.392805682262368450e+00
3.034868067061201600e+03	5.721232043262364009e+00
3.036491358081201724e+03	6.078058825562369982e+00
3.038114404951201323e+03	6.557283984262357812e+00
3.039737695971201447e+03	4.367231951762366116e+00
3.041360986981201677e+03	4.987932787962369829e+00
3.042984278001201346e+03	4.534319506662362720e+00
3.044607324871201399e+03	6.812418566762361571e+00
3.046230615891201523e+03	7.016893969562360667e+00
3.047853906911201648e+03	6.375105486862366000e+00
3.049477197921201423e+03	5.803885088962360328e+00
3.051100244801201370e+03	5.601248370162359436e+00
3.052723535811201600e+03	4.625586138762371569e+00
3.054346826831201724e+03	6.528017626762363079e+00
3.055970117841201500e+03	7.138609515262363203e+00
3.057593164721201447e+03	6.537996874862366248e+00
3.059216455731201677e+03	6.071993456862371019e+00
3.060839746751201346e+03	4.627802477862359432e+00
3.062463037771201471e+03	6.000433550862362075e+00
3.064086084641201523e+03	5.396048174862370317e+00
3.065709375661201648e+03	6.616686450062363889e+00
3.067332666671201423e+03	5.529013262762369152e+00
3.068955713551201370e+03	6.237337695162364248e+00
3.070579004561201600e+03	6.252596484262362253e+00
3.072202295581201724e+03	6.982462512062362237e+00
3.073825586591201500e+03	5.708559618962369520e+00
3.075448633471201447e+03	7.527224169762368966e+00
3.077071924481201677e+03	6.898150073062362608e+00
3.078695215501201346e+03	7.702368365362368685e+00
3.080318506521201471e+03	5.765024767862365174e+00
3.081941553391201523e+03	5.803415881162369949e+00
3.083564844411201648e+03	6.990507708562368805e+00
3.085188135421201423e+03	5.986246691762368677e+00
3.086811426441201547e+03	7.247042284962368797e+00
3.088434473311201600e+03	7.804831133862371928e+00
3.090057764331201724e+03	6.358778582562372605e+00
3.091681055341201500e+03	8.218054400462371234e+00
3.093304346361201624e+03	7.720644579962357312e+00
3.094927393231201677e+03	7.610296832162362080e+00
3.096550684251201346e+03	7.386370287962373382e+00
3.098173975271201471e+03	7.962595568662367285e+00
3.099797266281201701e+03	8.606367693962365450e+00
3.101420313161201648e+03	7.605093585062368433e+00
3.103043604171201423e+03	8.462732897762368367e+00
3.104666895191201547e+03	9.164560900762362294e+00
3.106290186201201323e+03	9.177504168562370168e+00
3.107913233081201724e+03	7.822638140662370176e+00
3.109536524091201500e+03	1.025177632426235874e+01
3.111159815111201624e+03	1.038279591656236889e+01
3.112783106121201399e+03	9.734293566762364236e+00
3.114406153001201346e+03	1.276871358016236790e+01
3.116029444021201471e+03	1.254681264026236498e+01
3.117652735031201701e+03	1.366805897806236914e+01
3.119275781911201648e+03	1.204063283066236600e+01
3.120899072921201423e+03	1.346251546006236133e+01
3.122522363941201547e+03	1.402456532576236903e+01
3.124145654951201323e+03	1.424284230326236056e+01
3.125768701831201724e+03	1.386162434676236188e+01
3.127391992841201500e+03	1.369571553326236923e+01
3.129015283861201624e+03	1.388401661976235424e+01
3.130638574871201399e+03	1.528369771106237351e+01
3.132261621751201346e+03	1.519202290636236263e+01
3.133884912771201471e+03	1.795267354106236724e+01
3.135508203781201701e+03	1.780415974716236605e+01
3.137131494801201370e+03	1.874031697376236494e+01
3.138754541671201423e+03	1.833077107526237981e+01
3.140377832691201547e+03	1.934036122416235415e+01
3.142001123701201323e+03	2.159367238146236545e+01
3.143624414721201447e+03	2.352830372906236533e+01
3.145247461591201500e+03	2.463337575056235451e+01
3.146870752611201624e+03	2.452305470566236778e+01
3.148494043621201399e+03	2.376292286976235246e+01
3.150117334641201523e+03	2.905963765246236363e+01
3.151740381521201471e+03	2.930174122906236178e+01
3.153363672531201701e+03	3.036695729356235773e+01
3.154986963551201370e+03	3.324661122416236481e+01
3.156610254561201600e+03	3.388859425646235479e+01
3.158233301441201547e+03	3.809683858016236258e+01
3.159856592451201323e+03	4.055969868756235996e+01
3.161479883471201447e+03	4.192942677596236223e+01
3.163103174481201677e+03	4.360283528426236188e+01
3.164726221361201624e+03	4.478475819686236292e+01
3.166349512371201399e+03	4.897983418516237464e+01
3.167972803391201523e+03	4.840765248416235522e+01
3.169596094411201648e+03	5.033944569716236828e+01
3.171219141281201701e+03	5.101515065316235820e+01
3.172842432301201370e+03	5.309607564116236489e+01
3.174465723311201600e+03	5.319522725216236125e+01
3.176088770191201547e+03	5.401589833316236167e+01
3.177712061201201323e+03	5.716171895116236357e+01
3.179335352221201447e+03	5.834380208116235167e+01
3.180958643231201677e+03	5.969957600716237778e+01
3.182581690111201624e+03	6.145786915916237803e+01
3.184204981121201399e+03	6.254588948316238373e+01
3.185828272141201523e+03	6.195291768216235795e+01
3.187451563161201648e+03	6.299275838016238538e+01
3.189074610031201701e+03	6.340483723716236852e+01
3.190697901051201370e+03	6.302261983016236258e+01
3.192321192061201600e+03	6.359077321116237869e+01
3.193944483081201724e+03	5.967992268616236373e+01
3.195567529951201323e+03	6.216494618516237125e+01
3.197190820971201447e+03	6.077620564516236357e+01
3.198814111981201677e+03	6.101353322116237621e+01
3.200437403001201346e+03	5.723089467116236051e+01
3.202060449871201399e+03	5.282433186616235332e+01
3.203683740891201523e+03	5.427849446416236390e+01
3.205307031911201648e+03	5.105431996416236728e+01
3.206930322921201423e+03	5.213350545016237447e+01
3.208553369801201370e+03	5.005512105116237365e+01
3.210176660811201600e+03	4.883336506916236885e+01
3.211799951831201724e+03	4.947583638316236687e+01
3.213423242841201500e+03	4.581825123886236639e+01
3.215046289721201447e+03	4.604438649316236365e+01
3.216669580731201677e+03	4.699584828516236001e+01
3.218292871751201346e+03	4.799577199116236415e+01
3.219916162771201471e+03	4.458198414896236272e+01
3.221539209641201523e+03	4.763595448616236894e+01
3.223162500661201648e+03	4.498658619976235684e+01
3.224785791671201423e+03	4.326412068466236605e+01
3.226409082691201547e+03	4.605612050116236134e+01
3.228032129561201600e+03	4.929917012316236224e+01
3.229655420581201724e+03	4.312800465686236606e+01
3.231278711591201500e+03	4.876526509416236621e+01
3.232901758471201447e+03	4.588367329696236396e+01
3.234525049481201677e+03	4.796305714716237389e+01
3.236148340501201346e+03	4.491410695176234924e+01
3.237771631521201471e+03	4.200088368516234993e+01
3.239394678391201523e+03	3.741865407086236672e+01
3.241017969411201648e+03	3.983325062846235909e+01
3.242641260421201423e+03	3.661958943466237315e+01
3.244264551441201547e+03	3.537672291856235773e+01
3.245887598311201600e+03	3.445760975936237003e+01
3.247510889331201724e+03	3.190286885356235302e+01
3.249134180341201500e+03	2.567096577746236363e+01
3.250757471361201624e+03	2.486291371446236553e+01
3.252380518231201677e+03	2.422081624126236932e+01
3.254003809251201346e+03	2.060790883166237109e+01
3.255627100271201471e+03	1.920197163676235874e+01
3.257250391281201701e+03	1.673889027696235843e+01
3.258873438161201648e+03	1.680245839216236092e+01
3.260496729171201423e+03	1.549767171006235245e+01
3.262120020191201547e+03	1.423895894146236962e+01
3.263743311201201323e+03	1.420410023786236131e+01
3.265366358081201724e+03	1.107523213486237168e+01
3.266989649091201500e+03	1.228802357776237564e+01
3.268612940111201624e+03	1.040881215196235843e+01
3.270236231121201399e+03	1.038538228136235908e+01
3.271859278001201346e+03	1.060829030136236995e+01
3.273482569021201471e+03	8.564795123162358692e+00
3.275105860031201701e+03	7.204912768362363273e+00
3.276729151051201370e+03	7.136625872662359704e+00
3.278352197921201423e+03	7.053289996162368070e+00
3.279975488941201547e+03	7.618063555762369710e+00
3.281598779951201323e+03	7.154360400262363306e+00
3.283221826831201724e+03	6.283011065562360109e+00
3.284845117841201500e+03	5.730032549862361435e+00
3.286468408861201624e+03	6.554861651462364769e+00
3.288091699871201399e+03	4.386824236862362447e+00
3.289714746751201346e+03	5.971438036962367413e+00
3.291338037771201471e+03	6.562666522062360563e+00
3.292961328781201701e+03	5.997061358462368652e+00
3.294584619801201370e+03	5.048201190062362009e+00
3.296207666671201423e+03	4.844027148262360249e+00
3.297830957691201547e+03	2.813883410462363788e+00
3.299454248701201323e+03	5.000628100462364500e+00
3.301077539721201447e+03	5.502039538462367041e+00
3.302700586591201500e+03	5.164938555762367933e+00
3.304323877611201624e+03	5.553839312562359964e+00
3.305947168621201399e+03	3.331308947562364953e+00
3.307570459641201523e+03	3.599997149462361712e+00
3.309193506521201471e+03	8.140574084362368623e+00
3.310816797531201701e+03	4.863909350462365389e+00
3.312440088551201370e+03	4.418772326462367062e+00
3.314063379561201600e+03	4.345446215662366996e+00
3.315686426441201547e+03	4.367197619462357849e+00
3.317309717451201323e+03	5.967737780562367256e+00
3.318933008471201447e+03	5.416990862862371081e+00
3.320556299481201677e+03	5.959696398762366343e+00
3.322179346361201624e+03	5.822039233262373159e+00
3.323802637371201399e+03	3.666308032062364664e+00
3.325425928391201523e+03	4.032091723462369437e+00
3.327049219411201648e+03	4.449053393362369491e+00
3.328672266281201701e+03	2.935110674862368096e+00
3.330295557301201370e+03	3.987032519362367466e+00
3.331918848311201600e+03	2.477785693162360747e+00
3.333542139331201724e+03	3.153582201962364273e+00
3.335165186201201323e+03	4.189539538462366153e+00
3.336788477221201447e+03	5.642801867562361018e+00
3.338411768231201677e+03	5.928541766162364723e+00
3.340034815111201624e+03	7.809771166862366165e+00
3.341658106121201399e+03	5.929602252062362133e+00
3.343281397141201523e+03	5.108263598462361443e+00
3.344904688161201648e+03	6.120493517862366950e+00
3.346527735031201701e+03	3.176489459062360687e+00
3.348151026051201370e+03	3.921400652962361288e+00
3.349774317061201600e+03	3.849466906562363011e+00
3.351397608081201724e+03	2.908457385062364065e+00
3.353020654951201323e+03	5.499933825562373535e+00
3.354643945971201447e+03	2.731432543762359000e+00
3.356267236981201677e+03	5.418284045262366178e+00
3.357890528001201346e+03	2.596953021062360811e+00
3.359513574871201399e+03	1.572985278162366773e+00
3.361136865891201523e+03	4.181002245962367248e+00
3.362760156911201648e+03	3.856104479862361156e+00
3.364383447921201423e+03	3.940733538662365643e+00
3.366006494801201370e+03	5.010573016162359394e+00
3.367629785811201600e+03	4.727205859262365806e+00
3.369253076831201724e+03	4.531687365562358849e+00
3.370876367841201500e+03	5.031797991762365641e+00
3.372499414721201447e+03	3.172613726662363742e+00
3.374122705731201677e+03	4.875341998162365797e+00
3.375745996751201346e+03	5.013807879462362393e+00
3.377369287771201471e+03	4.085753069862364306e+00
3.378992334641201523e+03	5.366732226362368685e+00
3.380615625661201648e+03	2.757280932462365275e+00
3.382238916671201423e+03	3.515478716862365793e+00
3.383862207691201547e+03	4.008494006162365508e+00
3.385485254561201600e+03	3.271280871462360462e+00
3.387108545581201724e+03	2.978876696662363432e+00
3.388731836591201500e+03	2.210493670462367444e+00
3.390355127611201624e+03	2.828726397562365769e+00
3.391978174481201677e+03	4.687441454962358200e+00
3.393601465501201346e+03	6.656633959762360497e+00
3.395224756521201471e+03	6.078959094062361679e+00
3.396847803391201523e+03	4.065256701462360844e+00
3.398471094411201648e+03	3.000273333562365696e+00
3.400094385421201423e+03	3.492609606762364205e+00
3.401717676441201547e+03	4.358214007362369635e+00
3.403340723311201600e+03	3.972136126562365810e+00
3.404964014331201724e+03	3.089575396562359355e+00
3.406587305341201500e+03	2.750177966162365095e+00
3.408210596361201624e+03	3.147024737362368985e+00
3.409833643231201677e+03	5.194227801362361951e+00
3.411456934251201346e+03	3.533117877062361689e+00
3.413080225271201471e+03	3.249323473962363984e+00
3.414703516281201701e+03	2.169279681262362924e+00
3.416326563161201648e+03	2.163351641662360603e+00
3.417949854171201423e+03	3.167875872662367698e+00
3.419573145191201547e+03	3.075983630162363980e+00
3.421196436201201323e+03	4.007700549162368731e+00
3.422819483081201724e+03	3.448343859662365229e+00
3.424442774091201500e+03	4.755606280362372651e+00
3.426066065111201624e+03	1.175612078662363613e+00
3.427689356121201399e+03	3.823256121662362172e+00
3.429312403001201346e+03	2.713732348462368993e+00
3.430935694021201471e+03	2.423212634162360768e+00
3.432558985031201701e+03	1.565744982762363735e+00
3.434182276051201370e+03	2.304991351162366975e+00
3.435805322921201423e+03	3.194136248662363453e+00
3.437428613941201547e+03	2.514052020062365500e+00
3.439051904951201323e+03	3.838038073562368702e+00
3.440675195971201447e+03	1.204340563762365424e+00
3.442298242841201500e+03	2.202490435662362245e+00
3.443921533861201624e+03	3.160997973462364996e+00
3.445544824871201399e+03	4.161047564562355916e+00
3.447167871751201346e+03	1.829870806762368574e+00
3.448791162771201471e+03	2.277884112362366320e+00
3.450414453781201701e+03	3.356886492762365837e+00
3.452037744801201370e+03	1.475538836462363168e+00
3.453660791671201423e+03	2.513147459623617519e-01
3.455284082691201547e+03	6.908289060623687972e-01
3.456907373701201323e+03	2.804983721762364546e+00
3.458530664721201447e+03	2.585928545962361991e+00
3.460153711591201500e+03	3.111914263762369348e+00
3.461777002611201624e+03	3.318594561562362877e+00
3.463400293621201399e+03	5.080820188623597078e-01
3.465023584641201523e+03	4.203425036462359543e+00
3.466646631521201471e+03	2.728144274762368315e+00
3.468269922531201701e+03	1.700487719562360445e+00
3.469893213551201370e+03	1.976881609962364283e+00
3.471516504561201600e+03	1.608885394162364646e+00
3.473139551441201547e+03	1.514223681462361304e+00
3.474762842451201323e+03	2.374559985162365994e+00
3.476386133471201447e+03	4.671385394162363980e+00
3.478009424481201677e+03	1.550016985962370031e+00
3.479632471361201624e+03	1.588049517662366350e+00
3.481255762371201399e+03	1.267962084762362940e+00
3.482879053391201523e+03	3.114817248362365287e+00
3.484502344411201648e+03	1.044005023062362314e+00
3.486125391281201701e+03	8.695894346623661564e-01
3.487748682301201370e+03	7.064043150623671163e-01
3.489371973311201600e+03	2.144850359962367392e+00
3.490995264331201724e+03	1.844168292062364101e+00
3.492618311201201323e+03	2.742857562062365862e+00
3.494241602221201447e+03	2.399191485462360607e+00
3.495864893231201677e+03	1.387137042062363212e+00
3.497488184251201346e+03	2.975331406236485579e-02
3.499111231121201399e+03	1.773394213662364605e+00
