5.008750429921227010e+02	2.480310146923891779e+01
5.022156802001226765e+02	2.334477322213892592e+01
5.035563479241226901e+02	2.242943661323891646e+01
5.048970156491226930e+02	2.343880550973891275e+01
5.062376833731227066e+02	2.446610348333891238e+01
5.075783205801226927e+02	2.334930508243891012e+01
5.089189883051226957e+02	2.199383633243891722e+01
5.102596560301226987e+02	2.302675716983890908e+01
5.116002932371226848e+02	2.424139492623892522e+01
5.129409609611226415e+02	2.390136807073892911e+01
5.142816286861226445e+02	2.584019558543891648e+01
5.156222658931227443e+02	2.398172848333890528e+01
5.169629641351226610e+02	2.363524716013890981e+01
5.183036013421226471e+02	2.376271908393891863e+01
5.196442385491226332e+02	2.271724026313891542e+01
5.209849367911226636e+02	2.284958737003891471e+01
5.223255739981226498e+02	2.367704098333891238e+01
5.236662112051226359e+02	2.354356472603891604e+01
5.250069094481226557e+02	2.303837673773891126e+01
5.263475466551226418e+02	2.279135220163891162e+01
5.276882448971226722e+02	2.331012051213892278e+01
5.290288821041226583e+02	2.074124996773891993e+01
5.303695193111226445e+02	2.105502407663890807e+01
5.317102175531226749e+02	2.306759731883891718e+01
5.330508547601226610e+02	2.294201748483891379e+01
5.343914919671226471e+02	2.134999172793891375e+01
5.357321902091226775e+02	2.260127346623891853e+01
5.370728274161226636e+02	2.374800198193891276e+01
5.384134646231226498e+02	2.072255795113892063e+01
5.397541628661226696e+02	2.182920162783891271e+01
5.410948000731226557e+02	2.301047604193891161e+01
5.424354983151226861e+02	2.410230343453892843e+01
5.437761355221226722e+02	2.340615933053890529e+01
5.451167727291226583e+02	2.143766110053890728e+01
5.464574709711226888e+02	2.075597469913890691e+01
5.477981081781226749e+02	2.180053036323890936e+01
5.491387453851226610e+02	2.142120449653890901e+01
5.504794436271226914e+02	2.189080135933892279e+01
5.518200808341226775e+02	2.127861874213891724e+01
5.531607180411226636e+02	2.217000668163891675e+01
5.545014162841226835e+02	2.250284664743891483e+01
5.558420534911226696e+02	2.101835720653891570e+01
5.571827517331227000e+02	2.020703213323891845e+01
5.585233889401226861e+02	2.241381924263892245e+01
5.598640261471226722e+02	1.968937771433891015e+01
5.612047243891227026e+02	2.163005917183892279e+01
5.625453615961226888e+02	2.231588070503892141e+01
5.638859988031226749e+02	2.127392666453891579e+01
5.652266970451227053e+02	2.008225338573892316e+01
5.665673342521226914e+02	2.068774502383891445e+01
5.679079714591226775e+02	2.191420834173891308e+01
5.692486697011227079e+02	2.147937100043890979e+01
5.705893069091226835e+02	2.081402676213891922e+01
5.719300051511227139e+02	2.043566219913891402e+01
5.732706423581227000e+02	2.158849423043891491e+01
5.746112795651226861e+02	2.162835018743892235e+01
5.759519778071227165e+02	2.187347500433890346e+01
5.772926150141227026e+02	2.090351956003891587e+01
5.786332522211226888e+02	2.048645107853890934e+01
5.799739504631227192e+02	2.141836636173891506e+01
5.813145876701227053e+02	2.113413326853891760e+01
5.826552248771226914e+02	1.969779293643890838e+01
5.839959231191227218e+02	1.846656124703891422e+01
5.853365603261227079e+02	2.134597866643892417e+01
5.866772585691227277e+02	2.045440762153890901e+01
5.880178957761227139e+02	2.101078121773891993e+01
5.893585329831227000e+02	2.184887783633891090e+01
5.906992312251227304e+02	2.159529202093890632e+01
5.920398684321227165e+02	2.092928402533891230e+01
5.933805056391227026e+02	2.071619503613890600e+01
5.947212038811227330e+02	2.135330288523891440e+01
5.960618410881227192e+02	2.062058346383891916e+01
5.974024782951227053e+02	2.076394741643891706e+01
5.987431765371227357e+02	1.985168545353890934e+01
6.000838137441227218e+02	1.973038570993891128e+01
6.014245119871227416e+02	2.014904110543891846e+01
6.027651491941227277e+02	2.053747646923891779e+01
6.041057864011227139e+02	2.162308590523891993e+01
6.054464846431227443e+02	2.378785793893890954e+01
6.067871218501227304e+02	2.170510189643891508e+01
6.081277590571227165e+02	2.170713131533890916e+01
6.094684572991226332e+02	2.055957882513891022e+01
6.108090945061227330e+02	1.974024288763891022e+01
6.121497317131227192e+02	2.058689968693891714e+01
6.134904299551226359e+02	2.043329708683891610e+01
6.148310671621227357e+02	1.989871304143892061e+01
6.161717654051226418e+02	2.126401608103891405e+01
6.175124026121227416e+02	2.144603817573891291e+01
6.188530398191227277e+02	2.000808804143892061e+01
6.201937380611226445e+02	1.944629757513890667e+01
6.215343752681227443e+02	1.895980923283891784e+01
6.228750124751227304e+02	1.771859066593891896e+01
6.242157107171226471e+02	2.029261868113891509e+01
6.255563479241226332e+02	2.152031033153891215e+01
6.268969851311227330e+02	2.022776119823891960e+01
6.282376833731226498e+02	2.070852749453890596e+01
6.295783205801226359e+02	2.146991818063890989e+01
6.309189577871227357e+02	1.922449581733891932e+01
6.322596560301226418e+02	2.016608517283891544e+01
6.336002932371227416e+02	2.129055874453890240e+01
6.349409914791226583e+02	2.097840969673891820e+01
6.362816286861226445e+02	2.094571011173891506e+01
6.376222658931227443e+02	2.006271450633891718e+01
6.389629641351226610e+02	1.942443935983890313e+01
6.403036013421226471e+02	1.976479427923891308e+01
6.416442385491226332e+02	1.845858090033891230e+01
6.429849367911226636e+02	2.131050198193890566e+01
6.443255739981226498e+02	1.913707821483891891e+01
6.456662112051226359e+02	2.202199642773890886e+01
6.470069094481226557e+02	2.057404415713891055e+01
6.483475466551226418e+02	2.201572506533890561e+01
6.496882448971226722e+02	2.263136379833892065e+01
6.510288821041226583e+02	2.070246975533892453e+01
6.523695193111226445e+02	2.033462612743892350e+01
6.537102175531226749e+02	2.314414303413891361e+01
6.550508547601226610e+02	2.144023220653891215e+01
6.563914919671226471e+02	2.154808132763891493e+01
6.577321902091226775e+02	2.142515652293891293e+01
6.590728274161226636e+02	2.067270748723892382e+01
6.604134646231226498e+02	1.944745724313890634e+01
6.617541628661226696e+02	1.996239559763890981e+01
6.630948000731226557e+02	2.067535488713891922e+01
6.644354983151226861e+02	2.024652187933891057e+01
6.657761355221226722e+02	2.035057156193891714e+01
6.671167727291226583e+02	2.185818569773890729e+01
6.684574709711226888e+02	2.168238918893890954e+01
6.697981081781226749e+02	2.159998409863890956e+01
6.711387453851226610e+02	2.113753597843891896e+01
6.724794436271226914e+02	2.238687985053891794e+01
6.738200808341226775e+02	2.093148892033891784e+01
6.751607180411226636e+02	2.030571072213891881e+01
6.765014162841226835e+02	2.050041287053892347e+01
6.778420534911226696e+02	2.039669888133891718e+01
6.791827517331227000e+02	2.287932674993891524e+01
6.805233889401226861e+02	2.059489529243891681e+01
6.818640261471226722e+02	1.851668636913891675e+01
6.832047243891227026e+02	1.937441341983890553e+01
6.845453615961226888e+02	1.947030727973891473e+01
6.858859988031226749e+02	1.982921688663890691e+01
6.872266970451227053e+02	2.091824429143892417e+01
6.885673342521226914e+02	2.246268551463892038e+01
6.899079714591226775e+02	2.283214657413891757e+01
6.912486697011227079e+02	2.177007382023891324e+01
6.925893069091226835e+02	2.200488369573891845e+01
6.939300051511227139e+02	1.890843289013891493e+01
6.952706423581227000e+02	2.273366634953891818e+01
6.966112795651226861e+02	2.270732205023890771e+01
6.979519778071227165e+02	2.177874081243891879e+01
6.992926150141227026e+02	2.120967190373891498e+01
7.006332522211226888e+02	2.092452328313891741e+01
7.019739504631227192e+02	2.107651608103891405e+01
7.033145876701227053e+02	2.121910183543892003e+01
7.046552248771226914e+02	2.052749722113891195e+01
7.059959231191227218e+02	2.030532162303891042e+01
7.073365603261227079e+02	2.264618008243890657e+01
7.086772585691227277e+02	2.050330441113891311e+01
7.100178957761227139e+02	2.013414852733891180e+01
7.113585329831227000e+02	2.276329128853891959e+01
7.126992312251227304e+02	2.205799191113891311e+01
7.140398684321227165e+02	2.050716488473890209e+01
7.153805056391227026e+02	2.029587643253891116e+01
7.167212038811227330e+02	2.016635220163890807e+01
7.180618410881227192e+02	1.921729366893891111e+01
7.194024782951227053e+02	1.922879879583891238e+01
7.207431765371227357e+02	2.345155422793891020e+01
7.220838137441227218e+02	1.979924099553891992e+01
7.234245119871227416e+02	2.234451382273891440e+01
7.247651491941227277e+02	2.175442593203890951e+01
7.261057864011227139e+02	2.190052120793891532e+01
7.274464846431227443e+02	2.229221432323892316e+01
7.287871218501227304e+02	2.190061276073891960e+01
7.301277590571227165e+02	2.133049099553891637e+01
7.314684572991226332e+02	2.114027493113890799e+01
7.328090945061227330e+02	2.111902706733891222e+01
7.341497317131227192e+02	2.207464687933891057e+01
7.354904299551226359e+02	2.174864285103891248e+01
7.368310671621227357e+02	2.103339474313890634e+01
7.381717654051226418e+02	1.893431179633891404e+01
7.395124026121227416e+02	1.867241757023892035e+01
7.408530398191227277e+02	1.830465023623891341e+01
7.421937380611226445e+02	1.902241604443890921e+01
7.435343752681227443e+02	2.006616299263891889e+01
7.448750124751227304e+02	1.891202633493890417e+01
7.462157107171226471e+02	2.014205258003891785e+01
7.475563479241226332e+02	2.423675625433890701e+01
7.488969851311227330e+02	2.234198849313891344e+01
7.502376833731226498e+02	2.087476437203892488e+01
7.515783205801226359e+02	1.988398831003891232e+01
7.529189577871227357e+02	1.826771633733892131e+01
7.542596560301226418e+02	1.771092312443891714e+01
7.556002932371227416e+02	1.770943539253892141e+01
7.569409914791226583e+02	1.751095669383891362e+01
7.582816286861226445e+02	1.771639340033891585e+01
7.596222658931227443e+02	1.853453152293890938e+01
7.609629641351226610e+02	1.874724667183891569e+01
7.623036013421226471e+02	2.046342556583891437e+01
7.636442385491226332e+02	1.929465572943891161e+01
7.649849367911226636e+02	1.944713680853891091e+01
7.663255739981226498e+02	1.973474209423892134e+01
7.676662112051226359e+02	1.961870663273890969e+01
7.690069094481226557e+02	1.894633572213892236e+01
7.703475466551226418e+02	1.847019283883892271e+01
7.716882448971226722e+02	1.861174862493892590e+01
7.730288821041226583e+02	1.864135830513891534e+01
7.743695193111226445e+02	1.815937893503891587e+01
7.757102175531226749e+02	1.873162930123891812e+01
7.770508547601226610e+02	1.891754238713892278e+01
7.783914919671226471e+02	2.019370358103890695e+01
7.797321902091226775e+02	1.931834499943891359e+01
7.810728274161226636e+02	1.948610012643890954e+01
7.824134646231226498e+02	1.912733547793891375e+01
7.837541628661226696e+02	1.778150265323891333e+01
7.850948000731226557e+02	1.683037655463891724e+01
7.864354983151226861e+02	1.744286434763890981e+01
7.877761355221226722e+02	1.873596279733890668e+01
7.891167727291226583e+02	1.857228939643890797e+01
7.904574709711226888e+02	1.942459957713891683e+01
7.917981081781226749e+02	1.912519161813890278e+01
7.931387453851226610e+02	1.837020199413891675e+01
7.944794436271226914e+02	1.651830380073891291e+01
7.958200808341226775e+02	1.760993282903891455e+01
7.971607180411226636e+02	1.831592648143891822e+01
7.985014162841226835e+02	1.839605801213891212e+01
7.998420534911226696e+02	1.822730343453891777e+01
8.011827517331227000e+02	1.810762875193891119e+01
8.025233889401226861e+02	1.892244808783890875e+01
8.038640261471226722e+02	1.822512905703890596e+01
8.052047243891227026e+02	1.825286190623891258e+01
8.065453615961226888e+02	1.994772427193891673e+01
8.078859988031226749e+02	1.909519283883891561e+01
8.092266970451227053e+02	2.039029018993891285e+01
8.105673342521226914e+02	1.988784878363891195e+01
8.119079714591226775e+02	1.947928707713891328e+01
8.132486697011227079e+02	1.901242916693890805e+01
8.145893069091226835e+02	1.989051907173891109e+01
8.159300051511227139e+02	2.173500149363890799e+01
8.172706423581227000e+02	2.104200832953890909e+01
8.186112795651226861e+02	2.026558010693890566e+01
8.199519778071227165e+02	1.930987637153891967e+01
8.212926150141227026e+02	2.111374752633892626e+01
8.226332522211226888e+02	2.162028591743891326e+01
8.239739504631227192e+02	2.062072842233890313e+01
8.253145876701227053e+02	2.110495083443892028e+01
8.266552248771226914e+02	2.178381435983891379e+01
8.279959231191227218e+02	2.112510006533890206e+01
8.293365603261227079e+02	1.984188168163892030e+01
8.306772585691227277e+02	1.979769985783891784e+01
8.320178957761227139e+02	2.133430569283891742e+01
8.333585329831227000e+02	2.219231503123891613e+01
8.346992312251227304e+02	2.011492245303890769e+01
8.360398684321227165e+02	1.913851254093891185e+01
8.373805056391227026e+02	2.291311733833891395e+01
8.387212038811227330e+02	2.004931728953891223e+01
8.400618410881227192e+02	1.915279476753892141e+01
8.414024782951227053e+02	1.999108212103891091e+01
8.427431765371227357e+02	2.074730007763892203e+01
8.440838137441227218e+02	1.999449246043891648e+01
8.454245119871227416e+02	1.987509243603892273e+01
8.467651491941227277e+02	2.139674465763891931e+01
8.481057864011227139e+02	2.138733761423891622e+01
8.494464846431227443e+02	2.040500729193890805e+01
8.507871218501227304e+02	2.120526211373892522e+01
8.521277590571227165e+02	2.044703762643890599e+01
8.534684572991226332e+02	2.237642758003891785e+01
8.548090945061227330e+02	2.006533138863892063e+01
8.561497317131227192e+02	2.057479183783891230e+01
8.574904299551226359e+02	2.158772366153891298e+01
8.588310671621227357e+02	2.220558254833892065e+01
8.601717654051226418e+02	2.315245907413890691e+01
8.615124026121227416e+02	2.461090176213892633e+01
8.628530398191227277e+02	2.658846371283891585e+01
8.641937380611226445e+02	2.821681301703890909e+01
8.655343752681227443e+02	2.604477779973891671e+01
8.668750124751227304e+02	2.518179409613890840e+01
8.682157107171226471e+02	2.560173885933892635e+01
8.695563479241226332e+02	2.470253841983890908e+01
8.708969851311227330e+02	1.967393581973891159e+01
8.722376833731226498e+02	1.983068935983891024e+01
8.735783205801226359e+02	1.886342709173890952e+01
8.749189577871227357e+02	1.992115109073890977e+01
8.762596560301226418e+02	2.058007137883892312e+01
8.776002932371227416e+02	2.043568508733891775e+01
8.789409914791226583e+02	2.108299343693892069e+01
8.802816286861226445e+02	1.965092556583891081e+01
8.816222658931227443e+02	1.992659084903890943e+01
8.829629641351226610e+02	2.101563351263891377e+01
8.843036013421226471e+02	2.207486813183892593e+01
8.856442385491226332e+02	2.000463955513891534e+01
8.869849367911226636e+02	2.167152493113891509e+01
8.883255739981226498e+02	2.111367123233890908e+01
8.896662112051226359e+02	2.003103726023891085e+01
8.910069094481226557e+02	2.016162960643891466e+01
8.923475466551226418e+02	2.058755581493891640e+01
8.936882448971226722e+02	2.024298946963890700e+01
8.950288821041226583e+02	2.053029720893890797e+01
8.963695193111226445e+02	2.151488583193891557e+01
8.977102175531226749e+02	1.960825436223892027e+01
8.990508547601226610e+02	1.924939816113891311e+01
9.003914919671226471e+02	2.080466549503891471e+01
9.017321902091226775e+02	2.058371060003891273e+01
9.030728274161226636e+02	2.103228085153891058e+01
9.044134646231226498e+02	2.109273617373890630e+01
9.057541628661226696e+02	2.113164608593892169e+01
9.070948000731226557e+02	2.150634853953891223e+01
9.084354983151226861e+02	2.072101681343891855e+01
9.097761355221226722e+02	2.124267666453891579e+01
9.111167727291226583e+02	2.182254879583890528e+01
9.124574709711226888e+02	2.186910336123890986e+01
9.137981081781226749e+02	2.352347653023891993e+01
9.151387453851226610e+02	1.952730648623891341e+01
9.164794436271226914e+02	2.146946804633891404e+01
9.178200808341226775e+02	2.139087765323890977e+01
9.191607180411226636e+02	2.266056149113892104e+01
9.205014162841226835e+02	2.194265072453892174e+01
9.218420534911226696e+02	2.161372463813891898e+01
9.231827517331227000e+02	2.213510983103891405e+01
9.245233889401226861e+02	2.129809658633891445e+01
9.258640261471226722e+02	2.188343136423890911e+01
9.272047243891227026e+02	2.164808743113890799e+01
9.285453615961226888e+02	2.072932522403890587e+01
9.298859988031226749e+02	2.157360165233892246e+01
9.312266970451227053e+02	2.182812588323892200e+01
9.325673342521226914e+02	2.127472775093892210e+01
9.339079714591226775e+02	1.907680599803891752e+01
9.352486697011227079e+02	2.073481075873890944e+01
9.365893069091226835e+02	1.995411770453891265e+01
9.379300051511227139e+02	1.663295834173891308e+01
9.392706423581227000e+02	2.010165493603891562e+01
9.406112795651226861e+02	2.107365505803891992e+01
9.419519778071227165e+02	2.027488033883891916e+01
9.432926150141227026e+02	2.051788418403891612e+01
9.446332522211226888e+02	1.944309322943890450e+01
9.459739504631227192e+02	1.826300137153891967e+01
9.473145876701227053e+02	1.903869717233890668e+01
9.486552248771226914e+02	1.969408505073891646e+01
9.499959231191227218e+02	2.036615078563891856e+01
9.513365603261227079e+02	2.033496945013891022e+01
9.526772585691227277e+02	1.790561001413890807e+01
9.540178957761227139e+02	1.702295010203890868e+01
9.553585329831227000e+02	1.739144222843891541e+01
9.566992312251227304e+02	1.883626644723890564e+01
9.580398684321227165e+02	1.671994106883891362e+01
9.593805056391227026e+02	1.723291103953891934e+01
9.607212038811227330e+02	1.697203152293891648e+01
9.620618410881227192e+02	1.653154842963890658e+01
9.634024782951227053e+02	1.693686001413890452e+01
9.647431765371227357e+02	1.670730679143891706e+01
9.660838137441227218e+02	1.624453823673891151e+01
9.674245119871227416e+02	1.690123837103891091e+01
9.687651491941227277e+02	1.610736172313891856e+01
9.701057864011227139e+02	1.543493359203890591e+01
9.714464846431227443e+02	1.495898907293890723e+01
9.727871218501227304e+02	1.601782314883890734e+01
9.741277590571227165e+02	1.479673473943890905e+01
9.754684572991226332e+02	1.332222073193890743e+01
9.768090945061227330e+02	1.465188305483891007e+01
9.781497317131227192e+02	1.384621899233890829e+01
9.794904299551226359e+02	1.439071743603890496e+01
9.808310671621227357e+02	1.535012142773891064e+01
9.821717654051226418e+02	1.468267529123891357e+01
9.835124026121227416e+02	1.443842404003890323e+01
9.848530398191227277e+02	1.479329006783890144e+01
9.861937380611226445e+02	1.349990170113890464e+01
9.875343752681227443e+02	1.295408718693890293e+01
9.888750124751227304e+02	1.265695278753890918e+01
9.902157107171226471e+02	1.375289242373890630e+01
9.915563479241226332e+02	1.346905605903891079e+01
9.928969851311227330e+02	1.104161541573891014e+01
9.942376833731226498e+02	1.412120525943890748e+01
9.955783205801226359e+02	1.492847912423890477e+01
9.969189577871227357e+02	1.406567852603891033e+01
9.982596560301226418e+02	1.365287487613890249e+01
9.996002932371227416e+02	1.402357952703891009e+01
1.000940991479122658e+03	1.227149670233890610e+01
1.002281628686122644e+03	1.189433376903891038e+01
1.003622265896122713e+03	1.332888119333890664e+01
1.004962964136122650e+03	1.372332470523890002e+01
1.006303601346122718e+03	1.504725353823891254e+01
1.007644238546122665e+03	1.489059918033890995e+01
1.008984936796122724e+03	1.347162716503890323e+01
1.010325573996122671e+03	1.254544537173891072e+01
1.011666211206122739e+03	1.028135388003891393e+01
1.013006909446122677e+03	1.274609081853890835e+01
1.014347546656122745e+03	1.370027248973890721e+01
1.015688244896122683e+03	1.431538479443890921e+01
1.017028882106122637e+03	1.268755047433890581e+01
1.018369519306122697e+03	1.213652126903891038e+01
1.019710217556122643e+03	1.319746487253889988e+01
1.021050854756122703e+03	1.311179058663890018e+01
1.022391491966122658e+03	1.334342281933890284e+01
1.023732190206122709e+03	1.377283184643891190e+01
1.025072827416122664e+03	1.260222332583891003e+01
1.026413464626122732e+03	1.225642864813890931e+01
1.027754101826122678e+03	1.339434902773890990e+01
1.029094800076122510e+03	1.358761685003891095e+01
1.030435498316122676e+03	1.523866360293891020e+01
1.031776074486122525e+03	1.320475475903891294e+01
1.033116772726122463e+03	1.354481976143890698e+01
1.034457470976122522e+03	1.235416119213890696e+01
1.035798169216122687e+03	1.256322949043890702e+01
1.037138745386122537e+03	1.337950222603890538e+01
1.038479443626122475e+03	1.346788876163890691e+01
1.039820141866122640e+03	1.272609799023891064e+01
1.041160718046122611e+03	1.235035793893890599e+01
1.042501416286122549e+03	1.341205685253890145e+01
1.043842114526122486e+03	1.425436871163890196e+01
1.045182690696122563e+03	1.355785076733890371e+01
1.046523388936122501e+03	1.240603344553890608e+01
1.047864087186122561e+03	1.228206722843890297e+01
1.049204663356122637e+03	1.364373867623890924e+01
1.050545361596122575e+03	1.389917843453890889e+01
1.051886059836122513e+03	1.438101284613891551e+01
1.053226636006122590e+03	1.380114071483891536e+01
1.054567334256122649e+03	1.447342007273890196e+01
1.055908032496122587e+03	1.302949993723890110e+01
1.057248608666122664e+03	1.512215893383890375e+01
1.058589306906122602e+03	1.330666058173890143e+01
1.059930005146122539e+03	1.416791241283890024e+01
1.061270581326122510e+03	1.461242764103891290e+01
1.062611279566122676e+03	1.273001568423891250e+01
1.063951977806122613e+03	1.535610668773890630e+01
1.065292553976122463e+03	1.678135769473890804e+01
1.066633252226122522e+03	1.535764019603890596e+01
1.067973950466122687e+03	1.587351315133891916e+01
1.069314648706122625e+03	1.612825863473891275e+01
1.070655224876122475e+03	1.662672512643890954e+01
1.071995923116122640e+03	1.690053646673890952e+01
1.073336621366122472e+03	1.865684597603891248e+01
1.074677197536122549e+03	1.988325588813891898e+01
1.076017895776122486e+03	1.928308956733891577e+01
1.077358594016122652e+03	2.028775875683891883e+01
1.078699170186122501e+03	1.857422726263891377e+01
1.080039868436122561e+03	2.057932369823892316e+01
1.081380566676122498e+03	1.806520931833891552e+01
1.082721142846122575e+03	1.788550655953892488e+01
1.084061841086122513e+03	1.812222378363890840e+01
1.085402539326122678e+03	1.829445736523891242e+01
1.086743115506122649e+03	1.620932858103891760e+01
1.088083813746122587e+03	1.516845028513890092e+01
1.089424511986122525e+03	1.577181332223891275e+01
1.090765088156122602e+03	1.554339687933891412e+01
1.092105786396122539e+03	1.620755856143890838e+01
1.093446484646122599e+03	1.713716213813891542e+01
1.094787060816122676e+03	1.539070599193891553e+01
1.096127759056122613e+03	1.584846584903890943e+01
1.097468457296122551e+03	1.680616848583892065e+01
1.098809155546122611e+03	1.672287075633891007e+01
1.100149731716122687e+03	1.533617107983891081e+01
1.101490429956122625e+03	1.573263638133891718e+01
1.102831128196122563e+03	1.416973202343890570e+01
1.104171704366122640e+03	1.397755901923891031e+01
1.105512402616122472e+03	1.315993588083890486e+01
1.106853100856122637e+03	1.424767010323890482e+01
1.108193677026122486e+03	1.386636822333890251e+01
1.109534375266122652e+03	1.384055798163890572e+01
1.110875073506122590e+03	1.347824947943891516e+01
1.112215649686122561e+03	1.332428066843890768e+01
1.113556347926122498e+03	1.430163662543890446e+01
1.114897046166122664e+03	1.428720562563890439e+01
1.116237622336122513e+03	1.330164044013890035e+01
1.117578320576122678e+03	1.358710949533891466e+01
1.118919018826122510e+03	1.377524654973890783e+01
1.120259594996122587e+03	1.454015057193890570e+01
1.121600293236122525e+03	1.060155575383891069e+01
1.122940991476122463e+03	1.331471340763891220e+01
1.124281567646122539e+03	1.284539883243890834e+01
1.125622265896122599e+03	1.169921200383890181e+01
1.126962964136122537e+03	1.179702847113890662e+01
1.128303662376122475e+03	1.291492169013890745e+01
1.129644238546122551e+03	1.234961788763890844e+01
1.130984936796122611e+03	1.221550076113890881e+01
1.132325635036122549e+03	1.202728741283890024e+01
1.133666211206122625e+03	1.211472408883890317e+01
1.135006909446122563e+03	1.164286511053890472e+01
1.136347607686122501e+03	1.106029598823890936e+01
1.137688183866122472e+03	1.120052044503890976e+01
1.139028882106122637e+03	1.048771374333890805e+01
1.140369580346122575e+03	9.859635282638903320e+00
1.141710156516122652e+03	1.206744473093890058e+01
1.143050854756122590e+03	1.351319973583890288e+01
1.144391553006122649e+03	1.166816418283891110e+01
1.145732129176122498e+03	1.310426037423890477e+01
1.147072827416122664e+03	1.351866238223890448e+01
1.148413525656122602e+03	1.162801067943890843e+01
1.149754101826122678e+03	1.250672619453890277e+01
1.151094800076122510e+03	1.307266323673891151e+01
1.152435498316122676e+03	1.161885159123891320e+01
1.153776074486122525e+03	1.259813397043891392e+01
1.155116772726122463e+03	1.134409802073890638e+01
1.156457470976122522e+03	1.132920162783891271e+01
1.157798169216122687e+03	1.195726101513890249e+01
1.159138745386122537e+03	1.246062939273890890e+01
1.160479443626122475e+03	1.046128552073890994e+01
1.161820141866122640e+03	1.064436047183890643e+01
1.163160718046122611e+03	1.119776623363890344e+01
1.164501416286122549e+03	1.179061215033890875e+01
1.165842114526122486e+03	1.234544842353891170e+01
1.167182690696122563e+03	1.268631832713890972e+01
1.168523388936122501e+03	1.262059490793891392e+01
1.169864087186122561e+03	1.152486889473891374e+01
1.171204663356122637e+03	1.161312573063890419e+01
1.172545361596122575e+03	1.169113628973891217e+01
1.173886059836122513e+03	1.212373440373890432e+01
1.175226636006122590e+03	1.127510540593890198e+01
1.176567334256122649e+03	1.255280392283890478e+01
1.177908032496122587e+03	1.378319637883890536e+01
1.179248608666122664e+03	1.203370373363889811e+01
1.180589306906122602e+03	1.268199627513891237e+01
1.181930005146122539e+03	1.473642819033890383e+01
1.183270581326122510e+03	1.281911175363890898e+01
1.184611279566122676e+03	1.131683437933890879e+01
1.185951977806122613e+03	1.109653561223890428e+01
1.187292553976122463e+03	1.360647289863890919e+01
1.188633252226122522e+03	1.198860256783890321e+01
1.189973950466122687e+03	1.035862057323890717e+01
1.191314648706122625e+03	1.152717297183891354e+01
1.192655224876122475e+03	1.285787670723890663e+01
1.193995923116122640e+03	1.282682507153890938e+01
1.195336621366122472e+03	1.240009777653890666e+01
1.196677197536122549e+03	1.272572414983890887e+01
1.198017895776122486e+03	1.345360272043891392e+01
1.199358594016122652e+03	1.359002773873891101e+01
1.200699170186122501e+03	1.284863751043891078e+01
1.202039868436122561e+03	1.138563625923891465e+01
1.203380566676122498e+03	1.206928722973890622e+01
1.204721142846122575e+03	1.398596279733891024e+01
1.206061841086122513e+03	1.178890316593890830e+01
1.207402539326122678e+03	1.248460476513890427e+01
1.208743115506122649e+03	1.242981426823890700e+01
1.210083813746122587e+03	1.088626949893890838e+01
1.211424511986122525e+03	1.092681210153890881e+01
1.212765088156122602e+03	1.174720852483890354e+01
1.214105786396122539e+03	1.163203137033891288e+01
1.215446484646122599e+03	1.246302120793891532e+01
1.216787060816122676e+03	1.215951626413891340e+01
1.218127759056122613e+03	1.130421154613890522e+01
1.219468457296122551e+03	1.302265255563891166e+01
1.220809155546122611e+03	1.233125393503889811e+01
1.222149731716122687e+03	1.173713390933891176e+01
1.223490429956122625e+03	1.235606091133891304e+01
1.224831128196122563e+03	1.288291256533890561e+01
1.226171704366122640e+03	1.344487850773890614e+01
1.227512402616122472e+03	1.334342281933890284e+01
1.228853100856122637e+03	1.266495602243891128e+01
1.230193677026122486e+03	1.308335201853891050e+01
1.231534375266122652e+03	1.366322796453890653e+01
1.232875073506122590e+03	1.290919582953889844e+01
1.234215649686122561e+03	1.256997387523891518e+01
1.235556347926122498e+03	1.288392727483890887e+01
1.236897046166122664e+03	1.191837399113890683e+01
1.238237622336122513e+03	1.301704495063890299e+01
1.239578320576122678e+03	1.433988659493890339e+01
1.240919018826122510e+03	1.322656338323890779e+01
1.242259594996122587e+03	1.391463558783890164e+01
1.243600293236122525e+03	1.558194058053891240e+01
1.244940991476122463e+03	1.267870800603889947e+01
1.246281567646122539e+03	1.514937679873890808e+01
1.247622265896122599e+03	1.483760540593890731e+01
1.248962964136122537e+03	1.392394344913890869e+01
1.250303662376122475e+03	1.502668087593891144e+01
1.251644238546122551e+03	1.364291851633890040e+01
1.252984936796122611e+03	1.512876217473890073e+01
1.254325635036122549e+03	1.577493374453890596e+01
1.255666211206122625e+03	1.533784573193890921e+01
1.257006909446122563e+03	1.471039669623890589e+01
1.258347607686122501e+03	1.481837551703890909e+01
1.259688183866122472e+03	1.559108822453891641e+01
1.261028882106122637e+03	1.591353695503891252e+01
1.262369580346122575e+03	1.605780880563890634e+01
1.263710156516122652e+03	1.724186794863890171e+01
1.265050854756122590e+03	1.768583004583890883e+01
1.266391553006122649e+03	1.655274288763891022e+01
1.267732129176122498e+03	1.671173946963891055e+01
1.269072827416122664e+03	1.750637905703891306e+01
1.270413525656122602e+03	1.678419582953891265e+01
1.271754101826122678e+03	1.564419643993892173e+01
1.273094800076122510e+03	1.583972256293890979e+01
1.274435498316122676e+03	1.633660976993891367e+01
1.275776074486122525e+03	1.669258206003890876e+01
1.277116772726122463e+03	1.749771206493891995e+01
1.278457470976122522e+03	1.634057705513891534e+01
1.279798169216122687e+03	1.571973507513890844e+01
1.281138745386122537e+03	1.798641293163892030e+01
1.282479443626122475e+03	1.832999508493890772e+01
1.283820141866122640e+03	1.774081509223890762e+01
1.285160718046122611e+03	1.754395382513891022e+01
1.286501416286122549e+03	1.842343227973891473e+01
1.287842114526122486e+03	1.780962460153890703e+01
1.289182690696122563e+03	2.030241482363890171e+01
1.290523388936122501e+03	1.706545345893891508e+01
1.291864087186122561e+03	1.724043362253890876e+01
1.293204663356122637e+03	1.821345608343890987e+01
1.294545361596122575e+03	2.127037136663892269e+01
1.295886059836122513e+03	2.228722469913891402e+01
1.297226636006122590e+03	2.219863979923891151e+01
1.298567334256122649e+03	2.313095181103891562e+01
1.299908032496122587e+03	2.441285030953892132e+01
1.301248608666122664e+03	2.428525631533890916e+01
1.302589306906122602e+03	2.304570095653891570e+01
1.303930005146122539e+03	2.319264309513891575e+01
1.305270581326122510e+03	2.325939266793892557e+01
1.306611279566122676e+03	2.390522854443890921e+01
1.307951977806122613e+03	2.615123837103891802e+01
1.309292553976122463e+03	2.488695614443891913e+01
1.310633252226122522e+03	2.423369686713891369e+01
1.311973950466122687e+03	2.691285793893891309e+01
1.313314648706122625e+03	2.631025021183891610e+01
1.314655224876122475e+03	2.680020229923891506e+01
1.315995923116122640e+03	2.818001644723890919e+01
1.317336621366122472e+03	2.929510586373892878e+01
1.318677197536122549e+03	3.075261776553891480e+01
1.320017895776122486e+03	3.172231381053891752e+01
1.321358594016122652e+03	3.151749508493891838e+01
1.322699170186122501e+03	3.119816677683891371e+01
1.324039868436122561e+03	3.144219296093892524e+01
1.325380566676122498e+03	3.586321346873891258e+01
1.326721142846122575e+03	3.950762264843892524e+01
1.328061841086122513e+03	4.338298122993891326e+01
1.329402539326122678e+03	4.411882870303891480e+01
1.330743115506122649e+03	4.406022732363890526e+01
1.332083813746122587e+03	4.624527828803891794e+01
1.333424511986122525e+03	5.060803310983891379e+01
1.334765088156122602e+03	5.360079281483891833e+01
1.336105786396122539e+03	5.636933987283892122e+01
1.337446484646122599e+03	5.475963680883892692e+01
1.338787060816122676e+03	5.389852230683890610e+01
1.340127759056122613e+03	5.541362087883891974e+01
1.341468457296122551e+03	5.329974453583893279e+01
1.342809155546122611e+03	5.082060330023890771e+01
1.344149731716122687e+03	5.006439297313891501e+01
1.345490429956122625e+03	4.686866848583891709e+01
1.346831128196122563e+03	4.443260281193891359e+01
1.348171704366122640e+03	4.146601956003891587e+01
1.349512402616122472e+03	3.784768002143891863e+01
1.350853100856122637e+03	3.491565029733891379e+01
1.352193677026122486e+03	3.232273953073890738e+01
1.353534375266122652e+03	3.117849056833891552e+01
1.354875073506122590e+03	2.993684475533892098e+01
1.356215649686122561e+03	2.926363461123891696e+01
1.357556347926122498e+03	2.968452541943891276e+01
1.358897046166122664e+03	2.737310116403891769e+01
1.360237622336122513e+03	2.646579830753891471e+01
1.361578320576122678e+03	2.840859310733890908e+01
1.362919018826122510e+03	2.810995571723892184e+01
1.364259594996122587e+03	2.709009640323891688e+01
1.365600293236122525e+03	2.631064694033890561e+01
1.366940991476122463e+03	2.611833279243892036e+01
1.368281567646122539e+03	2.475956814403892281e+01
1.369622265896122599e+03	2.414493649113892104e+01
1.370962964136122537e+03	2.615710537543891334e+01
1.372303662376122475e+03	2.517008297553891438e+01
1.373644238546122551e+03	2.529049008003891785e+01
1.374984936796122611e+03	2.281910030953892488e+01
1.376325635036122549e+03	2.193422024363891509e+01
1.377666211206122625e+03	2.305902187933891412e+01
1.379006909446122563e+03	2.453033535593891301e+01
1.380347607686122501e+03	2.177407162303891752e+01
1.381688183866122472e+03	2.188121883983891891e+01
1.383028882106122637e+03	2.277982418643891194e+01
1.384369580346122575e+03	2.277874844183891057e+01
1.385710156516122652e+03	2.100624935733890908e+01
1.387050854756122590e+03	2.263998501413891162e+01
1.388391553006122649e+03	2.279959957713891683e+01
1.389732129176122498e+03	2.078546230903891257e+01
1.391072827416122664e+03	2.050841610543892557e+01
1.392413525656122602e+03	2.153865902533891585e+01
1.393754101826122678e+03	2.066494839303891240e+01
1.395094800076122510e+03	2.192172329533892139e+01
1.396435498316122676e+03	2.103030483833891751e+01
1.397776074486122525e+03	2.076548092473891671e+01
1.399116772726122463e+03	2.188652126903891926e+01
1.400457470976122522e+03	2.070742886173891506e+01
1.401798169216122687e+03	1.905190365423891308e+01
1.403138745386122537e+03	2.265744106883891718e+01
1.404479443626122475e+03	2.267469112983891932e+01
1.405820141866122640e+03	2.330801479923891151e+01
1.407160718046122611e+03	2.092885677923890597e+01
1.408501416286122549e+03	2.193904965033890875e+01
1.409842114526122486e+03	2.296692745793891888e+01
1.411182690696122563e+03	2.278542416203891818e+01
1.412523388936122501e+03	2.279036038033892098e+01
1.413864087186122561e+03	2.276642696963890700e+01
1.415204663356122637e+03	2.250019924753890521e+01
1.416545361596122575e+03	2.275910275093891855e+01
1.417886059836122513e+03	2.519118588083891552e+01
1.419226636006122590e+03	2.588852017033891428e+01
1.420567334256122649e+03	2.515191738713891567e+01
1.421908032496122587e+03	2.602967159863891666e+01
1.423248608666122664e+03	2.608243649113892104e+01
1.424589306906122602e+03	2.627484982123891299e+01
1.425930005146122539e+03	2.600018398873891812e+01
1.427270581326122510e+03	2.729336636173891151e+01
1.428611279566122676e+03	3.048949520693892978e+01
1.429951977806122613e+03	2.861054318063891344e+01
1.431292553976122463e+03	2.818608944523892035e+01
1.432633252226122522e+03	2.913556759463891765e+01
1.433973950466122687e+03	2.819539730663892030e+01
1.435314648706122625e+03	2.847947018253891116e+01
1.436655224876122475e+03	2.845707028023892349e+01
1.437995923116122640e+03	2.888929073923890911e+01
1.439336621366122472e+03	2.883413021673890952e+01
1.440677197536122549e+03	3.106327145213892038e+01
1.442017895776122486e+03	3.236436550723890804e+01
1.443358594016122652e+03	3.037841122263890981e+01
1.444699170186122501e+03	3.099578182803891124e+01
1.446039868436122561e+03	3.023734371773891993e+01
1.447380566676122498e+03	3.012995998973892142e+01
1.448721142846122575e+03	3.150558560003891273e+01
1.450061841086122513e+03	3.092807095163891518e+01
1.451402539326122678e+03	3.023841946233892131e+01
1.452743115506122649e+03	3.314943020453891620e+01
1.454083813746122587e+03	3.302126400583891552e+01
1.455424511986122525e+03	3.506547634713892592e+01
1.456765088156122602e+03	3.359726040473891828e+01
1.458105786396122539e+03	3.288705532663890807e+01
1.459446484646122599e+03	3.313692562693891830e+01
1.460787060816122676e+03	3.223916714303891240e+01
1.462127759056122613e+03	3.685584347363891311e+01
1.463468457296122551e+03	3.590908901803890529e+01
1.464809155546122611e+03	3.267934506053892108e+01
1.466149731716122687e+03	3.783814327823891688e+01
1.467490429956122625e+03	3.902649014103892000e+01
1.468831128196122563e+03	3.721227352733892246e+01
1.470171704366122640e+03	3.790228359813892212e+01
1.471512402616122472e+03	3.845807736033891899e+01
1.472853100856122637e+03	3.775973599063891584e+01
1.474193677026122486e+03	3.721100704783891899e+01
1.475534375266122652e+03	3.679362576113891237e+01
1.476875073506122590e+03	3.668958370793892243e+01
1.478215649686122561e+03	3.862970821963891410e+01
1.479556347926122498e+03	4.011976711863891154e+01
1.480897046166122664e+03	4.038833706493891640e+01
1.482237622336122513e+03	3.976477902043892243e+01
1.483578320576122678e+03	4.048987667673890911e+01
1.484919018826122510e+03	4.270348446483892246e+01
1.486259594996122587e+03	4.426284878363891551e+01
1.487600293236122525e+03	4.452967159863891311e+01
1.488940991476122463e+03	4.781545345893890442e+01
1.490281567646122539e+03	4.698983852973891828e+01
1.491622265896122599e+03	4.757149593943891830e+01
1.492962964136122537e+03	4.869043057073891845e+01
1.494303662376122475e+03	5.081921475043891689e+01
1.495644238546122551e+03	5.468057339283890883e+01
1.496984936796122611e+03	5.698367397883892238e+01
1.498325635036122549e+03	5.664335720683892106e+01
1.499666211206122625e+03	5.697800533883892626e+01
1.501006909446122563e+03	5.857841579983891478e+01
1.502347607686122501e+03	6.137888424483890759e+01
1.503688183866122472e+03	6.346682064683892577e+01
1.505028882106122637e+03	6.523501675283890222e+01
1.506369580346122575e+03	6.830030148183891470e+01
1.507710156516122652e+03	7.035587399083890148e+01
1.509050854756122590e+03	7.399582760483892230e+01
1.510391553006122649e+03	7.742082302683891726e+01
1.511732129176122498e+03	7.956943600283891271e+01
1.513072827416122664e+03	8.140850155483892081e+01
1.514413525656122602e+03	8.813326351783889834e+01
1.515754101826122678e+03	9.093650143283890941e+01
1.517094800076122510e+03	9.390682308783891585e+01
1.518435498316122676e+03	1.006785210858388950e+02
1.519776074486122525e+03	1.093076562178388826e+02
1.521116772726122463e+03	1.118339776288388947e+02
1.522457470976122522e+03	1.225642480148388955e+02
1.523798169216122687e+03	1.238518304118389324e+02
1.525138745386122537e+03	1.306778802168389007e+02
1.526479443626122475e+03	1.402470330488388868e+02
1.527820141866122640e+03	1.508061150798389178e+02
1.529160718046122611e+03	1.554902428878389173e+02
1.530501416286122549e+03	1.647611932048388894e+02
1.531842114526122486e+03	1.746097344648389083e+02
1.533182690696122563e+03	1.835468682538389089e+02
1.534523388936122501e+03	1.978943871748389256e+02
1.535864087186122561e+03	2.105748986498389002e+02
1.537204663356122637e+03	2.227773827798389163e+02
1.538545361596122575e+03	2.404057702318389431e+02
1.539886059836122513e+03	2.612254418618388740e+02
1.541226636006122590e+03	2.904496545088389325e+02
1.542567334256122649e+03	3.092573327318389715e+02
1.543908032496122587e+03	3.267088708178389425e+02
1.545248608666122664e+03	3.471417931808389312e+02
1.546589306906122602e+03	3.766939782388389517e+02
1.547930005146122539e+03	3.982372826828388952e+02
1.549270581326122510e+03	4.182277001628389144e+02
1.550611279566122676e+03	4.397941979658389755e+02
1.551951977806122613e+03	4.707176598798388341e+02
1.553292553976122463e+03	5.098592004068389656e+02
1.554633252226122522e+03	5.538710412278389867e+02
1.555973950466122687e+03	5.962112511888389008e+02
1.557314648706122625e+03	6.807070397628390310e+02
1.558655224876122475e+03	7.449487389818389147e+02
1.559995923116122640e+03	8.483058556808390449e+02
1.561336621366122472e+03	9.373229455248390423e+02
1.562677197536122549e+03	1.034122689174839024e+03
1.564017895776122486e+03	1.115789437224839048e+03
1.565358594016122652e+03	1.217720711634838835e+03
1.566699170186122501e+03	1.290859505584838871e+03
1.568039868436122561e+03	1.362769905974839048e+03
1.569380566676122498e+03	1.439574105194838921e+03
1.570721142846122575e+03	1.509616951874839287e+03
1.572061841086122513e+03	1.589524788784838847e+03
1.573402539326122678e+03	1.637691536834838644e+03
1.574743115506122649e+03	1.690471199914838735e+03
1.576083813746122587e+03	1.734971444054838685e+03
1.577424511986122525e+03	1.776944832734838883e+03
1.578765088156122602e+03	1.824251229214838986e+03
1.580105786396122539e+03	1.813409432344838933e+03
1.581446484646122599e+03	1.794644417694838694e+03
1.582787060816122676e+03	1.766484383514839010e+03
1.584127759056122613e+03	1.775147591524838617e+03
1.585468457296122551e+03	1.827416634484838823e+03
1.586809155546122611e+03	2.004363411834838644e+03
1.588149731716122687e+03	2.280588509484838596e+03
1.589490429956122625e+03	2.702420784884838667e+03
1.590831128196122563e+03	3.220131722384838213e+03
1.592171704366122640e+03	3.770572640344838419e+03
1.593512402616122472e+03	4.234255257534838165e+03
1.594853100856122637e+03	4.498535530974837457e+03
1.596193677026122486e+03	4.529140999724838366e+03
1.597534375266122652e+03	4.411586312224838366e+03
1.598875073506122590e+03	4.138599984094838874e+03
1.600215649686122561e+03	3.780892708704838242e+03
1.601556347926122498e+03	3.419506234094838419e+03
1.602897046166122664e+03	3.055418831754837811e+03
1.604237622336122513e+03	2.700202767304838289e+03
1.605578320576122678e+03	2.388697152064838065e+03
1.606919018826122510e+03	2.105856575894838443e+03
1.608259594996122587e+03	1.847585335664838794e+03
1.609600293236122525e+03	1.638037850304838685e+03
1.610940991476122463e+03	1.441656990934838859e+03
1.612281567646122539e+03	1.268337654994838886e+03
1.613622265896122599e+03	1.125149788784838847e+03
1.614962964136122537e+03	9.931313561648390760e+02
1.616303662376122475e+03	8.816648034348389729e+02
1.617644238546122551e+03	7.905920495278389808e+02
1.618984936796122611e+03	6.890544518718389781e+02
1.620325635036122549e+03	6.131057824388387871e+02
1.621666211206122625e+03	5.451126794108389504e+02
1.623006909446122563e+03	4.872326134928389934e+02
1.624347607686122501e+03	4.384234093918389021e+02
1.625688183866122472e+03	3.810775841958389947e+02
1.627028882106122637e+03	3.608809899578388922e+02
1.628369580346122575e+03	3.164148034348389160e+02
1.629710156516122652e+03	2.826957177408389725e+02
1.631050854756122590e+03	2.567419518718389213e+02
1.632391553006122649e+03	2.390281152018389434e+02
1.633732129176122498e+03	2.150956200848389699e+02
1.635072827416122664e+03	1.928757409348389160e+02
1.636413525656122602e+03	1.812173852218389243e+02
1.637754101826122678e+03	1.644274987468388929e+02
1.639094800076122510e+03	1.527402734048388879e+02
1.640435498316122676e+03	1.393498620278389240e+02
1.641776074486122525e+03	1.278930749188389058e+02
1.643116772726122463e+03	1.168989953288388932e+02
1.644457470976122522e+03	1.122180718668389119e+02
1.645798169216122687e+03	1.048432244548389036e+02
1.647138745386122537e+03	9.496228878583890776e+01
1.648479443626122475e+03	9.092810909883891668e+01
1.649820141866122640e+03	8.593157284383892147e+01
1.651160718046122611e+03	7.905879299783892122e+01
1.652501416286122549e+03	7.378509609783890255e+01
1.653842114526122486e+03	7.022326748483891379e+01
1.655182690696122563e+03	6.874800961083892048e+01
1.656523388936122501e+03	6.655519192283891527e+01
1.657864087186122561e+03	6.435923855383892089e+01
1.659204663356122637e+03	5.961431210183892659e+01
1.660545361596122575e+03	5.643322079283891668e+01
1.661886059836122513e+03	5.690211575183891313e+01
1.663226636006122590e+03	5.406861202783890974e+01
1.664567334256122649e+03	4.729184811223893092e+01
1.665908032496122587e+03	4.861355679143893127e+01
1.667248608666122664e+03	4.910904781933892593e+01
1.668589306906122602e+03	4.881369106883891362e+01
1.669930005146122539e+03	4.571452419863891237e+01
1.671270581326122510e+03	4.139056484813892212e+01
1.672611279566122676e+03	3.906963436713891724e+01
1.673951977806122613e+03	3.912673275583891552e+01
1.675292553976122463e+03	3.783092587103891447e+01
1.676633252226122522e+03	3.607502834903891653e+01
1.677973950466122687e+03	3.457421963323892555e+01
1.679314648706122625e+03	3.613083737003891116e+01
1.680655224876122475e+03	3.657129757513890667e+01
1.681995923116122640e+03	3.448304073923891622e+01
1.683336621366122472e+03	3.253833859073891688e+01
1.684677197536122549e+03	3.358199398623890630e+01
1.686017895776122486e+03	3.331651394473891514e+01
1.687358594016122652e+03	3.304348843203891306e+01
1.688699170186122501e+03	3.193581478703891818e+01
1.690039868436122561e+03	3.087810604683891569e+01
1.691380566676122498e+03	3.125166409123892564e+01
1.692721142846122575e+03	2.965322201363892063e+01
1.694061841086122513e+03	2.787894528023891638e+01
1.695402539326122678e+03	3.133729641543891020e+01
1.696743115506122649e+03	3.040944759953892174e+01
1.698083813746122587e+03	2.828765194523891324e+01
1.699424511986122525e+03	2.776251309023892944e+01
1.700765088156122602e+03	2.706419460883891759e+01
1.702105786396122539e+03	2.587765591253890918e+01
1.703446484646122599e+03	2.818514340033890875e+01
1.704787060816122676e+03	2.611269466983891974e+01
1.706127759056122613e+03	2.735263912783890561e+01
1.707468457296122551e+03	2.859431545843890632e+01
1.708809155546122611e+03	2.833305447213892236e+01
1.710149731716122687e+03	2.928365414253892141e+01
1.711490429956122625e+03	3.021388332953891265e+01
1.712831128196122563e+03	3.168590633983891536e+01
1.714171704366122640e+03	2.955939571963891410e+01
1.715512402616122472e+03	3.104209225283891271e+01
1.716853100856122637e+03	2.912846462833891437e+01
1.718193677026122486e+03	3.337709896673891308e+01
1.719534375266122652e+03	3.399591152773892588e+01
1.720875073506122590e+03	3.163955013863892063e+01
1.722215649686122561e+03	3.286285488713891567e+01
1.723556347926122498e+03	3.383779995553890529e+01
1.724897046166122664e+03	3.397004025093892210e+01
1.726237622336122513e+03	3.557324307073892555e+01
1.727578320576122678e+03	3.256417935003890562e+01
1.728919018826122510e+03	3.188707821483892246e+01
1.730259594996122587e+03	3.043926327343891813e+01
1.731600293236122525e+03	3.590030758493890772e+01
1.732940991476122463e+03	3.477279751413891518e+01
1.734281567646122539e+03	3.629597561473892142e+01
1.735622265896122599e+03	3.690389340033891585e+01
1.736962964136122537e+03	3.904742519963892278e+01
1.738303662376122475e+03	3.896051113713892278e+01
1.739644238546122551e+03	3.781459896673891308e+01
1.740984936796122611e+03	4.193330471623892208e+01
1.742325635036122549e+03	4.505062191593891185e+01
1.743666211206122625e+03	4.538531582463892278e+01
1.745006909446122563e+03	4.463324825873890944e+01
1.746347607686122501e+03	4.625514309513891931e+01
1.747688183866122472e+03	5.045664303413890650e+01
1.749028882106122637e+03	5.136345760933891569e+01
1.750369580346122575e+03	5.345810024883891032e+01
1.751710156516122652e+03	5.695333950583893312e+01
1.753050854756122590e+03	5.923679440083891024e+01
1.754391553006122649e+03	5.787317745783892065e+01
1.755732129176122498e+03	5.964250271383892965e+01
1.757072827416122664e+03	6.025925533883891916e+01
1.758413525656122602e+03	5.883551876683891635e+01
1.759754101826122678e+03	5.986987392983892420e+01
1.761094800076122510e+03	5.810507290483891296e+01
1.762435498316122676e+03	5.440089504783890817e+01
1.763776074486122525e+03	5.194699947983891519e+01
1.765116772726122463e+03	5.148090450883892544e+01
1.766457470976122522e+03	5.119086544623890944e+01
1.767798169216122687e+03	5.106470577823890267e+01
1.769138745386122537e+03	4.908895199413891675e+01
1.770479443626122475e+03	3.756743710153890703e+01
1.771820141866122640e+03	4.744957058543891293e+01
1.773160718046122611e+03	4.546851437203892488e+01
1.774501416286122549e+03	4.451525967233891379e+01
1.775842114526122486e+03	4.161340420353891290e+01
1.777182690696122563e+03	4.225700466743892036e+01
1.778523388936122501e+03	3.916005032173891465e+01
1.779864087186122561e+03	3.972644131293891689e+01
1.781204663356122637e+03	3.697728054633891048e+01
1.782545361596122575e+03	3.856412594433891883e+01
1.783886059836122513e+03	3.597607510203891223e+01
1.785226636006122590e+03	3.439892666453891223e+01
1.786567334256122649e+03	3.533039181343892210e+01
1.787908032496122587e+03	3.246203701603892000e+01
1.789248608666122664e+03	3.203791134463890700e+01
1.790589306906122602e+03	3.009797756783892453e+01
1.791930005146122539e+03	3.208925716983891618e+01
1.793270581326122510e+03	3.122913448923891622e+01
1.794611279566122676e+03	2.872206204043891020e+01
1.795951977806122613e+03	2.751412289253891430e+01
1.797292553976122463e+03	2.873400967233891379e+01
1.798633252226122522e+03	2.805100338573891960e+01
1.799973950466122687e+03	2.526916592233890668e+01
1.801314648706122625e+03	2.492128079043891375e+01
1.802655224876122475e+03	2.486811916943890566e+01
1.803995923116122640e+03	2.485193722363891311e+01
1.805336621366122472e+03	2.428581326113891237e+01
1.806677197536122549e+03	2.380649654973892737e+01
1.808017895776122486e+03	2.381045620553891240e+01
1.809358594016122652e+03	2.243123715033890875e+01
1.810699170186122501e+03	2.158686154003892099e+01
1.812039868436122561e+03	2.217392056103892273e+01
1.813380566676122498e+03	2.342688839543891532e+01
1.814721142846122575e+03	2.260904018993892350e+01
1.816061841086122513e+03	2.120188229193891161e+01
1.817402539326122678e+03	2.163592617623892167e+01
1.818743115506122649e+03	1.907292263613890171e+01
1.820083813746122587e+03	1.732885067573891646e+01
1.821424511986122525e+03	1.544578259103890616e+01
1.822765088156122602e+03	1.576335232363891059e+01
1.824105786396122539e+03	1.764752285593890946e+01
1.825446484646122599e+03	1.623207943553891752e+01
1.826787060816122676e+03	1.577603237743891818e+01
1.828127759056122613e+03	1.538441937083890565e+01
1.829468457296122551e+03	1.358229534733890631e+01
1.830809155546122611e+03	1.658129208193892623e+01
1.832149731716122687e+03	1.423353283513890233e+01
1.833490429956122625e+03	1.255030911083890643e+01
1.834831128196122563e+03	1.447784893623890845e+01
1.836171704366122640e+03	1.266157620063890832e+01
1.837512402616122472e+03	1.311952679263890964e+01
1.838853100856122637e+03	1.361573879833890288e+01
1.840193677026122486e+03	1.284792416203891108e+01
1.841534375266122652e+03	1.253264324773891047e+01
1.842875073506122590e+03	1.178702633493891305e+01
1.844215649686122561e+03	1.019125073063890774e+01
1.845556347926122498e+03	9.997521330038914300e+00
1.846897046166122664e+03	1.085782711613890861e+01
1.848237622336122513e+03	1.086710445993891305e+01
1.849578320576122678e+03	9.934086729238913449e+00
1.850919018826122510e+03	1.110777752513891059e+01
1.852259594996122587e+03	1.291428463573890184e+01
1.853600293236122525e+03	1.139205258003891252e+01
1.854940991476122463e+03	1.093743603343891202e+01
1.856281567646122539e+03	1.030207913033890677e+01
1.857622265896122599e+03	9.649155546338910483e+00
1.858962964136122537e+03	1.057930081003890521e+01
1.860303662376122475e+03	1.179016583073891056e+01
1.861644238546122551e+03	1.194646542183890503e+01
1.862984936796122611e+03	1.035160534493891049e+01
1.864325635036122549e+03	8.776860166738908120e+00
1.865666211206122625e+03	1.249089138613891237e+01
1.867006909446122563e+03	1.010412304513891257e+01
1.868347607686122501e+03	9.912831236038902816e+00
1.869688183866122472e+03	8.386712003838903584e+00
1.871028882106122637e+03	8.772534300038914878e+00
1.872369580346122575e+03	9.080731321538907608e+00
1.873710156516122652e+03	9.673272062438904584e+00
1.875050854756122590e+03	9.882607389638907947e+00
1.876391553006122649e+03	1.033285229313891307e+01
1.877732129176122498e+03	1.095971005073890936e+01
1.879072827416122664e+03	1.037306683173890320e+01
1.880413525656122602e+03	1.083925716983890553e+01
1.881754101826122678e+03	9.953583646938904295e+00
1.883094800076122510e+03	9.480709959138911458e+00
1.884435498316122676e+03	9.953373838538912111e+00
1.885776074486122525e+03	9.602188993638909764e+00
1.887116772726122463e+03	1.027536480533890995e+01
1.888457470976122522e+03	1.061404125803890253e+01
1.889798169216122687e+03	8.367382932838909326e+00
1.891138745386122537e+03	9.730893064638912904e+00
1.892479443626122475e+03	6.934803892338909037e+00
1.893820141866122640e+03	1.009803478823891254e+01
1.895160718046122611e+03	9.599514890838904080e+00
1.896501416286122549e+03	9.000203062238901097e+00
1.897842114526122486e+03	8.260651518038912400e+00
1.899182690696122563e+03	1.084367840403890959e+01
1.900523388936122501e+03	1.065185253733890747e+01
1.901864087186122561e+03	9.357613493138906335e+00
1.903204663356122637e+03	1.029298107733890966e+01
1.904545361596122575e+03	9.778325010438905451e+00
1.905886059836122513e+03	8.884529997038903559e+00
1.907226636006122590e+03	1.093195431343891499e+01
1.908567334256122649e+03	1.018354885693891099e+01
1.909908032496122587e+03	1.043037121403891199e+01
1.911248608666122664e+03	9.969517637438910285e+00
1.912589306906122602e+03	9.835514951838902675e+00
1.913930005146122539e+03	1.030477612133890197e+01
1.915270581326122510e+03	1.045784466373890886e+01
1.916611279566122676e+03	9.478245664738906839e+00
1.917951977806122613e+03	1.192283337223890705e+01
1.919292553976122463e+03	1.153109448063891307e+01
1.920633252226122522e+03	1.001115124333890805e+01
1.921973950466122687e+03	9.672505308338910979e+00
1.923314648706122625e+03	1.148266689883891090e+01
1.924655224876122475e+03	1.177635662663890947e+01
1.925995923116122640e+03	1.014609997383890594e+01
1.927336621366122472e+03	1.300016110053890728e+01
1.928677197536122549e+03	1.291033642403890447e+01
1.930017895776122486e+03	1.137446301093891066e+01
1.931358594016122652e+03	1.314670651073890895e+01
1.932699170186122501e+03	1.478125469793890545e+01
1.934039868436122561e+03	1.404409115423890420e+01
1.935380566676122498e+03	1.478964321723890762e+01
1.936721142846122575e+03	1.501559536563890163e+01
1.938061841086122513e+03	1.406820004093890475e+01
1.939402539326122678e+03	1.316737072573891254e+01
1.940743115506122649e+03	1.523301785103890360e+01
1.942083813746122587e+03	1.647789852733891891e+01
1.943424511986122525e+03	1.664103024113891394e+01
1.944765088156122602e+03	1.632074062933891412e+01
1.946105786396122539e+03	1.646790402043891532e+01
1.947446484646122599e+03	1.708816616643891706e+01
1.948787060816122676e+03	1.744508450143890244e+01
1.950127759056122613e+03	1.892382137883891602e+01
1.951468457296122551e+03	1.705552761663892625e+01
1.952809155546122611e+03	1.752575771923891779e+01
1.954149731716122687e+03	1.698785488713891567e+01
1.955490429956122625e+03	1.900053494083891081e+01
1.956831128196122563e+03	1.889829342473892027e+01
1.958171704366122640e+03	1.759442226993890657e+01
1.959512402616122472e+03	1.851330654733890668e+01
1.960853100856122637e+03	1.883943264593890987e+01
1.962193677026122486e+03	1.916924374213891724e+01
1.963534375266122652e+03	2.164094631783892098e+01
1.964875073506122590e+03	2.014523403753890918e+01
1.966215649686122561e+03	1.977365963573891960e+01
1.967556347926122498e+03	2.116397183053891240e+01
1.968897046166122664e+03	2.030778591743891681e+01
1.970237622336122513e+03	2.045144741643892061e+01
1.971578320576122678e+03	1.952220242133891404e+01
1.972919018826122510e+03	2.062204067813891228e+01
1.974259594996122587e+03	1.817304318063890989e+01
1.975600293236122525e+03	2.300227444283891742e+01
1.976940991476122463e+03	2.039201443303891992e+01
1.978281567646122539e+03	1.966816036813890634e+01
1.979622265896122599e+03	1.955434506053891397e+01
1.980962964136122537e+03	2.050285427683891726e+01
1.982303662376122475e+03	1.909993069283891742e+01
1.983644238546122551e+03	2.022570126163890691e+01
1.984984936796122611e+03	1.848169033633890734e+01
1.986325635036122549e+03	1.753081600773891324e+01
1.987666211206122625e+03	1.768245785343890830e+01
1.989006909446122563e+03	1.879415218943890764e+01
1.990347607686122501e+03	1.849042599313890278e+01
1.991688183866122472e+03	1.807704250923891465e+01
1.993028882106122637e+03	1.691482632273891085e+01
1.994369580346122575e+03	1.516870586983890234e+01
1.995710156516122652e+03	1.304980938543890723e+01
1.997050854756122590e+03	1.233105557073890779e+01
1.998391553006122649e+03	1.207759945503891430e+01
1.999732129176122498e+03	1.436486904733890846e+01
2.001072827416122664e+03	1.126000683413891323e+01
2.002413525656122602e+03	1.198026745433890561e+01
2.003754101826122678e+03	1.217228405583891337e+01
2.005094800076122510e+03	1.152533428783890557e+01
2.006435498316122676e+03	1.105380337353890674e+01
2.007776074486122525e+03	1.069905941593891185e+01
2.009116772726122463e+03	9.703492094238905352e+00
2.010457470976122522e+03	1.014145367253891550e+01
2.011798169216122687e+03	9.948296476538912358e+00
2.013138745386122537e+03	1.065587322823891192e+01
2.014479443626122475e+03	9.076958585938911028e+00
2.015820141866122640e+03	8.162793089038911987e+00
2.017160718046122611e+03	7.426281858638905220e+00
2.018501416286122549e+03	7.891995359538903188e+00
2.019842114526122486e+03	6.669209409838914304e+00
2.021182690696122563e+03	8.627194334138913234e+00
2.022523388936122501e+03	9.308209348838907715e+00
2.023864087186122561e+03	6.834938932538902279e+00
2.025204663356122637e+03	6.195012022138912222e+00
2.026545361596122575e+03	6.211255003138904662e+00
2.027886059836122513e+03	7.429665495038902279e+00
2.029226636006122590e+03	5.958783079338910049e+00
2.030567334256122649e+03	5.407818723838908603e+00
2.031908032496122587e+03	5.525757719238910681e+00
2.033248608666122664e+03	5.694905210638908422e+00
2.034589306906122602e+03	5.638520170338915172e+00
2.035930005146122539e+03	5.084355283938909231e+00
2.037270581326122510e+03	4.467720915038907670e+00
2.038611279566122676e+03	4.375370908938912784e+00
2.039951977806122613e+03	5.379155088538908558e+00
2.041292553976122463e+03	4.906437803438913114e+00
2.042633252226122522e+03	4.215561796338903378e+00
2.043973950466122687e+03	4.279126096838913540e+00
2.045314648706122625e+03	4.051709104738912437e+00
2.046655224876122475e+03	4.306580473138907017e+00
2.047995923116122640e+03	4.005505491438908550e+00
2.049336621366122472e+03	4.023541380038906823e+00
2.050677197536123003e+03	3.263756681638905643e+00
2.052017773706122625e+03	4.559803892338910813e+00
2.053358594016122879e+03	3.708786894038907711e+00
2.054699170186122956e+03	3.879979063138907946e+00
2.056039746366122927e+03	3.108017851038910262e+00
2.057380566676122726e+03	3.850411344638911437e+00
2.058721142846122802e+03	2.997990537838909120e+00
2.060061963156122602e+03	3.902748991138913937e+00
2.061402539326122678e+03	4.718941618138911664e+00
2.062743115506122649e+03	3.634632993838904369e+00
2.064083935816122903e+03	2.929867674038902692e+00
2.065424511986122980e+03	3.726319242638907347e+00
2.066765088156122602e+03	3.343903471138906625e+00
2.068105908476122750e+03	3.266602445738903349e+00
2.069446484646122826e+03	3.755463529738906292e+00
2.070787060816122903e+03	3.078308988738903462e+00
2.072127881126122702e+03	1.918419767538913856e+00
2.073468457296122779e+03	2.993737150338902087e+00
2.074809033476122750e+03	2.564392973138908349e+00
2.076149853786123003e+03	2.794865537838900238e+00
2.077490429956122625e+03	3.025826383738905001e+00
2.078831006126122702e+03	4.796212125938911441e+00
2.080171826436122956e+03	2.625142027038902537e+00
2.081512402616122927e+03	1.297463666389128689e-01
2.082852978786123003e+03	4.359105039738909504e+00
2.084193799096122802e+03	3.061829496538913897e+00
2.085534375266122879e+03	3.075112272438915717e+00
2.086874951436122956e+03	2.747479368338906713e+00
2.088215771756122649e+03	3.306473661538906761e+00
2.089556347926122726e+03	3.251355100738910764e+00
2.090896924096122802e+03	3.045014311038911625e+00
2.092237744406122602e+03	2.492657591038909715e+00
2.093578320576122678e+03	1.593220640338906646e+00
2.094918896756122649e+03	2.478463102538907670e+00
2.096259717066122903e+03	3.922303129338906569e+00
2.097600293236122980e+03	3.751610685538908641e+00
2.098940869406122602e+03	2.999943662838910452e+00
2.100281689726122750e+03	2.512013364938900928e+00
2.101622265896122826e+03	3.393334318338913747e+00
2.102962842066122903e+03	2.319580961338906899e+00
2.104303662376122702e+03	4.749600340038906410e+00
2.105644238546122779e+03	4.726078916738914337e+00
2.106984814726122750e+03	2.154419828538912451e+00
2.108325635036123003e+03	2.563397337138908938e+00
2.109666211206122625e+03	2.848496366638906707e+00
2.111006787376122702e+03	2.415726591238909204e+00
2.112347607686122956e+03	2.026791502138909351e+00
2.113688183866122927e+03	3.405587125938914550e+00
2.115028760036123003e+03	2.339196134738908306e+00
2.116369580346122802e+03	3.322739530738910041e+00
2.117710156516122879e+03	4.007008482138914474e+00
2.119050976826122678e+03	1.010548521238907815e+00
2.120391553006122649e+03	3.499840665938912299e+00
2.121732129176122726e+03	3.016049314638908463e+00
2.123072949486122980e+03	3.040364195038903983e+00
2.124413525656122602e+03	3.396916319038912224e+00
2.125754101826122678e+03	3.309079099838911908e+00
2.127094922146122826e+03	3.217865873538905408e+00
2.128435498316122903e+03	2.243435789238906075e+00
2.129776074486122980e+03	1.244233061038905630e+00
2.131116894796122779e+03	2.339367796138901667e+00
2.132457470976122750e+03	2.057846952638906046e+00
2.133798047146122826e+03	2.183358122038908000e+00
2.135138867456122625e+03	2.402531553438903789e+00
2.136479443626122702e+03	1.668019224338908257e+00
2.137820019796122779e+03	1.016152311438908606e+00
2.139160840116122927e+03	2.267968107338905082e+00
2.140501416286123003e+03	1.595734525838908846e+00
2.141841992456122625e+03	2.176514555138915341e+00
2.143182812766122879e+03	1.597218443038910474e+00
2.144523388936122956e+03	1.833195615938910228e+00
2.145863965116122927e+03	2.365597654538900585e+00
2.147204785426122726e+03	3.363282133238909566e+00
2.148545361596122802e+03	2.355835844238901355e+00
2.149885937766122879e+03	2.040501524138905509e+00
2.151226758076122678e+03	3.483582426238903906e+00
2.152567334256122649e+03	2.507946897638905437e+00
2.153907910426122726e+03	3.371529508738902781e+00
2.155248730736122980e+03	1.558869291438906179e+00
2.156589306906122602e+03	1.859913755538911140e+00
2.157929883076122678e+03	2.742978025638903805e+00
2.159270703396122826e+03	1.851563383238905791e+00
2.160611279566122903e+03	3.145413328338908965e+00
2.161951855736122980e+03	2.670437742338911402e+00
2.163292676046122779e+03	1.829483915438910424e+00
2.164633252226122750e+03	1.661076475338900238e+00
2.165973828396122826e+03	2.423165250938914550e+00
2.167314648706122625e+03	2.642079282938912588e+00
2.168655224876122702e+03	4.019097257738904361e+00
2.169995801046122779e+03	3.103806425238908151e+00
2.171336621366122927e+03	1.854451109038907974e+00
2.172677197536123003e+03	2.853524137638911551e+00
2.174017773706122625e+03	2.110466886638906026e+00
2.175358594016122879e+03	1.618721891538907887e+00
2.176699170186122956e+03	2.161202360338908335e+00
2.178039746366122927e+03	1.409428526038909668e+00
2.179380566676122726e+03	1.810341764638906836e+00
2.180721142846122802e+03	2.467453886138912811e+00
2.182061963156122602e+03	1.619904447738908182e+00
2.183402539326122678e+03	1.996510435238901371e+00
2.184743115506122649e+03	2.309521604738902667e+00
2.186083935816122903e+03	3.303490568338917299e+00
2.187424511986122980e+03	2.607949186438912381e+00
2.188765088156122602e+03	2.501164365938911338e+00
2.190105908476122750e+03	3.524178434538908444e+00
2.191446484646122826e+03	3.513741422838906114e+00
2.192787060816122903e+03	3.377819944538908548e+00
2.194127881126122702e+03	3.184609342738909721e+00
2.195468457296122779e+03	2.730889249938911689e+00
2.196809033476122750e+03	2.534741331238912654e+00
2.198149853786123003e+03	2.844902921838907695e+00
2.199490429956122625e+03	9.951028119389139226e-01
2.200831006126122702e+03	3.549675871038913133e+00
2.202171826436122956e+03	3.480385709938916161e+00
2.203512402616122927e+03	2.374943662838905567e+00
2.204852978786123003e+03	4.362107206538914816e+00
2.206193799096122802e+03	2.085545469438909727e+00
2.207534375266122879e+03	2.644150663538901824e+00
2.208874951436122956e+03	3.903626371538904127e+00
2.210215771756122649e+03	4.588253904538902361e+00
2.211556347926122726e+03	2.035492826638916064e+00
2.212896924096122802e+03	1.133557249238907660e+00
2.214237744406122602e+03	3.048943449138902917e+00
2.215578320576122678e+03	5.336152006338911846e+00
2.216918896756122649e+03	2.873688627438903076e+00
2.218259717066122903e+03	2.729180265538911687e+00
2.219600293236122980e+03	4.059674192538915705e+00
2.220940869406122602e+03	3.000893522438908168e+00
2.222281689726122750e+03	3.792263914238902967e+00
2.223622265896122826e+03	4.348687101538910582e+00
2.224962842066122903e+03	4.116345335138904993e+00
2.226303662376122702e+03	3.528374601538913691e+00
2.227644238546122779e+03	3.469746519238905424e+00
2.228984814726122750e+03	3.587300230138916302e+00
2.230325635036123003e+03	3.290547300538905873e+00
2.231666211206122625e+03	6.278588224538914631e+00
2.233006787376122702e+03	3.592034269438911132e+00
2.234347607686122956e+03	4.499295164238908740e+00
2.235688183866122927e+03	3.447686124938903696e+00
2.237028760036123003e+03	3.775296140838911629e+00
2.238369580346122802e+03	4.436501432538910272e+00
2.239710156516122879e+03	2.837902952338908324e+00
2.241050976826122678e+03	2.590634275638907802e+00
2.242391553006122649e+03	4.317933012138917448e+00
2.243732129176122726e+03	2.921055723338901178e+00
2.245072949486122980e+03	4.174172331038907835e+00
2.246413525656122602e+03	4.147652555638906335e+00
2.247754101826122678e+03	2.013459135238911735e+00
2.249094922146122826e+03	2.523400236238911631e+00
2.250435498316122903e+03	3.190968443038905367e+00
2.251776074486122980e+03	3.620163847138907709e+00
2.253116894796122779e+03	2.939289976238901314e+00
2.254457470976122750e+03	3.209801603438904305e+00
2.255798047146122826e+03	3.168881345938908023e+00
2.257138867456122625e+03	4.154938627438901300e+00
2.258479443626122702e+03	2.953732420138913017e+00
2.259820019796122779e+03	3.454567838838904503e+00
2.261160840116122927e+03	3.224659849338910256e+00
2.262501416286123003e+03	2.173298765338912641e+00
2.263841992456122625e+03	4.054570127638906563e+00
2.265182812766122879e+03	4.185482908438914684e+00
2.266523388936122956e+03	3.106991697438906019e+00
2.267863965116122927e+03	2.521725584138912790e+00
2.269204785426122726e+03	2.239506651038913443e+00
2.270545361596122802e+03	3.198681760938905771e+00
2.271885937766122879e+03	5.297993589538903869e+00
2.273226758076122678e+03	3.171017576338912125e+00
2.274567334256122649e+03	3.965252805838909822e+00
2.275907910426122726e+03	4.195767332238906633e+00
2.277248730736122980e+03	3.756073881338905185e+00
2.278589306906122602e+03	3.277405668438903685e+00
2.279929883076122678e+03	3.011330534138910497e+00
2.281270703396122826e+03	3.321156431338912363e+00
2.282611279566122903e+03	3.533604551438903840e+00
2.283951855736122980e+03	3.783955503638912976e+00
2.285292676046122779e+03	5.517567564138907699e+00
2.286633252226122750e+03	3.659188200138915104e+00
2.287973828396122826e+03	3.425057340738907552e+00
2.289314648706122625e+03	3.958527494538905511e+00
2.290655224876122702e+03	3.872296262938903944e+00
2.291995801046122779e+03	4.154389311038911181e+00
2.293336621366122927e+03	2.577359129138910188e+00
2.294677197536123003e+03	4.415726591238910537e+00
2.296017773706122625e+03	3.936276365438907909e+00
2.297358594016122879e+03	2.482651640138909155e+00
2.298699170186122956e+03	4.169163633538907732e+00
2.300039746366122927e+03	4.385083128138902886e+00
2.301380566676122726e+03	2.963627744838908118e+00
2.302721142846122802e+03	2.744107175938907517e+00
2.304061963156122602e+03	3.621415067838908541e+00
2.305402539326122678e+03	3.932934690638902886e+00
2.306743115506122649e+03	3.318158079338914934e+00
2.308083935816122903e+03	4.459366727938914643e+00
2.309424511986122980e+03	4.563469816338908025e+00
2.310765088156122602e+03	3.889370847838903966e+00
2.312105908476122750e+03	3.702382017338910369e+00
2.313446484646122826e+03	4.247414518538909611e+00
2.314787060816122903e+03	5.378674436738910103e+00
2.316127881126122702e+03	3.527871061438912825e+00
2.317468457296122779e+03	1.889008451638913400e+00
2.318809033476122750e+03	3.025017667938906030e+00
2.320149853786123003e+03	3.269207884038908496e+00
2.321490429956122625e+03	4.006276060238909587e+00
2.322831006126122702e+03	3.646271635238911291e+00
2.324171826436122956e+03	5.226521421538909529e+00
2.325512402616122927e+03	3.182892728938905513e+00
2.326852978786123003e+03	3.795060087338903987e+00
2.328193799096122802e+03	3.649670530438906102e+00
2.329534375266122879e+03	5.116631437438911689e+00
2.330874951436122956e+03	6.282040525638906026e+00
2.332215771756122649e+03	6.494187284638904600e+00
2.333556347926122726e+03	4.716298032938910367e+00
2.334896924096122802e+03	5.030964780938905534e+00
2.336237744406122602e+03	4.813473631038902134e+00
2.337578320576122678e+03	4.112130094638906108e+00
2.338918896756122649e+03	3.433926511938910853e+00
2.340259717066122903e+03	4.447506834138907017e+00
2.341600293236122980e+03	3.371647764338901343e+00
2.342940869406122602e+03	3.688736845138907761e+00
2.344281689726122750e+03	3.823822904738909401e+00
2.345622265896122826e+03	4.123528410138908917e+00
2.346962842066122903e+03	3.759053159838908531e+00
2.348303662376122702e+03	4.912461210438906711e+00
2.349644238546122779e+03	5.649018217238904960e+00
2.350984814726122750e+03	4.868802000238909855e+00
2.352325635036123003e+03	4.033497739938900928e+00
2.353666211206122625e+03	3.371907163738909752e+00
2.355006787376122702e+03	3.538948942338908221e+00
2.356347607686122956e+03	3.766377378638912088e+00
2.357688183866122927e+03	5.268532682538904943e+00
2.359028760036123003e+03	4.243233610338911888e+00
2.360369580346122802e+03	5.120449949438909520e+00
2.361710156516122879e+03	3.786267210138906769e+00
2.363050976826122678e+03	6.538624693038906699e+00
2.364391553006122649e+03	5.774113584638912222e+00
2.365732129176122726e+03	6.985672880338904989e+00
2.367072949486122980e+03	6.580670286338913044e+00
2.368413525656122602e+03	5.856938291738907232e+00
2.369754101826122678e+03	5.867447782638905984e+00
2.371094922146122826e+03	6.702065397438912164e+00
2.372435498316122903e+03	6.331501890338904204e+00
2.373776074486122980e+03	7.026177335938908364e+00
2.375116894796122779e+03	5.834916044438913652e+00
2.376457470976122750e+03	5.569638181838908686e+00
2.377798047146122826e+03	5.098511625438902684e+00
2.379138867456122625e+03	6.197670866138911272e+00
2.380479443626122702e+03	6.529396940338910937e+00
2.381820019796122779e+03	6.533368040238908492e+00
2.383160840116122927e+03	7.091214109538908517e+00
2.384501416286123003e+03	6.091198850738911652e+00
2.385841992456122625e+03	7.311070371738911611e+00
2.387182812766122879e+03	6.569077421338907818e+00
2.388523388936122956e+03	6.669533659138907389e+00
2.389863965116122927e+03	7.397374082738914502e+00
2.391204785426122726e+03	6.711651731638900387e+00
2.392545361596122802e+03	8.033345152038902981e+00
2.393885937766122879e+03	7.926876951338910793e+00
2.395226758076122678e+03	6.760384489238903782e+00
2.396567334256122649e+03	7.733551908638910177e+00
2.397907910426122726e+03	7.655774046138904332e+00
2.399248730736122980e+03	7.649105955238900023e+00
2.400589306906122602e+03	8.697972227238910392e+00
2.401929883076122678e+03	8.411881376438909541e+00
2.403270703396122826e+03	9.104653288038907277e+00
2.404611279566122903e+03	8.177437711838908996e+00
2.405951855736122980e+03	9.881436277538906410e+00
2.407292676046122779e+03	1.064436047183890643e+01
2.408633252226122750e+03	1.003390209783890974e+01
2.409973828396122826e+03	1.168084042183891036e+01
2.411314648706122625e+03	1.124620525943890570e+01
2.412655224876122702e+03	1.050033657663891340e+01
2.413995801046122779e+03	9.926358152538904633e+00
2.415336621366122927e+03	1.134302609073891155e+01
2.416677197536123003e+03	1.182034008613890919e+01
2.418017773706122625e+03	9.637482572738903741e+00
2.419358594016122879e+03	1.017204372993890971e+01
2.420699170186122956e+03	1.255843441593890297e+01
2.422039746366122927e+03	1.184514324773890692e+01
2.423380566676122726e+03	1.397631542793891235e+01
2.424721142846122802e+03	1.389891522043891570e+01
2.426061963156122602e+03	1.396197216623890824e+01
2.427402539326122678e+03	1.409768765083891218e+01
2.428743115506122649e+03	1.437138073553890472e+01
2.430083935816122903e+03	1.539086620913890613e+01
2.431424511986122980e+03	1.617520229923891151e+01
2.432765088156122602e+03	1.666249172793890665e+01
2.434105908476122750e+03	1.714501278513890981e+01
2.435446484646122826e+03	1.730684750193891475e+01
2.436787060816122903e+03	1.756606381053891752e+01
2.438127881126122702e+03	1.789472286813890989e+01
2.439468457296122779e+03	1.800033657663891162e+01
2.440809033476122750e+03	1.889564602483892131e+01
2.442149853786123003e+03	2.134839718453891777e+01
2.443490429956122625e+03	2.317711727733892246e+01
2.444831006126122702e+03	2.398343746773891638e+01
2.446171826436122956e+03	2.417923061953890596e+01
2.447512402616122927e+03	2.465534298533891544e+01
2.448852978786123003e+03	2.651079647653890703e+01
2.450193799096122802e+03	2.825050442333892420e+01
2.451534375266122879e+03	2.857998745553890885e+01
2.452874951436122956e+03	2.906102078073891093e+01
2.454215771756122649e+03	3.065690701113890881e+01
2.455556347926122726e+03	2.938420956243892590e+01
2.456896924096122802e+03	3.130967800723891514e+01
2.458237744406122602e+03	3.138732998483891024e+01
2.459578320576122678e+03	3.220490353213890700e+01
2.460918896756122649e+03	3.142862026803891240e+01
2.462259717066122903e+03	3.089395992863892104e+01
2.463600293236122980e+03	2.857613461123890986e+01
2.464940869406122602e+03	3.040409939403892281e+01
2.466281689726122750e+03	3.120610134713892592e+01
2.467622265896122826e+03	2.965059750193891119e+01
2.468962842066122903e+03	3.019040005313891939e+01
2.470303662376122702e+03	2.967123501413890807e+01
2.471644238546122779e+03	2.966667263613890526e+01
2.472984814726122750e+03	2.931757443063890989e+01
2.474325635036123003e+03	2.944458096133891445e+01
2.475666211206122625e+03	3.122923367133892114e+01
2.477006787376122702e+03	2.964341061223892027e+01
2.478347607686122956e+03	2.961264889353891405e+01
2.479688183866122927e+03	2.908390896433891726e+01
2.481028760036123003e+03	2.982577602973891828e+01
2.482369580346122802e+03	2.982078640573891093e+01
2.483710156516122879e+03	2.960643856633891957e+01
2.485050976826122678e+03	2.848250668163892030e+01
2.486391553006122649e+03	2.938056271183891965e+01
2.487732129176122726e+03	2.814241879093891185e+01
2.489072949486122980e+03	2.783348934763891691e+01
2.490413525656122602e+03	2.889782040233892246e+01
2.491754101826122678e+03	2.732959835643891466e+01
2.493094922146122826e+03	2.657584469433891883e+01
2.494435498316122903e+03	2.784165279973892027e+01
2.495776074486122980e+03	2.675650875683891883e+01
2.497116894796122779e+03	2.829766934023892588e+01
2.498457470976122750e+03	2.769325344673891465e+01
2.499798047146122826e+03	2.603742306343892210e+01
2.501138867456122625e+03	2.785673611273891126e+01
2.502479443626122702e+03	2.718972103703891818e+01
2.503820019796122779e+03	2.707300655953892132e+01
2.505160840116122927e+03	2.784743588083890842e+01
2.506501416286123003e+03	2.762336056343892210e+01
2.507841992456122625e+03	2.836554043403891612e+01
2.509182812766122879e+03	2.854103939643891863e+01
2.510523388936122956e+03	2.578622524853892983e+01
2.511863965116122927e+03	2.834905331243892235e+01
2.513204785426122726e+03	2.810786526313891542e+01
2.514545361596122802e+03	2.733841793643890838e+01
2.515885937766122879e+03	2.709501736273891126e+01
2.517226758076122678e+03	2.781709377873892564e+01
2.518567334256122649e+03	2.659693234073890977e+01
2.519907910426122726e+03	2.766462795843891342e+01
2.521248730736122980e+03	2.677730648623890630e+01
2.522589306906122602e+03	3.005101864443892623e+01
2.523929883076122678e+03	2.952996914493891722e+01
2.525270703396122826e+03	2.868396847363890956e+01
2.526611279566122903e+03	3.042462246523892588e+01
2.527951855736122980e+03	2.808029263133891362e+01
2.529292676046122779e+03	2.950052731143891194e+01
2.530633252226122750e+03	3.060164730663892740e+01
2.531973828396122826e+03	3.033200924503891471e+01
2.533314648706122625e+03	2.775361721623891853e+01
2.534655224876122702e+03	2.961677639593890632e+01
2.535995801046122779e+03	2.883807461373891812e+01
2.537336621366122927e+03	2.992051785103891959e+01
2.538677197536123003e+03	2.912188046093892169e+01
2.540017773706122625e+03	3.135177700633891718e+01
2.541358594016122879e+03	3.195316403023891638e+01
2.542699170186122956e+03	3.057513516063891856e+01
2.544039746366122927e+03	3.056933682073892200e+01
2.545380566676122726e+03	3.206848995793892243e+01
2.546721142846122802e+03	3.387229244823891605e+01
2.548061963156122602e+03	3.214765255563891344e+01
2.549402539326122678e+03	3.392321865673892489e+01
2.550743115506122649e+03	3.308553402533890875e+01
2.552083935816122903e+03	3.435217373483891379e+01
2.553424511986122980e+03	3.438856594673891465e+01
2.554765088156122602e+03	3.496510403263891931e+01
2.556105908476122750e+03	3.691516201603892000e+01
2.557446484646122826e+03	3.767615597363890600e+01
2.558787060816122903e+03	3.688202755563890634e+01
2.560127881126122702e+03	3.822840969673891465e+01
2.561468457296122779e+03	3.819143002143891152e+01
2.562809033476122750e+03	3.863239376653891810e+01
2.564149853786123003e+03	4.088724606143890838e+01
2.565490429956122625e+03	4.156563656443891830e+01
2.566831006126122702e+03	4.193449490183891726e+01
2.568171826436122956e+03	4.305856411563891584e+01
2.569512402616122927e+03	4.647618191353892314e+01
2.570852978786123003e+03	4.691940395943893094e+01
2.572193799096122802e+03	5.081811611763891534e+01
2.573534375266122879e+03	4.984985439883890734e+01
2.574874951436122956e+03	5.143032925243891640e+01
2.576215771756122649e+03	5.175982754383891660e+01
2.577556347926122726e+03	5.418906490883891536e+01
2.578896924096122802e+03	5.635781948683892040e+01
2.580237744406122602e+03	5.808235256783892453e+01
2.581578320576122678e+03	6.219099514583891875e+01
2.582918896756122649e+03	6.125703518483891941e+01
2.584259717066122903e+03	6.224833767483891478e+01
2.585600293236122980e+03	6.627336208883892255e+01
2.586940869406122602e+03	6.974570553383891536e+01
2.588281689726122750e+03	6.972508328083890206e+01
2.589622265896122826e+03	7.459884731883890652e+01
2.590962842066122903e+03	7.710306637383889949e+01
2.592303662376122702e+03	7.802444546283892635e+01
2.593644238546122779e+03	8.086966793683890842e+01
2.594984814726122750e+03	8.431162350283892692e+01
2.596325635036123003e+03	8.793219845383890743e+01
2.597666211206122625e+03	9.256531612983891932e+01
2.599006787376122702e+03	9.227187435783892511e+01
2.600347607686122956e+03	9.842032711583890148e+01
2.601688183866122927e+03	1.005491418138389150e+02
2.603028760036123003e+03	1.016126336348389145e+02
2.604369580346122802e+03	1.056480035078389079e+02
2.605710156516122879e+03	1.085241173998389144e+02
2.607050976826122678e+03	1.140619439378389046e+02
2.608391553006122649e+03	1.182578820478389190e+02
2.609732129176122726e+03	1.227282647378389129e+02
2.611072949486122980e+03	1.277694482098388988e+02
2.612413525656122602e+03	1.317856072678389125e+02
2.613754101826122678e+03	1.334694756758389076e+02
2.615094922146122826e+03	1.441930321938389170e+02
2.616435498316122903e+03	1.482437981858388980e+02
2.617776074486122980e+03	1.553163232098389130e+02
2.619116894796122779e+03	1.624303368818389117e+02
2.620457470976122750e+03	1.692888268718389213e+02
2.621798047146122826e+03	1.811278466478389078e+02
2.623138867456122625e+03	1.873793114908388873e+02
2.624479443626122702e+03	1.906621941818389416e+02
2.625820019796122779e+03	1.988135003338389311e+02
2.627160840116122927e+03	2.064581383958389154e+02
2.628501416286123003e+03	2.188730553878389458e+02
2.629841992456122625e+03	2.250403527508389629e+02
2.631182812766122879e+03	2.294697961098389385e+02
2.632523388936122956e+03	2.386059655438389200e+02
2.633863965116122927e+03	2.486969384438389739e+02
2.635204785426122726e+03	2.647093590988388883e+02
2.636545361596122802e+03	2.774242638838389325e+02
2.637885937766122879e+03	2.869150170578389520e+02
2.639226758076122678e+03	2.971255883468389243e+02
2.640567334256122649e+03	3.108311547528388701e+02
2.641907910426122726e+03	3.240303124678388826e+02
2.643248730736122980e+03	3.382898644698389603e+02
2.644589306906122602e+03	3.535967492348389669e+02
2.645929883076122678e+03	3.697159203778388701e+02
2.647270703396122826e+03	3.900615014328388952e+02
2.648611279566122903e+03	4.013311242348389101e+02
2.649951855736122980e+03	4.290470055828389491e+02
2.651292676046122779e+03	4.441690758958388301e+02
2.652633252226122750e+03	4.671753625168389590e+02
2.653973828396122826e+03	4.824031457198388466e+02
2.655314648706122625e+03	4.997702721848389160e+02
2.656655224876122702e+03	5.268946007978389616e+02
2.657995801046122779e+03	5.377163171068389147e+02
2.659336621366122927e+03	5.629587487468389781e+02
2.660677197536123003e+03	5.811023644698387898e+02
2.662017773706122625e+03	5.915756921068389147e+02
2.663358594016122879e+03	6.117410363448389035e+02
2.664699170186122956e+03	6.179938439618389339e+02
2.666039746366122927e+03	6.213468713058389312e+02
2.667380566676122726e+03	6.240714196458390006e+02
2.668721142846122802e+03	6.251903771648391057e+02
2.670061963156122602e+03	6.136081017748389286e+02
2.671402539326122678e+03	6.017672814618388202e+02
2.672743115506122649e+03	5.921458215008389061e+02
2.674083935816122903e+03	5.730518273598389669e+02
2.675424511986122980e+03	5.565667809738389451e+02
2.676765088156122602e+03	5.344213341958389947e+02
2.678105908476122750e+03	5.110245446458389438e+02
2.679446484646122826e+03	4.858369225748388658e+02
2.680787060816122903e+03	4.575173119798389507e+02
2.682127881126122702e+03	4.360892419108389504e+02
2.683468457296122779e+03	4.100374535808388714e+02
2.684809033476122750e+03	3.933553857098389130e+02
2.686149853786123003e+03	3.671835107098389130e+02
2.687490429956122625e+03	3.466697167648388813e+02
2.688831006126122702e+03	3.274187096848389160e+02
2.690171826436122956e+03	3.139799279458389378e+02
2.691512402616122927e+03	2.941655663738388853e+02
2.692852978786123003e+03	2.784021691568389656e+02
2.694193799096122802e+03	2.591084985028388701e+02
2.695534375266122879e+03	2.462708520188388945e+02
2.696874951436122956e+03	2.330077294598389415e+02
2.698215771756122649e+03	2.252280968918389306e+02
2.699556347926122726e+03	2.098135766278389269e+02
2.700896924096122802e+03	1.979164666428389125e+02
2.702237744406122602e+03	1.905309533368389054e+02
2.703578320576122678e+03	1.751942834148388783e+02
2.704918896756122649e+03	1.664541100748388942e+02
2.706259717066122903e+03	1.561731805098388861e+02
2.707600293236122980e+03	1.480564965498388972e+02
2.708940869406122602e+03	1.445317925698388990e+02
2.710281689726122750e+03	1.362132958658389157e+02
2.711622265896122826e+03	1.248939446698389162e+02
2.712962842066122903e+03	1.212710351238388995e+02
2.714303662376122702e+03	1.150568627608389107e+02
2.715644238546122779e+03	1.113203515298389021e+02
2.716984814726122750e+03	1.041578301678388812e+02
2.718325635036123003e+03	9.776947872783892990e+01
2.719666211206122625e+03	9.440111630083890759e+01
2.721006787376122702e+03	9.086678402583889635e+01
2.722347607686122956e+03	8.802542965483890214e+01
2.723688183866122927e+03	8.257540218983891123e+01
2.725028760036123003e+03	7.752494137383891371e+01
2.726369580346122802e+03	7.652932064683892577e+01
2.727710156516122879e+03	7.562291042883892089e+01
2.729050976826122678e+03	7.198124020183891503e+01
2.730391553006122649e+03	6.830380337383891742e+01
2.731732129176122726e+03	6.412914364483891916e+01
2.733072949486122980e+03	6.419985287283890329e+01
2.734413525656122602e+03	6.177532284383891437e+01
2.735754101826122678e+03	5.972416012383889949e+01
2.737094922146122826e+03	5.621518032683891164e+01
2.738435498316122903e+03	5.399016659383892858e+01
2.739776074486122980e+03	5.198732845883890263e+01
2.741116894796122779e+03	5.350284664783892197e+01
2.742457470976122750e+03	4.889731686223892382e+01
2.743798047146122826e+03	4.770105831733890511e+01
2.745138867456122625e+03	4.731787960643890756e+01
2.746479443626122702e+03	4.509298794383892073e+01
2.747820019796122779e+03	4.351297848333891238e+01
2.749160840116122927e+03	4.062416927923890597e+01
2.750501416286123003e+03	4.188273708933891726e+01
2.751841992456122625e+03	3.699927609073890977e+01
2.753182812766122879e+03	3.695089047063892451e+01
2.754523388936122956e+03	3.559516995063891187e+01
2.755863965116122927e+03	3.116517727483892131e+01
2.757204785426122726e+03	3.245217983833892106e+01
2.758545361596122802e+03	3.410418789493891012e+01
2.759885937766122879e+03	3.248787777533890875e+01
2.761226758076122678e+03	3.238367550483891222e+01
2.762567334256122649e+03	3.184418575873892010e+01
2.763907910426122726e+03	3.012199490183891371e+01
2.765248730736122980e+03	2.978511898623891341e+01
2.766589306906122602e+03	2.661123745553890885e+01
2.767929883076122678e+03	2.593160336123891341e+01
2.769270703396122826e+03	2.713049404733891024e+01
2.770611279566122903e+03	2.674904720893891152e+01
2.771951855736122980e+03	2.583845608343890987e+01
2.773292676046122779e+03	2.445732967963891724e+01
2.774633252226122750e+03	2.527089779483891618e+01
2.775973828396122826e+03	2.440555660833891238e+01
2.777314648706122625e+03	2.398136227243890772e+01
2.778655224876122702e+03	2.181456081973891159e+01
2.779995801046122779e+03	2.210366909613891551e+01
2.781336621366122927e+03	2.372058193793890979e+01
2.782677197536123003e+03	2.575323574653891257e+01
2.784017773706122625e+03	2.347028439153891455e+01
2.785358594016122879e+03	2.336713497753892099e+01
2.786699170186122956e+03	2.172508328073891448e+01
2.788039746366122927e+03	2.121036617863891038e+01
2.789380566676122726e+03	2.180711453073890382e+01
2.790721142846122802e+03	2.099594967473892027e+01
2.792061963156122602e+03	2.111464016543891020e+01
2.793402539326122678e+03	2.173616116153890587e+01
2.794743115506122649e+03	2.139965908633890734e+01
2.796083935816122903e+03	2.095917599313890989e+01
2.797424511986122980e+03	1.977788632023891680e+01
2.798765088156122602e+03	1.884592526073891250e+01
2.800105908476122750e+03	1.873188107123891299e+01
2.801446484646122826e+03	1.713856594673891820e+01
2.802787060816122903e+03	1.854810421573891333e+01
2.804127881126122702e+03	1.965432827583891395e+01
2.805468457296122779e+03	1.773025601023891085e+01
2.806809033476122750e+03	1.932166378613890600e+01
2.808149853786123003e+03	1.852628414743890772e+01
2.809490429956122625e+03	1.603185360543892202e+01
2.810831006126122702e+03	1.837865536323891291e+01
2.812171826436122956e+03	1.709574978463891881e+01
2.813512402616122927e+03	1.636084835643891466e+01
2.814852978786123003e+03	1.567732327093890454e+01
2.816193799096122802e+03	1.757559292423891506e+01
2.817534375266122879e+03	2.106775753613890956e+01
2.818874951436122956e+03	1.736975185983891024e+01
2.820215771756122649e+03	1.625030605903891257e+01
2.821556347926122726e+03	1.431369106883890652e+01
2.822896924096122802e+03	1.534096996893890896e+01
2.824237744406122602e+03	1.484795467963890658e+01
2.825578320576122678e+03	1.373559277163890791e+01
2.826918896756122649e+03	1.471414272893890640e+01
2.828259717066122903e+03	1.457585232363891237e+01
2.829600293236122980e+03	1.323230068793890624e+01
2.830940869406122602e+03	1.319414227123890981e+01
2.832281689726122750e+03	1.134611599553890038e+01
2.833622265896122826e+03	1.308884518253890406e+01
2.834962842066122903e+03	1.419195644963890679e+01
2.836303662376122702e+03	1.438741009343890909e+01
2.837644238546122779e+03	1.274393169993890318e+01
2.838984814726122750e+03	1.377251904123890824e+01
2.840325635036123003e+03	1.196717541323891076e+01
2.841666211206122625e+03	1.264510052313890576e+01
2.843006787376122702e+03	1.190733807193890570e+01
2.844347607686122956e+03	1.135848705883891263e+01
2.845688183866122927e+03	1.135291378613891489e+01
2.847028760036123003e+03	1.033969967473890250e+01
2.848369580346122802e+03	1.093979351633890751e+01
2.849710156516122879e+03	1.086071865673891068e+01
2.851050976826122678e+03	9.707844663738905311e+00
2.852391553006122649e+03	1.016584103213890877e+01
2.853732129176122726e+03	1.340676586733891007e+01
2.855072949486122980e+03	8.718491483838908707e+00
2.856413525656122602e+03	1.110546200383890714e+01
2.857754101826122678e+03	1.019266216863890229e+01
2.859094922146122826e+03	1.016588299383891325e+01
2.860435498316122903e+03	1.039336102123890448e+01
2.861776074486122980e+03	9.132183958238906385e+00
2.863116894796122779e+03	1.075974743473890882e+01
2.864457470976122750e+03	9.540055204538905542e+00
2.865798047146122826e+03	9.444886137138910343e+00
2.867138867456122625e+03	5.377644468438909087e+00
2.868479443626122702e+03	8.643650938138911499e+00
2.869820019796122779e+03	6.755848814138908587e+00
2.871160840116122927e+03	7.757569242638910012e+00
2.872501416286123003e+03	7.921479154738903183e+00
2.873841992456122625e+03	6.932328153738913201e+00
2.875182812766122879e+03	7.453919340238909896e+00
2.876523388936122956e+03	7.570183683538913577e+00
2.877863965116122927e+03	8.243714262138912119e+00
2.879204785426122726e+03	8.286896635238907294e+00
2.880545361596122802e+03	8.657982755838908417e+00
2.881885937766122879e+03	9.682770658638908401e+00
2.883226758076122678e+03	9.252060819738911590e+00
2.884567334256122649e+03	8.259480405938900205e+00
2.885907910426122726e+03	5.692688871538912565e+00
2.887248730736122980e+03	6.736569334138910570e+00
2.888589306906122602e+03	5.030075956538916593e+00
2.889929883076122678e+03	4.980702329838911702e+00
2.891270703396122826e+03	6.974186826838908004e+00
2.892611279566122903e+03	7.361527372538901659e+00
2.893951855736122980e+03	8.133870054438915531e+00
2.895292676046122779e+03	7.076104093738909917e+00
2.896633252226122750e+03	7.851887632538902650e+00
2.897973828396122826e+03	7.243637968238907376e+00
2.899314648706122625e+03	5.261616636438905203e+00
2.900655224876122702e+03	8.126503873938906608e+00
2.901995801046122779e+03	7.119744230438903365e+00
2.903336621366122927e+03	6.168568540738906592e+00
2.904677197536123003e+03	5.877659727238912168e+00
2.906017773706122625e+03	6.008397031938908839e+00
2.907358594016122879e+03	7.473900724538907525e+00
2.908699170186122956e+03	7.999600340038905522e+00
2.910039746366122927e+03	6.424797941338900920e+00
2.911380566676122726e+03	7.046212125938909665e+00
2.912721142846122802e+03	7.102963377138911127e+00
2.914061963156122602e+03	6.483502317538913928e+00
2.915402539326122678e+03	7.176884580738911446e+00
2.916743115506122649e+03	6.403702665438904873e+00
2.918083935816122903e+03	6.489655424238906178e+00
2.919424511986122980e+03	6.318665434038912565e+00
2.920765088156122602e+03	7.851567197938906340e+00
2.922105908476122750e+03	7.381649900638909578e+00
2.923446484646122826e+03	8.240597654538905914e+00
2.924787060816122903e+03	8.276715208238906385e+00
2.926127881126122702e+03	8.286419798038915374e+00
2.927468457296122779e+03	8.662239957938909996e+00
2.928809033476122750e+03	3.217724729738906220e+00
2.930149853786123003e+03	6.226021696238907666e+00
2.931490429956122625e+03	7.714199949438914850e+00
2.932831006126122702e+03	6.741589475738911652e+00
2.934171826436122956e+03	4.982552457938909107e+00
2.935512402616122927e+03	6.892178465038907298e+00
2.936852978786123003e+03	5.835293699438910409e+00
2.938193799096122802e+03	4.399201322738910847e+00
2.939534375266122879e+03	4.853814054638904807e+00
2.940874951436122956e+03	6.903771330038912524e+00
2.942215771756122649e+03	5.059414793138907740e+00
2.943556347926122726e+03	5.172627378638908091e+00
2.944896924096122802e+03	6.137482572738907294e+00
2.946237744406122602e+03	4.847351957438905679e+00
2.947578320576122678e+03	5.754769254838910442e+00
2.948918896756122649e+03	6.499958921538913081e+00
2.950259717066122903e+03	4.415570188638904270e+00
2.951600293236122980e+03	4.621003080538911512e+00
2.952940869406122602e+03	6.169461179838913623e+00
2.954281689726122750e+03	5.377400327838907756e+00
2.955622265896122826e+03	3.603493620038910272e+00
2.956962842066122903e+03	5.538845945538907856e+00
2.958303662376122702e+03	4.511090208238912602e+00
2.959644238546122779e+03	5.363854337838901642e+00
2.960984814726122750e+03	4.658837248038905976e+00
2.962325635036123003e+03	6.946293760438910780e+00
2.963666211206122625e+03	3.635086942838907209e+00
2.965006787376122702e+03	3.445675779538902361e+00
2.966347607686122956e+03	3.997795988238904918e+00
2.967688183866122927e+03	3.488350797838910555e+00
2.969028760036123003e+03	3.190499235338907447e+00
2.970369580346122802e+03	3.260796476538915023e+00
2.971710156516122879e+03	4.104092527538903745e+00
2.973050976826122678e+03	2.481358457738914058e+00
2.974391553006122649e+03	4.616906095638911189e+00
2.975732129176122726e+03	4.696927000238911631e+00
2.977072949486122980e+03	3.131333280738909597e+00
2.978413525656122602e+03	3.534474302438900928e+00
2.979754101826122678e+03	4.356308866638907595e+00
2.981094922146122826e+03	1.542469907938909035e+00
2.982435498316122903e+03	2.804329801738903782e+00
2.983776074486122980e+03	2.637982298038912266e+00
2.985116894796122779e+03	3.394963194038911336e+00
2.986457470976122750e+03	3.136757780238904392e+00
2.987798047146122826e+03	3.735955167938904253e+00
2.989138867456122625e+03	3.280617643538909611e+00
2.990479443626122702e+03	3.434826780438910987e+00
2.991820019796122779e+03	2.085919309738909710e+00
2.993160840116122927e+03	2.310593534638906821e+00
2.994501416286123003e+03	3.240181852538908558e+00
2.995841992456122625e+03	4.804760862538906885e+00
2.997182812766122879e+03	4.330944944538909880e+00
2.998523388936122956e+03	3.197159696738906209e+00
2.999863965116122927e+03	1.218884103890530320e-02
3.001204785426122726e+03	2.617688108638902555e+00
3.002545361596122802e+03	3.996052671538903311e+00
