-50	47.0932197571
-48.6593399048	47.4710693359
-47.3186798096	48.4711685181
-45.9780235291	48.8406600952
-44.6373634338	49.0570220947
-43.2967033386	48.4874534607
-41.9560432434	48.024230957
-40.6153831482	47.9824104309
-39.2747268677	48.4313392639
-37.9340667725	49.2531471252
-36.5934066772	48.9941520691
-35.252746582	50.4929389954
-33.9120864868	51.6933517456
-32.5714302063	51.9172401428
-31.2307701111	51.6853065491
-29.8901100159	52.4155235291
-28.5494499207	52.6946640015
-27.2087917328	52.7172431946
-25.8681316376	53.2511787415
-24.5274734497	55.1447753906
-23.1868133545	58.8148384094
-21.8461532593	57.2963371277
-20.5054950714	57.6085929871
-19.1648349762	60.2564811707
-17.824174881	62.9947280884
-16.4835166931	64.4678573608
-15.1428575516	68.3377456665
-13.8021974564	71.5509643555
-12.4615383148	90.517288208
-11.1208791733	122.808158875
-9.78022003174	202.569030762
-8.4395608902	514.145568848
-7.09890127182	2005.03710938
-5.75824165344	6031.91357422
-4.4175825119	6579.88476563
-3.07692313194	5716.05957031
-1.73626375198	5006.03417969
-0.395604401827	3809.94555664
0.94505494833	4169.23486328
2.28571438789	2911.39648438
3.62637352943	1616.64916992
4.96703290939	732.04309082
6.30769252777	266.65057373
7.64835166931	95.8332443237
8.98901081085	73.9071044922
10.3296699524	64.9661712646
11.6703300476	60.7097511292
13.0109891891	58.2406959534
14.3516483307	56.7513885498
15.6923074722	53.3950920105
17.0329666138	53.3139572144
18.373626709	52.8911094666
19.7142848969	51.342540741
21.0549449921	50.0890769958
22.3956050873	51.234462738
23.7362632751	51.3310585022
25.0769233704	50.5306396484
26.4175815582	49.7357292175
27.7582416534	48.5475997925
29.0989017487	47.4806365967
30.4395599365	47.9893379211
31.7802200317	47.7622833252
33.120880127	46.7599716187
34.4615402222	46.0031738281
35.8021965027	46.0285568237
37.1428565979	46.2192077637
38.4835166931	44.6314620972
39.8241767883	45.6392822266
41.1648368835	45.0673522949
42.5054931641	44.9500846863
43.8461532593	44.8313827515
45.1868133545	44.2768592834
46.5274734497	44.8144416809
47.8681335449	43.9774513245
49.2087898254	44.50157547
50.5494499207	44.7872314453
51.8901100159	44.6450195313
53.2307701111	44.3429336548
54.5714302063	43.4306640625
55.9120864868	43.3756942749
57.252746582	43.7121925354
58.5934066772	43.3772163391
59.9340667725	43.2242088318
61.2747268677	44.2096862793
62.6153831482	44.0990524292
63.9560432434	43.1659584045
65.2966995239	42.6482658386
66.6373596191	43.4875259399
67.9780197144	44.3412780762
69.3186798096	43.526550293
70.6593399048	43.3544387817
72	43.1577262878
73.3406600952	42.7108917236
74.6813201904	43.5514602661
76.0219802856	44.3845558167
77.3626403809	43.1047401428
78.7033004761	42.4649963379
80.0439529419	42.2604637146
81.3846130371	42.6164932251
82.7252731323	43.0245742798
84.0659332275	43.1380615234
85.4065933228	42.9375534058
86.747253418	42.9503173828
88.0879135132	43.1853218079
89.4285736084	43.7386741638
90.7692337036	43.4201202393
92.1098937988	42.7804908752
93.4505462646	42.9072685242
94.7912063599	41.8788108826
96.1318664551	42.5801086426
97.4725265503	42.960395813
98.8131866455	43.2513694763
100.153846741	42.9806976318
101.494506836	42.0005912781
102.835166931	43.1760063171
104.175827026	42.4447669983
105.516487122	42.0297355652
106.857139587	42.7889556885
108.197799683	43.4524917603
109.538459778	42.7887611389
110.879119873	43.2295455933
112.219779968	43.7983207703
113.560440063	43.1375617981
114.901100159	42.9043121338
116.241760254	42.9250030518
117.582420349	42.5295982361
118.923080444	42.3805885315
120.26373291	43.4908027649
121.604393005	43.3497505188
122.945053101	43.2464599609
124.285713196	43.5288658142
125.626373291	43.9937782288
126.967033386	44.2675590515
128.307693481	43.8448028564
129.648345947	44.6625823975
130.989013672	43.7722892761
132.329666138	43.5683326721
133.670333862	44.7609062195
135.010986328	43.6667289734
136.351654053	44.5803222656
137.692306519	45.9822349548
139.032974243	46.3429679871
140.373626709	47.4181137085
141.714279175	49.443572998
143.054946899	50.6102867126
144.395599365	52.2948036194
145.73626709	54.0000762939
147.076919556	57.5496330261
148.41758728	61.8589782715
149.758239746	67.3091583252
151.098907471	75.2095108032
152.439559937	84.6490783691
153.780212402	96.2417144775
155.120880127	113.031997681
156.461532593	128.338653564
157.802200317	144.335128784
159.142852783	163.248001099
160.483520508	175.207626343
161.824172974	187.290298462
163.164840698	189.492980957
164.505493164	188.997497559
165.846160889	187.106704712
167.186813354	183.743438721
168.52746582	179.784896851
169.868133545	171.881195068
171.208786011	167.271530151
172.549453735	164.310562134
173.890106201	157.597335815
175.230773926	147.837783813
176.571426392	140.785949707
177.912094116	135.110824585
179.252746582	122.234046936
180.593399048	113.900947571
181.934066772	107.961990356
183.274719238	102.598648071
184.615386963	97.9298629761
185.956039429	96.2351150513
187.296707153	94.1911392212
188.637359619	90.3787841797
189.978027344	86.6251068115
191.31867981	83.786567688
192.659347534	82.2894897461
194	82.2579498291
195.340652466	82.6746139526
196.68132019	81.4195709229
198.021972656	82.239440918
199.362640381	82.067199707
200.703292847	80.0325546265
202.043960571	77.9001235962
203.384613037	77.6931686401
204.725280762	76.9312133789
206.065933228	78.1475219727
207.406600952	78.7158279419
208.747253418	78.9841003418
210.087905884	79.3785247803
211.428573608	78.8495407104
212.769226074	79.0605926514
214.109893799	80.9080123901
215.450546265	82.8985748291
216.791213989	83.9231719971
218.131866455	82.9624862671
219.47253418	80.5173416138
220.813186646	81.1491241455
222.153839111	80.5093688965
223.494506836	82.791343689
224.835159302	87.1301498413
226.175827026	89.114692688
227.516479492	87.5528106689
228.857147217	86.619644165
230.197799683	84.3568191528
231.538467407	83.1993331909
232.879119873	81.5746688843
234.219787598	80.1413955688
235.560440063	79.7621078491
236.901092529	80.0948638916
238.241760254	78.4500732422
239.58241272	78.5975646973
240.923080444	78.8126907349
242.26373291	80.4699249268
243.604400635	82.0971603394
244.945053101	81.5956878662
246.285720825	78.3835906982
247.626373291	76.8985977173
248.967025757	71.6206130981
250.307693481	69.1528396606
251.648345947	68.5711212158
252.989013672	67.5866165161
254.329666138	65.9921875
255.670333862	66.9741897583
257.010986328	69.0884094238
258.351654053	66.9961242676
259.692321777	69.2675476074
261.032958984	70.0059509277
262.373626709	68.0126800537
263.714294434	66.2055587769
265.054931641	65.3857955933
266.395599365	67.5038528442
267.73626709	67.7464981079
269.076934814	66.1431732178
270.417572021	65.9049682617
271.758239746	67.4679107666
273.098907471	68.0378189087
274.439575195	65.6531524658
275.780212402	64.6744995117
277.120880127	65.7642440796
278.461547852	65.0762786865
279.802185059	65.3591003418
281.142852783	67.0197753906
282.483520508	66.0735702515
283.824188232	65.0578994751
285.164825439	63.0864753723
286.505493164	64.901260376
287.846160889	65.5722427368
289.186798096	64.8669433594
290.52746582	64.5590667725
291.868133545	65.1890869141
293.20880127	65.0087890625
294.549438477	65.7003173828
295.890106201	64.5651092529
297.230773926	63.9029884338
298.57144165	64.1439971924
299.912078857	64.0205459595
301.252746582	62.3107872009
302.593414307	62.4420013428
303.934051514	63.260559082
305.274719238	64.027381897
306.615386963	63.7533302307
307.956054688	63.6478385925
309.296691895	64.4920959473
310.637359619	64.1571655273
311.978027344	62.9224891663
313.318695068	63.4781646729
314.659332275	62.9087677002
316	63.6439590454
317.340667725	64.9649505615
318.681304932	64.8034591675
320.021972656	63.4409980774
321.362640381	62.7761421204
322.703308105	62.6939964294
324.043945313	62.6640930176
325.384613037	62.0029525757
326.725280762	60.9438209534
328.065948486	60.8020896912
329.406585693	63.0781288147
330.747253418	63.7712364197
332.087921143	61.8668479919
333.42855835	61.9905548096
334.769226074	62.3946685791
336.109893799	63.1210899353
337.450561523	63.7800216675
338.79119873	61.8194618225
340.131866455	62.6736831665
341.47253418	62.7884674072
342.813201904	62.1296806335
344.153839111	62.6694030762
345.494506836	63.0676231384
346.835174561	61.979019165
348.175811768	60.9052314758
349.516479492	61.8692970276
350.857147217	60.6380615234
352.197814941	61.3629646301
353.538452148	61.4504318237
354.879119873	61.7756080627
356.219787598	62.7050094604
357.560424805	62.2825393677
358.901092529	60.3951644897
360.241760254	62.031879425
361.582427979	60.0558776855
362.923065186	60.2142829895
364.26373291	60.1609916687
365.604400635	59.4131698608
366.945068359	60.0999488831
368.285705566	58.3737831116
369.626373291	61.3566551208
370.967041016	61.5809135437
372.307678223	61.7267532349
373.648345947	60.2279510498
374.989013672	58.9612464905
376.329681396	60.7919616699
377.670318604	63.3113098145
379.010986328	60.8511199951
380.351654053	59.2771644592
381.692321777	60.2545394897
383.032958984	60.7228012085
384.373626709	59.3892669678
385.714294434	58.5621871948
387.054931641	61.5129547119
388.395599365	60.7016983032
389.73626709	60.3523216248
391.076934814	60.0378456116
392.417572021	59.4359588623
393.758239746	60.168548584
395.098907471	61.1276283264
396.439575195	59.6417579651
397.780212402	58.4474143982
399.120880127	60.2442054749
400.461547852	61.7505302429
401.802185059	61.9176521301
403.142852783	61.0111885071
404.483520508	60.8548660278
405.824188232	61.745010376
407.164825439	60.9155540466
408.505493164	62.2584991455
409.846160889	62.5589408875
411.186798096	62.0863990784
412.52746582	62.4922561646
413.868133545	61.4826850891
415.20880127	60.6572570801
416.549438477	63.2283744812
417.890106201	60.2409553528
419.230773926	60.4857025146
420.57144165	58.8806838989
421.912078857	59.2176437378
423.252746582	60.0340881348
424.593414307	60.0886688232
425.934051514	59.8109397888
427.274719238	60.3093032837
428.615386963	59.457660675
429.956054688	60.5099220276
431.296691895	59.20728302
432.637359619	59.4658355713
433.978027344	60.8614234924
435.318695068	61.1551742554
436.659332275	59.6605300903
438	59.1604576111
439.340667725	59.5204582214
440.681304932	58.1787872314
442.021972656	60.0305557251
443.362640381	60.5925865173
444.703308105	58.5099906921
446.043945313	57.4696006775
447.384613037	60.5040283203
448.725280762	58.2219009399
450.065948486	59.9748573303
451.406585693	58.3932380676
452.747253418	58.6436347961
454.087921143	58.4869308472
455.42855835	57.8318405151
456.769226074	58.1285820007
458.109893799	59.2246551514
459.450561523	59.6159591675
460.79119873	59.1892051697
462.131866455	59.4467582703
463.47253418	59.838344574
464.813201904	59.6191520691
466.153839111	59.2583007813
467.494506836	59.2293586731
468.835174561	58.5829772949
470.175811768	57.7623329163
471.516479492	58.949798584
472.857147217	59.0507659912
474.197814941	59.1035270691
475.538452148	59.1737594604
476.879119873	59.0073509216
478.219787598	58.8330421448
479.560424805	59.3750457764
480.901092529	59.1583518982
482.241760254	60.6938819885
483.582427979	59.8275184631
484.923065186	59.3842735291
486.26373291	58.8346252441
487.604400635	58.6226539612
488.945068359	59.5833015442
490.285705566	59.6840705872
491.626373291	59.3453178406
492.967041016	60.1001853943
494.307678223	59.8342971802
495.648345947	58.7118644714
496.989013672	58.4063529968
498.329681396	58.303188324
499.670318604	57.3678855896
501.010986328	57.693271637
502.351654053	57.9233627319
503.692321777	60.402507782
505.032958984	59.0997772217
506.373626709	59.2625007629
507.714294434	58.8423805237
509.054931641	58.2420845032
510.395599365	59.3607635498
511.73626709	60.0423851013
513.076904297	58.6318092346
514.417602539	56.5994911194
515.758239746	57.0600585938
517.098876953	58.835193634
518.439575195	57.35364151
519.780212402	56.3222846985
521.120849609	58.1295013428
522.461547852	57.3189964294
523.802185059	60.6338310242
525.142883301	58.5243797302
526.483520508	57.6261291504
527.824157715	57.3005485535
529.164855957	57.4578170776
530.505493164	57.7165718079
531.846130371	57.9239387512
533.186828613	58.3656158447
534.52746582	58.9321899414
535.868103027	57.8803520203
537.20880127	56.3261108398
538.549438477	58.040222168
539.890136719	58.6138877869
541.230773926	58.4923858643
542.571411133	58.2259292603
543.912109375	57.5732002258
545.252746582	58.1458740234
546.593383789	56.2660255432
547.934082031	57.1689605713
549.274719238	59.1306648254
550.615356445	58.981803894
551.956054688	58.3825378418
553.296691895	58.02161026
554.637390137	57.2925376892
555.978027344	56.6210746765
557.318664551	58.2308654785
558.659362793	58.3546714783
560	57.9769630432
561.340637207	57.7075386047
562.681335449	57.744392395
564.021972656	57.565196991
565.362609863	57.4316062927
566.703308105	57.2091598511
568.043945313	55.3025054932
569.384643555	58.4203147888
570.725280762	57.7382011414
572.065917969	56.180431366
573.406616211	55.9913253784
574.747253418	57.7749595642
576.087890625	58.4793167114
577.428588867	57.8084335327
578.769226074	58.5665817261
580.109863281	56.4418983459
581.450561523	56.4847946167
582.79119873	57.9065818787
584.131896973	58.5163192749
585.47253418	57.7907180786
586.813171387	57.8317375183
588.153869629	57.7106819153
589.494506836	56.7016792297
590.835144043	57.5772895813
592.175842285	57.9540328979
593.516479492	56.7324180603
594.857116699	58.979133606
596.197814941	56.7909126282
597.538452148	55.6156692505
598.879150391	57.2862167358
600.219787598	57.9781723022
601.560424805	56.3804626465
602.901123047	58.0858535767
604.241760254	57.2124938965
605.582397461	55.3109588623
606.923095703	56.3791389465
608.26373291	56.5747528076
609.604370117	56.6328239441
610.945068359	56.2983894348
612.285705566	56.1418685913
613.626403809	56.8945846558
614.967041016	57.3174552917
616.307678223	58.9044761658
617.648376465	56.8434638977
618.989013672	56.9884033203
620.329650879	58.0433959961
621.670349121	57.4918785095
623.010986328	56.4018936157
624.351623535	56.5628738403
625.692321777	57.0318984985
627.032958984	55.5221939087
628.373596191	57.4113006592
629.714294434	56.1186523438
631.054931641	56.6823387146
632.395629883	58.0640945435
633.73626709	58.2304229736
635.076904297	57.3886260986
636.417602539	56.3774108887
637.758239746	56.3461418152
639.098876953	57.9575195313
640.439575195	56.5844955444
641.780212402	56.1427459717
643.120849609	55.8228988647
644.461547852	55.5710601807
645.802185059	56.5128479004
647.142883301	56.5112609863
648.483520508	56.8485488892
649.824157715	58.4357795715
651.164855957	58.1551818848
652.505493164	56.9419021606
653.846130371	57.6880722046
655.186828613	58.0941390991
656.52746582	57.2275009155
657.868103027	56.6931648254
659.20880127	55.4650154114
660.549438477	55.0708274841
661.890136719	56.3527336121
663.230773926	56.8569412231
664.571411133	54.6261711121
665.912109375	54.3538398743
667.252746582	57.0603981018
668.593383789	56.7617683411
669.934082031	54.9963302612
671.274719238	56.6986732483
672.615356445	57.9101905823
673.956054688	57.7841796875
675.296691895	57.5189056396
676.637390137	55.356552124
677.978027344	57.5378608704
679.318664551	56.9144248962
680.659362793	56.5398178101
682	56.2128562927
683.340637207	56.9383888245
684.681335449	57.1159057617
686.021972656	57.2789001465
687.362609863	57.6370811462
688.703308105	57.5013618469
690.043945313	57.8810310364
691.384643555	57.8073654175
692.725280762	58.8427276611
694.065917969	58.8072624207
695.406616211	58.1766090393
696.747253418	57.2754478455
698.087890625	56.7794952393
699.428588867	57.6999511719
700.769226074	58.5841789246
702.109863281	57.6164627075
703.450561523	58.1041717529
704.79119873	56.8168449402
706.131896973	56.4979171753
707.47253418	55.4164505005
708.813171387	55.5356941223
710.153869629	57.9359436035
711.494506836	57.7993736267
712.835144043	56.4774627686
714.175842285	56.9520378113
715.516479492	57.1770858765
716.857116699	56.8023147583
718.197814941	56.7005004883
719.538452148	56.877948761
720.879150391	57.0954589844
722.219787598	57.3820724487
723.560424805	58.6842575073
724.901123047	57.921710968
726.241760254	57.4976158142
727.582397461	58.2344207764
728.923095703	56.4556808472
730.26373291	56.2053565979
731.604370117	57.3515319824
732.945068359	58.0129432678
734.285705566	56.8483886719
735.626403809	56.2074775696
736.967041016	57.9624061584
738.307678223	58.0154838562
739.648376465	55.9838867188
740.989013672	54.908416748
742.329650879	55.8101768494
743.670349121	56.7228775024
745.010986328	57.5994224548
746.351623535	56.1222076416
747.692321777	56.4131164551
749.032958984	56.2362976074
750.373596191	56.0836639404
751.714294434	56.6626739502
753.054931641	55.7475204468
754.395629883	54.6479225159
755.73626709	55.534828186
757.076904297	55.5950050354
758.417602539	55.1972007751
759.758239746	54.8763237
761.098876953	56.4301605225
762.439575195	55.6745948792
763.780212402	56.308380127
765.120849609	56.2480430603
766.461547852	55.320110321
767.802185059	55.2688140869
769.142883301	56.4181480408
770.483520508	57.1057662964
771.824157715	56.6473617554
773.164855957	55.4461669922
774.505493164	54.4817085266
775.846130371	55.8919906616
777.186828613	56.4999427795
778.52746582	56.8312263489
779.868103027	56.5526580811
781.20880127	56.8057975769
782.549438477	57.4799842834
783.890136719	57.023639679
785.230773926	56.3774108887
786.571411133	58.8894271851
787.912109375	55.1934585571
789.252746582	55.9940795898
790.593383789	56.1424255371
791.934082031	55.6472930908
793.274719238	56.8127250671
794.615356445	56.0669937134
795.956054688	55.0803642273
797.296691895	55.4497756958
798.637390137	55.7498168945
799.978027344	55.7612380981
801.318664551	56.9745979309
802.659362793	55.6055030823
804	57.0127639771
805.340637207	56.4878234863
806.681335449	56.0795211792
808.021972656	56.0177764893
809.362609863	55.7701644897
810.703308105	55.8541946411
812.043945313	56.4817123413
813.384643555	57.1026344299
814.725280762	57.2360649109
816.065917969	56.8042297363
817.406616211	56.3889884949
818.747253418	58.093536377
820.087890625	57.9527359009
821.428588867	56.1819915771
822.769226074	57.0674057007
824.109863281	57.5671386719
825.450561523	57.443447113
826.79119873	57.3554763794
828.131896973	57.1632270813
829.47253418	57.0256462097
830.813171387	57.4082489014
832.153869629	57.0192451477
833.494506836	55.3362922668
834.835144043	57.3494873047
836.175842285	58.2554550171
837.516479492	57.164024353
838.857116699	57.5111312866
840.197814941	56.7325019836
841.538452148	56.0494918823
842.879150391	56.9497413635
844.219787598	57.8407783508
845.560424805	57.6643486023
846.901123047	57.7836074829
848.241760254	56.7959709167
849.582397461	56.3927230835
850.923095703	56.1631088257
852.26373291	57.7538719177
853.604370117	58.630191803
854.945068359	58.5798797607
856.285705566	59.9711303711
857.626403809	60.346622467
858.967041016	58.3701591492
860.307678223	57.5559158325
861.648376465	59.8825302124
862.989013672	61.5449523926
864.329650879	59.7174186707
865.670349121	58.1318702698
867.010986328	60.3091392517
868.351623535	57.4766807556
869.692321777	57.9638710022
871.032958984	57.4574775696
872.373596191	56.9040107727
873.714294434	56.2983894348
875.054931641	55.9564094543
876.395629883	56.4083213806
877.73626709	56.3058776855
879.076904297	57.0121994019
880.417602539	58.8723373413
881.758239746	54.7615470886
883.098876953	57.0113105774
884.439575195	56.6516304016
885.780212402	55.7415542603
887.120849609	57.2062911987
888.461547852	57.1792640686
889.802185059	57.6050834656
891.142883301	57.6585769653
892.483520508	56.4057006836
893.824157715	56.763004303
895.164855957	57.5101280212
896.505493164	59.9595527649
897.846130371	57.4566879272
899.186828613	56.6423873901
900.52746582	56.9938926697
901.868103027	59.078918457
903.20880127	56.2720680237
904.549438477	57.6407051086
905.890136719	58.0758705139
907.230773926	57.7542953491
908.571411133	58.6829299927
909.912109375	58.5749931335
911.252746582	57.7611885071
912.593383789	57.9846839905
913.934082031	56.7957839966
915.274719238	57.7378501892
916.615356445	57.9987068176
917.956054688	57.936378479
919.296691895	57.6406517029
920.637390137	58.1690979004
921.978027344	57.5378761292
923.318664551	57.5045318604
924.659362793	57.6176605225
926	57.4489021301
927.340637207	57.3778305054
928.681335449	56.8077087402
930.021972656	57.1166763306
931.362609863	57.1690254211
932.703308105	57.2669563293
934.043945313	55.0850639343
935.384643555	55.4824333191
936.725280762	55.7554092407
938.065917969	56.2745895386
939.406616211	56.9129905701
940.747253418	57.3076934814
942.087890625	56.510345459
943.428588867	55.7607841492
944.769226074	56.2802772522
946.109863281	56.6703414917
947.450561523	56.5087089539
948.79119873	57.2435150146
950.131896973	54.8453369141
951.47253418	54.6196136475
952.813171387	54.0405845642
954.153869629	53.6637496948
955.494506836	53.4730682373
956.835144043	55.1605262756
958.175842285	55.7567214966
959.516479492	55.1761856079
960.857116699	55.3641548157
962.197814941	55.186794281
963.538452148	53.7590179443
964.879150391	53.129863739
966.219787598	52.8262367249
967.560424805	53.3429832458
968.901123047	55.5337409973
970.241760254	53.2611503601
971.582397461	51.1395111084
972.923095703	54.3232688904
974.26373291	54.592048645
975.604370117	54.6820487976
976.945068359	53.5243301392
978.285705566	53.1905593872
979.626403809	54.3417816162
980.967041016	53.9074783325
982.307678223	52.1204376221
983.648376465	53.0356445313
984.989013672	54.7022209167
986.329650879	52.3489112854
987.670349121	52.4161567688
989.010986328	54.57629776
990.351623535	53.4744491577
991.692321777	52.4390602112
993.032958984	52.9345970154
994.373596191	51.9878196716
995.714294434	51.4882621765
997.054931641	52.2533149719
998.395629883	53.0670089722
999.73626709	53.1353416443
1001.0769043	53.1755905151
1002.41760254	53.1086769104
1003.75823975	53.0069313049
1005.09887695	54.9187164307
1006.4395752	54.0818786621
1007.7802124	52.3463630676
1009.12084961	54.0428848267
1010.46154785	51.3370552063
1011.80218506	51.933265686
1013.1428833	53.3044662476
1014.48352051	53.7573356628
1015.82415771	52.5260391235
1017.16485596	53.4313964844
1018.50549316	53.128993988
1019.84613037	52.766658783
1021.18682861	53.6078033447
1022.52746582	53.1730957031
1023.86810303	52.8097419739
1025.20874023	53.7543640137
1026.54943848	52.2165679932
1027.89013672	53.2729682922
1029.23071289	53.9622688293
1030.57141113	54.4533157349
1031.91210938	53.0962333679
1033.25280762	52.5191307068
1034.59338379	52.8974189758
1035.93408203	52.6678924561
1037.27478027	52.4996490479
1038.61535645	52.9860610962
1039.95605469	52.9361915588
1041.29675293	52.5377197266
1042.6373291	52.6686096191
1043.97802734	53.5665779114
1045.31872559	54.2639389038
1046.65930176	52.8130950928
1048	52.7213783264
1049.34069824	52.3985519409
1050.68127441	53.9530410767
1052.02197266	52.5367774963
1053.3626709	54.2187919617
1054.70324707	54.0808982849
1056.04394531	53.0091743469
1057.38464355	52.077545166
1058.72521973	52.3548927307
1060.06591797	53.4208526611
1061.40661621	53.4697990417
1062.74719238	54.5248298645
1064.08789063	54.9260902405
1065.42858887	54.1964416504
1066.76928711	55.821018219
1068.10986328	56.2649612427
1069.45056152	55.4795875549
1070.79125977	56.0216522217
1072.13183594	56.5080528259
1073.47253418	55.6070861816
1074.81323242	55.8778610229
1076.15380859	55.7996940613
1077.49450684	56.0478858948
1078.83520508	56.881149292
1080.17578125	55.8890037537
1081.51647949	55.3421936035
1082.85717773	55.4343338013
1084.19775391	55.3511657715
1085.53845215	54.9950447083
1086.87915039	55.3313522339
1088.21972656	56.2723197937
1089.5604248	56.602935791
1090.90112305	55.706161499
1092.24169922	53.8311309814
1093.58239746	54.5943565369
1094.9230957	53.6393432617
1096.26379395	54.5912132263
1097.60437012	53.899143219
1098.94506836	54.0698890686
1100.2857666	52.6575279236
1101.62634277	52.6951217651
1102.96704102	54.1061935425
1104.30773926	52.932559967
1105.64831543	53.089263916
1106.98901367	53.2415542603
1108.32971191	52.945350647
1109.67028809	53.2290420532
1111.01098633	53.4023780823
1112.35168457	52.5353240967
1113.69226074	52.0432014465
1115.03295898	52.97397995
1116.37365723	52.9933547974
1117.7142334	52.010093689
1119.05493164	51.6534500122
1120.39562988	51.3557891846
1121.73620605	52.7097816467
1123.0769043	52.1902160645
1124.41760254	51.190700531
1125.75830078	51.125869751
1127.09887695	52.0214157104
1128.4395752	51.8881454468
1129.78027344	53.3097381592
1131.12084961	53.1640472412
1132.46154785	52.8705177307
1133.80224609	52.7968826294
1135.14282227	52.848285675
1136.48352051	52.7028923035
1137.82421875	52.8043403625
1139.16479492	52.6284790039
1140.50549316	51.0099372864
1141.84619141	51.1283226013
1143.18676758	51.9988441467
1144.52746582	52.2155685425
1145.86816406	52.4254302979
1147.20874023	53.6168441772
1148.54943848	50.9824523926
1149.89013672	53.7060813904
1151.23071289	51.9922447205
1152.57141113	52.0344352722
1153.91210938	53.2723693848
1155.25280762	52.8988494873
1156.59338379	51.1327629089
1157.93408203	50.1062812805
1159.27478027	50.5839157104
1160.61535645	51.6254119873
1161.95605469	51.4621696472
1163.29675293	51.0141334534
1164.6373291	51.965473175
1165.97802734	52.4927978516
1167.31872559	51.4170036316
1168.65930176	51.6730995178
1170	52.872253418
1171.34069824	51.8908958435
1172.68127441	51.7635955811
1174.02197266	50.843963623
1175.3626709	51.3121490479
1176.70324707	52.0385055542
1178.04394531	53.2681007385
1179.38464355	50.782207489
1180.72521973	52.7293739319
1182.06591797	53.3227729797
1183.40661621	52.3867988586
1184.74719238	51.824924469
1186.08789063	51.7916412354
1187.42858887	53.4580459595
1188.76928711	52.2753982544
1190.10986328	51.1819648743
1191.45056152	51.9506988525
1192.79125977	51.9173240662
1194.13183594	51.788520813
1195.47253418	52.3544998169
1196.81323242	52.6911735535
1198.15380859	53.3423461914
1199.49450684	52.3176002502
1200.83520508	51.6084747314
1202.17578125	52.3309402466
1203.51647949	52.0183982849
1204.85717773	53.5580062866
1206.19775391	52.4747161865
1207.53845215	51.9261550903
1208.87915039	53.0110168457
1210.21972656	53.5372772217
1211.5604248	54.2599334717
1212.90112305	52.147026062
1214.24169922	52.5768470764
1215.58239746	51.5269165039
1216.9230957	52.8258476257
1218.26379395	54.1570281982
1219.60437012	53.847278595
1220.94506836	53.637424469
1222.2857666	53.2991981506
1223.62634277	53.6892585754
1224.96704102	53.3182907104
1226.30773926	52.9483032227
1227.64831543	55.0215034485
1228.98901367	55.6980133057
1230.32971191	53.9602584839
1231.67028809	53.3446388245
1233.01098633	53.0282974243
1234.35168457	53.1841239929
1235.69226074	55.6041984558
1237.03295898	54.6094245911
1238.37365723	51.9973373413
1239.7142334	52.8343467712
1241.05493164	53.1800880432
1242.39562988	54.0665740967
1243.73620605	53.5596961975
1245.0769043	52.4915504456
1246.41760254	53.538646698
1247.75830078	52.875831604
1249.09887695	52.1583747864
1250.4395752	54.3249397278
1251.78027344	55.2100219727
1253.12084961	54.0646438599
1254.46154785	53.83253479
1255.80224609	55.2116470337
1257.14282227	54.9440994263
1258.48352051	54.6402626038
1259.82421875	55.0893554688
1261.16479492	55.5731544495
1262.50549316	54.6958084106
1263.84619141	53.3964309692
1265.18676758	54.6063575745
1266.52746582	55.0497550964
1267.86816406	54.7368392944
1269.20874023	53.7475738525
1270.54943848	54.9231872559
1271.89013672	56.3692550659
1273.23071289	55.8079223633
1274.57141113	56.095123291
1275.91210938	55.1875762939
1277.25280762	54.5749549866
1278.59338379	54.067237854
1279.93408203	55.2425842285
1281.27478027	54.7798156738
1282.61535645	57.64585495
1283.95605469	55.7291030884
1285.29675293	55.9667167664
1286.6373291	54.6828155518
1287.97802734	54.5789222717
1289.31872559	57.747379303
1290.65930176	58.5262718201
1292	58.3091049194
1293.34069824	58.5279998779
1294.68127441	57.5447235107
1296.02197266	57.5247344971
1297.3626709	57.5550727844
1298.70324707	57.9660072327
1300.04394531	58.9100418091
1301.38464355	59.5946807861
1302.72521973	58.8076934814
1304.06591797	57.858959198
1305.40661621	58.9692726135
1306.74719238	59.5097389221
1308.08789063	59.6587600708
1309.42858887	60.600063324
1310.76928711	60.873588562
1312.10986328	61.2506713867
1313.45056152	62.9591598511
1314.79125977	62.9958343506
1316.13183594	61.3385009766
1317.47253418	61.7900695801
1318.81323242	62.1501922607
1320.15380859	61.1740341187
1321.49450684	61.5665893555
1322.83520508	63.0823059082
1324.17578125	70.4618911743
1325.51647949	67.910484314
1326.85717773	68.811164856
1328.19775391	70.0255508423
1329.53845215	70.7603988647
1330.87915039	71.8909606934
1332.21972656	74.7095184326
1333.5604248	75.6042327881
1334.90112305	75.1261367798
1336.24169922	73.6110610962
1337.58239746	74.165763855
1338.9230957	73.7060928345
1340.26379395	72.9843826294
1341.60437012	70.5503463745
1342.94506836	69.2455291748
1344.2857666	68.9871902466
1345.62634277	67.323638916
1346.96704102	66.0272369385
1348.30773926	64.7675857544
1349.64831543	63.3657798767
1350.98901367	62.2543640137
1352.32971191	61.2612800598
1353.67028809	60.8833847046
1355.01098633	61.4454917908
1356.35168457	61.3899650574
1357.69226074	59.1352233887
1359.03295898	58.3213195801
1360.37365723	58.9052963257
1361.7142334	59.7017478943
1363.05493164	59.3591308594
1364.39562988	59.961605072
1365.73620605	60.7866668701
1367.0769043	59.4912376404
1368.41760254	58.4451408386
1369.75830078	58.1801071167
1371.09887695	58.9788093567
1372.4395752	57.9295883179
1373.78027344	58.0214385986
1375.12084961	57.1969223022
1376.46154785	55.7660140991
1377.80224609	59.1645050049
1379.14282227	58.905254364
1380.48352051	57.4356613159
1381.82421875	56.5130271912
1383.16479492	55.3311462402
1384.50549316	57.0477180481
1385.84619141	56.5654830933
1387.18676758	55.9833374023
1388.52746582	56.917224884
1389.86816406	56.6895446777
1391.20874023	58.2464485168
1392.54943848	58.3531074524
1393.89013672	57.5907516479
1395.23071289	58.756526947
1396.57141113	56.9872283936
1397.91210938	57.0078201294
1399.25280762	57.0654640198
1400.59338379	57.9888496399
1401.93408203	56.5742340088
1403.27478027	56.1496276855
1404.61535645	56.801486969
1405.95605469	55.6538925171
1407.29675293	56.1779937744
1408.6373291	57.0815391541
1409.97802734	58.5061378479
1411.31872559	57.789478302
1412.65930176	57.7778549194
1414	56.2650871277
1415.34069824	56.7821960449
1416.68127441	59.4502601624
1418.02197266	59.448589325
1419.3626709	57.9514007568
1420.70324707	58.5874633789
1422.04394531	60.1401062012
1423.38464355	59.3568534851
1424.72521973	59.2604560852
1426.06591797	59.2021980286
1427.40661621	59.6527137756
1428.74719238	61.1566734314
1430.08789063	60.6977005005
1431.42858887	60.2058830261
1432.76928711	60.805229187
1434.10986328	61.8110237122
1435.45056152	61.3071136475
1436.79125977	62.3815002441
1438.13183594	62.7898635864
1439.47253418	60.8834877014
1440.81323242	61.0403442383
1442.15380859	62.7470245361
1443.49450684	59.8123092651
1444.83520508	62.2523574829
1446.17578125	64.0727615356
1447.51647949	60.7810935974
1448.85717773	62.0183067322
1450.19775391	62.8940429688
1451.53845215	60.5918922424
1452.87915039	61.1164665222
1454.21972656	63.7162094116
1455.5604248	61.9964790344
1456.90112305	62.0425300598
1458.24169922	61.0284690857
1459.58239746	64.1055221558
1460.9230957	64.9290618896
1462.26379395	63.7882156372
1463.60437012	63.3312530518
1464.94506836	63.0660667419
1466.2857666	61.3237304688
1467.62634277	63.1812705994
1468.96704102	63.3886489868
1470.30773926	66.3253555298
1471.64831543	66.4114761353
1472.98901367	67.2198867798
1474.32971191	67.1946105957
1475.67028809	67.0938339233
1477.01098633	67.6490631104
1478.35168457	67.8554458618
1479.69226074	69.1112594604
1481.03295898	69.7938232422
1482.37365723	67.9367980957
1483.7142334	68.9201507568
1485.05493164	70.5314407349
1486.39562988	69.5826873779
1487.73620605	70.3937454224
1489.0769043	72.322593689
1490.41760254	73.1220092773
1491.75830078	72.4596633911
1493.09887695	74.0894546509
1494.4395752	74.5371627808
1495.78027344	77.2034378052
1497.12084961	78.224105835
1498.46154785	77.5166320801
1499.80224609	79.2286376953
1501.14282227	80.384552002
1502.48352051	81.1234359741
1503.82421875	84.2895736694
1505.16479492	83.8349151611
1506.50549316	85.227432251
1507.84619141	87.1157989502
1509.18676758	87.2350616455
1510.52746582	90.0952758789
1511.86816406	90.8515701294
1513.20874023	93.0234146118
1514.54943848	96.0356674194
1515.89013672	99.7209396362
1517.23071289	102.7734375
1518.57141113	102.029434204
1519.91210938	107.88898468
1521.25280762	109.331878662
1522.59338379	114.317565918
1523.93408203	121.5754776
1525.27478027	120.487785339
1526.61535645	123.994026184
1527.95605469	130.33895874
1529.29675293	137.203186035
1530.6373291	141.759597778
1531.97802734	150.086273193
1533.31872559	154.408294678
1534.65930176	159.474395752
1536	168.029647827
1537.34069824	179.322250366
1538.68127441	196.297195435
1540.02197266	206.62310791
1541.3626709	217.436019897
1542.70324707	234.056533813
1544.04394531	245.643508911
1545.38464355	251.803665161
1546.72521973	261.020629883
1548.06591797	275.012664795
1549.40661621	283.781158447
1550.74719238	303.071899414
1552.08789063	316.21307373
1553.42858887	365.921173096
1554.76928711	399.52557373
1556.10986328	437.015014648
1557.45056152	489.623016357
1558.79125977	538.722045898
1560.13183594	587.593078613
1561.47253418	637.620178223
1562.81323242	682.781311035
1564.15380859	705.412597656
1565.49450684	754.532348633
1566.83520508	794.710449219
1568.17578125	821.959960938
1569.51647949	884.12298584
1570.85717773	889.068054199
1572.19775391	914.366333008
1573.53845215	943.565734863
1574.87915039	974.967712402
1576.21972656	989.423828125
1577.5604248	991.551147461
1578.90112305	967.980407715
1580.24169922	941.11138916
1581.58239746	943.115478516
1582.9230957	1006.12646484
1584.26379395	1088.1270752
1585.60437012	1250.28051758
1586.94506836	1467.59436035
1588.2857666	1758.41467285
1589.62634277	2061.46850586
1590.96704102	2282.80834961
1592.30773926	2423.92822266
1593.64831543	2438.68896484
1594.98901367	2323.52636719
1596.32971191	2187.77148438
1597.67028809	1996.90075684
1599.01098633	1786.20556641
1600.35168457	1615.04919434
1601.69226074	1421.42016602
1603.03295898	1253.44238281
1604.37365723	1108.83544922
1605.7142334	989.958984375
1607.05493164	892.830078125
1608.39562988	767.532226563
1609.73620605	686.693359375
1611.0769043	610.733215332
1612.41760254	551.108276367
1613.75830078	484.340118408
1615.09887695	437.26449585
1616.4395752	389.293304443
1617.78027344	365.555725098
1619.12084961	323.93359375
1620.46154785	288.436828613
1621.80224609	266.957794189
1623.14282227	246.240631104
1624.48352051	219.887237549
1625.82421875	205.485229492
1627.16479492	186.817398071
1628.50549316	174.243652344
1629.84619141	164.775161743
1631.18676758	151.589431763
1632.52746582	143.525009155
1633.86816406	135.988372803
1635.20874023	130.208557129
1636.54943848	120.297546387
1637.89013672	116.518943787
1639.23071289	110.692977905
1640.57141113	106.713233948
1641.91210938	100.500961304
1643.25280762	96.1608047485
1644.59338379	93.5352249146
1645.93408203	91.105758667
1647.27478027	90.9660186768
1648.61535645	87.3559494019
1649.95605469	83.4574356079
1651.29675293	82.1081237793
1652.6373291	81.6563873291
1653.97802734	79.7150421143
1655.31872559	78.3399810791
1656.65930176	79.5935287476
1658	75.2925033569
1659.34069824	73.5388031006
1660.68127441	73.0264968872
1662.02197266	71.180809021
1663.3626709	72.0413818359
1664.70324707	71.3411254883
1666.04394531	69.138633728
1667.38464355	68.894317627
1668.72521973	68.1799316406
1670.06591797	67.5364837646
1671.40661621	67.2432937622
1672.74719238	67.132019043
1674.08789063	66.6555557251
1675.42858887	65.0548706055
1676.76928711	65.4874801636
1678.10986328	66.8019485474
1679.45056152	64.843788147
1680.79125977	63.1452636719
1682.13183594	62.2022514343
1683.47253418	63.3469696045
1684.81323242	64.293548584
1686.15380859	63.0974617004
1687.49450684	62.7554168701
1688.83520508	63.524520874
1690.17578125	63.3017997742
1691.51647949	61.83436203
1692.85717773	60.0211296082
1694.19775391	60.6857795715
1695.53845215	62.9853401184
1696.87915039	62.0446128845
1698.21972656	61.6473693848
1699.5604248	61.71534729
1700.90112305	59.2145881653
1702.24169922	59.388759613
1703.58239746	61.0252532959
1704.9230957	58.8968086243
1706.26379395	61.6636505127
1707.60437012	60.8861541748
1708.94506836	61.8767433167
1710.2857666	61.3288726807
1711.62634277	62.3016586304
1712.96704102	62.3886566162
1714.30773926	61.9671363831
1715.64831543	63.1886711121
1716.98901367	59.7720985413
1718.32971191	63.3123512268
1719.67028809	64.3752593994
1721.01098633	63.1598548889
1722.35168457	65.2518539429
1723.69226074	64.1106185913
1725.03295898	66.5863342285
1726.37365723	65.3602676392
1727.7142334	65.3000869751
1729.05493164	65.3643569946
1730.39562988	64.9334487915
1731.73620605	65.2145309448
1733.0769043	66.2791290283
1734.41760254	66.3470535278
1735.75830078	67.015335083
1737.09887695	68.37059021
1738.4395752	69.1722640991
1739.78027344	70.3782196045
1741.12084961	71.4274368286
1742.46154785	73.2070541382
1743.80224609	73.2049407959
1745.14282227	73.1294937134
1746.48352051	73.0735626221
1747.82421875	74.1457901001
1749.16479492	75.5888671875
1750.50549316	77.4145584106
1751.84619141	78.0558166504
1753.18676758	78.5110626221
1754.52746582	76.4706802368
1755.86816406	77.3901672363
1757.20874023	77.8292694092
1758.54943848	76.0490875244
1759.89013672	76.2051696777
1761.23071289	74.5053787231
1762.57141113	72.7041702271
1763.91210938	74.5773620605
1765.25280762	72.3690338135
1766.59338379	71.3991317749
1767.93408203	70.6563339233
1769.27478027	70.2093200684
1770.61535645	70.1674880981
1771.95605469	68.6380310059
1773.29675293	70.8539505005
1774.6373291	69.1386795044
1775.97802734	67.6319580078
1777.31872559	67.6764068604
1778.65930176	69.0378875732
1780	64.9436569214
1781.34069824	66.1406936646
1782.68127441	66.0355834961
1784.02197266	63.9871063232
1785.3626709	61.1736412048
1786.70324707	62.4301338196
1788.04394531	62.2046775818
1789.38464355	61.777256012
1790.72521973	61.0783500671
1792.06591797	60.5857620239
1793.40661621	61.1234664917
1794.74719238	60.576084137
1796.08789063	60.7915878296
1797.42858887	59.5157356262
1798.76928711	59.8829193115
1800.10986328	59.802116394
1801.45056152	60.3727378845
1802.79125977	59.7833366394
1804.13183594	58.5490112305
1805.47253418	57.3493804932
1806.81323242	57.7449111938
1808.15380859	58.2136573792
1809.49450684	58.1580657959
1810.83520508	57.2302360535
1812.17578125	57.1152114868
1813.51647949	56.4779243469
1814.85717773	55.7256774902
1816.19775391	57.5632972717
1817.53845215	56.4274902344
1818.87915039	56.1222839355
1820.21972656	54.9773445129
1821.5604248	54.5736846924
1822.90112305	54.0141296387
1824.24169922	55.6332054138
1825.58239746	53.1165428162
1826.9230957	54.1469116211
1828.26379395	54.3910942078
1829.60437012	53.8065414429
1830.94506836	54.593662262
1832.2857666	52.9185447693
1833.62634277	52.453742981
1834.96704102	52.1939506531
1836.30773926	51.8866157532
1837.64831543	52.4792022705
1838.98901367	52.8352432251
1840.32971191	52.9900894165
1841.67028809	52.9825973511
1843.01098633	54.2567138672
1844.35168457	53.9178962708
1845.69226074	53.1963539124
1847.03295898	52.8616676331
1848.37365723	52.6022758484
1849.7142334	52.4993209839
1851.05493164	52.3956680298
1852.39562988	53.3907203674
1853.73620605	51.912322998
1855.0769043	52.9578857422
1856.41760254	52.1417236328
1857.75830078	52.3559913635
1859.09887695	53.6219978333
1860.4395752	52.4575691223
1861.78027344	52.8994750977
1863.12084961	54.1536750793
1864.46154785	51.9354629517
1865.80224609	53.0913085938
1867.14282227	52.0331192017
1868.48352051	52.3994216919
1869.82421875	52.8585548401
1871.16479492	51.8768844604
1872.50549316	53.2596740723
1873.84619141	53.053024292
1875.18676758	51.6470909119
1876.52746582	51.368938446
1877.86816406	50.709438324
1879.20874023	50.6707725525
1880.54943848	51.0781936646
1881.89013672	50.850605011
1883.23071289	52.0101966858
1884.57141113	51.6067199707
1885.91210938	51.5439834595
1887.25280762	52.7457618713
1888.59338379	51.5597915649
1889.93408203	51.803768158
1891.27478027	53.7700920105
1892.61535645	51.4604034424
1893.95605469	54.1174163818
1895.29675293	52.3297576904
1896.6373291	52.8526229858
1897.97802734	52.8829612732
1899.31872559	52.0104255676
1900.65930176	51.8958396912
1902	52.4978256226
1903.34069824	51.7230834961
1904.68127441	52.3534011841
1906.02197266	52.85131073
1907.3626709	52.4543914795
1908.70324707	52.074432373
1910.04394531	52.6604385376
1911.38464355	53.5303916931
1912.72521973	51.5278739929
1914.06591797	52.1097564697
1915.40661621	52.8707695007
1916.74719238	52.5671691895
1918.08789063	53.098777771
1919.42858887	51.9926872253
1920.76928711	53.0060997009
1922.10986328	53.3825912476
1923.45056152	53.9245452881
1924.79125977	52.6893424988
1926.13183594	53.0155792236
1927.47253418	54.013835907
1928.81323242	54.0405693054
1930.15380859	53.57006073
1931.49450684	53.7472724915
1932.83520508	54.402961731
1934.17578125	54.2693939209
1935.51647949	54.1557312012
1936.85717773	54.8249168396
1938.19775391	55.1034202576
1939.53845215	54.7621421814
1940.87915039	54.8948097229
1942.21972656	54.4419975281
1943.5604248	55.4200134277
1944.90112305	55.7118606567
1946.24169922	54.3248939514
1947.58239746	56.679485321
1948.9230957	55.6484336853
1950.26379395	56.6446762085
1951.60437012	56.8212394714
1952.94506836	54.8640899658
1954.2857666	55.7318153381
1955.62634277	56.4572067261
1956.96704102	55.9676094055
1958.30773926	54.5147361755
1959.64831543	55.7819595337
1960.98901367	56.8278198242
1962.32971191	57.5202827454
1963.67028809	56.2148132324
1965.01098633	56.4562606812
1966.35168457	57.4303817749
1967.69226074	58.0017738342
1969.03295898	59.5775718689
1970.37365723	56.5415725708
1971.7142334	56.9065513611
1973.05493164	57.3384284973
1974.39562988	56.5873565674
1975.73620605	54.7580108643
1977.0769043	56.1573066711
1978.41760254	55.5775794983
1979.75830078	57.2284889221
1981.09887695	57.3884277344
1982.4395752	56.7838020325
1983.78027344	56.2497825623
1985.12084961	56.2831535339
1986.46154785	55.4625473022
1987.80224609	53.53490448
1989.14282227	54.0586585999
1990.48352051	55.6278457642
1991.82421875	53.4885253906
1993.16479492	53.3503379822
1994.50549316	54.0323867798
1995.84619141	53.880279541
1997.18676758	54.7807044983
1998.52746582	52.8394317627
1999.86816406	54.4518737793
2001.20874023	53.3468704224
2002.54943848	52.0272102356
2003.89013672	52.1665687561
2005.23071289	52.1523361206
2006.57141113	51.267414093
2007.91210938	51.2409095764
2009.25280762	51.4953193665
2010.59338379	51.1038398743
2011.93408203	51.337638855
2013.27478027	50.4225730896
2014.61535645	51.3657150269
2015.95605469	52.4146347046
2017.29675293	50.672870636
2018.6373291	51.2944526672
2019.97802734	50.1812400818
2021.31872559	50.0204277039
2022.65930176	50.9175720215
2024	49.8957481384
2025.34069824	50.6067962646
2026.68127441	49.8493003845
2028.02197266	50.1114273071
2029.3626709	50.2060279846
2030.70324707	49.511013031
2032.04394531	49.4091453552
2033.38464355	48.8961715698
2034.72521973	50.5907478333
2036.06591797	50.3748016357
2037.40661621	47.7711181641
2038.74719238	50.015335083
2040.08789063	49.4675445557
2041.42858887	50.158039093
2042.76928711	49.4786262512
2044.10986328	50.7012634277
2045.45056152	48.6143417358
2046.79125977	48.4927787781
2048.13183594	48.2715072632
2049.47241211	49.4211273193
2050.81323242	49.5243110657
2052.15380859	49.8439064026
2053.49438477	49.5699157715
2054.83520508	48.9868049622
2056.17578125	49.1640510559
2057.51660156	48.7065696716
2058.85717773	49.0900154114
2060.19775391	48.1616020203
2061.53857422	48.2771530151
2062.87915039	48.2577018738
2064.21972656	48.0756835938
2065.56054688	49.5672683716
2066.90112305	48.3424263
2068.24169922	49.1657104492
2069.58251953	48.84715271
2070.9230957	48.4053382874
2072.26367188	48.4733276367
2073.60449219	49.0008735657
2074.94506836	48.8163032532
2076.28564453	48.0872688293
2077.62646484	46.9808158875
2078.96704102	48.0620651245
2080.30761719	49.8689422607
2081.6484375	48.5759811401
2082.98901367	48.8631286621
2084.32958984	48.246421814
2085.67041016	47.5836791992
2087.01098633	46.8180885315
2088.3515625	47.2789344788
2089.69238281	47.0142402649
2091.03295898	47.9878387451
2092.37353516	47.929725647
2093.71435547	46.9238052368
2095.05493164	48.8840141296
2096.39550781	48.0123252869
2097.73632813	47.5176277161
2099.0769043	47.6539459229
2100.41748047	47.6150665283
2101.75830078	47.9455451965
2103.09887695	47.0145721436
2104.43945313	48.2966079712
2105.78027344	48.3954162598
2107.12084961	48.4376182556
2108.46142578	47.8648262024
2109.80224609	47.950050354
2111.14282227	48.3377151489
2112.48339844	49.1963844299
2113.82421875	48.7521247864
2115.16479492	48.9860458374
2116.50561523	48.9788246155
2117.84619141	47.3524055481
2119.18676758	48.16664505
2120.52758789	47.7948875427
2121.86816406	47.3443374634
2123.20874023	47.8277893066
2124.54956055	47.5572128296
2125.89013672	48.6134567261
2127.23071289	47.8673820496
2128.5715332	47.6206321716
2129.91210938	48.2053565979
2131.25268555	48.2961044312
2132.59350586	47.794418335
2133.93408203	48.3224830627
2135.2746582	46.9315071106
2136.61547852	46.9908485413
2137.95605469	47.7848052979
2139.29663086	49.3057441711
2140.63745117	48.5714797974
2141.97802734	47.3088417053
2143.31860352	48.5981521606
2144.65942383	49.3713150024
2146	47.80235672
2147.34057617	48.3632202148
2148.68139648	47.5954208374
2150.02197266	48.4255065918
2151.36254883	48.5415382385
2152.70336914	48.0433883667
2154.04394531	48.2166557312
2155.38452148	47.9955825806
2156.7253418	48.2768669128
2158.06591797	47.3800544739
2159.40649414	47.0366020203
2160.74731445	48.6264266968
2162.08789063	49.2722167969
2163.4284668	49.7828712463
2164.76928711	48.5866203308
2166.10986328	47.2010803223
2167.45043945	48.3228645325
2168.79125977	48.9960670471
2170.13183594	47.0080718994
2171.47241211	48.8135528564
2172.81323242	47.7311172485
2174.15380859	48.1683654785
2175.49438477	47.837310791
2176.83520508	48.3961219788
2178.17578125	48.1532020569
2179.51660156	49.146232605
2180.85717773	48.4281730652
2182.19775391	49.0043754578
2183.53857422	48.3106040955
2184.87915039	48.0711517334
2186.21972656	47.3391456604
2187.56054688	48.7853088379
2188.90112305	48.557559967
2190.24169922	49.2255096436
2191.58251953	49.6096572876
2192.9230957	49.0594902039
2194.26367188	47.7360992432
2195.60449219	49.2906494141
2196.94506836	49.0393371582
2198.28564453	48.9816436768
2199.62646484	48.5316925049
2200.96704102	48.4374504089
2202.30761719	47.138671875
2203.6484375	47.7533683777
2204.98901367	49.5907669067
2206.32958984	48.7111778259
2207.67041016	47.8626937866
2209.01098633	48.3295936584
2210.3515625	48.736995697
2211.69238281	50.2546310425
2213.03295898	46.8971061707
2214.37353516	49.0652389526
2215.71435547	49.8605766296
2217.05493164	47.9763374329
2218.39550781	47.7878341675
2219.73632813	48.8975257874
2221.0769043	49.0712356567
2222.41748047	49.9172210693
2223.75830078	48.809841156
2225.09887695	48.7855949402
2226.43945313	47.4719200134
2227.78027344	48.4668884277
2229.12084961	48.6596717834
2230.46142578	49.06199646
2231.80224609	48.2878112793
2233.14282227	49.3446273804
2234.48339844	48.7671966553
2235.82421875	48.5141181946
2237.16479492	49.1057662964
2238.50561523	49.2726402283
2239.84619141	49.1797637939
2241.18676758	48.5163269043
2242.52758789	48.5804214478
2243.86816406	49.2943878174
2245.20874023	47.5267562866
2246.54956055	47.8014793396
2247.89013672	48.0969352722
2249.23071289	48.4900093079
2250.5715332	48.1360664368
2251.91210938	48.0294494629
2253.25268555	48.4562225342
2254.59350586	48.5716934204
2255.93408203	48.6221313477
2257.2746582	48.47706604
2258.61547852	47.6384963989
2259.95605469	48.6249008179
2261.29663086	47.9810600281
2262.63745117	48.1018333435
2263.97802734	46.6648788452
2265.31860352	47.4901390076
2266.65942383	48.4927978516
2268	47.8466529846
2269.34057617	47.5534477234
2270.68139648	47.9594192505
2272.02197266	47.6845169067
2273.36254883	48.8245544434
2274.70336914	48.1512107849
2276.04394531	47.5098495483
2277.38452148	48.1315345764
2278.7253418	48.2359237671
2280.06591797	48.8693466187
2281.40649414	49.5917015076
2282.74731445	48.416885376
2284.08789063	49.295009613
2285.4284668	47.7887191772
2286.76928711	48.4412994385
2288.10986328	47.4584999084
2289.45043945	48.6110572815
2290.79125977	47.8742485046
2292.13183594	47.0729751587
2293.47241211	49.2438049316
2294.81323242	48.1166267395
2296.15380859	49.559715271
2297.49438477	47.8892784119
2298.83520508	47.9991760254
2300.17578125	49.7474784851
2301.51660156	49.2965278625
2302.85717773	48.0307197571
2304.19775391	48.6008453369
2305.53857422	48.6175956726
2306.87915039	49.3526268005
2308.21972656	48.7734603882
2309.56054688	48.3547897339
2310.90112305	48.3841514587
2312.24169922	48.0881462097
2313.58251953	47.8775672913
2314.9230957	48.8001823425
2316.26367188	47.6233100891
2317.60449219	47.704864502
2318.94506836	47.3128547668
2320.28564453	47.6979217529
2321.62646484	48.0024757385
2322.96704102	48.6744422913
2324.30761719	49.1709747314
2325.6484375	48.7036018372
2326.98901367	49.0555839539
2328.32958984	49.4920921326
2329.67041016	49.3652191162
2331.01098633	50.023979187
2332.3515625	49.1402511597
2333.69238281	49.4025306702
2335.03295898	50.259765625
2336.37353516	48.7772521973
2337.71435547	49.1837844849
2339.05493164	48.4084892273
2340.39550781	49.165309906
2341.73632813	48.5782356262
2343.0769043	48.9242095947
2344.41748047	48.6411361694
2345.75830078	47.9366455078
2347.09887695	49.3197402954
2348.43945313	48.6180152893
2349.78027344	48.9738998413
2351.12084961	48.7852706909
2352.46142578	49.4743080139
2353.80224609	50.0876998901
2355.14282227	49.4716873169
2356.48339844	49.4326477051
2357.82421875	49.6310157776
2359.16479492	47.4512329102
2360.50561523	49.8739433289
2361.84619141	49.9740562439
2363.18676758	50.5179176331
2364.52758789	50.4784240723
2365.86816406	50.2028083801
2367.20874023	50.6185951233
2368.54956055	50.2898216248
2369.89013672	49.7421150208
2371.23071289	49.4422340393
2372.5715332	49.5521965027
2373.91210938	49.6615257263
2375.25268555	49.4129219055
2376.59350586	48.456489563
2377.93408203	49.5727500916
2379.2746582	49.8208808899
2380.61547852	50.3215942383
2381.95605469	49.3280906677
2383.29663086	50.5512504578
2384.63745117	50.4494056702
2385.97802734	50.2287750244
2387.31860352	51.6651802063
2388.65942383	51.4013175964
2390	51.0676765442
2391.34057617	51.249458313
2392.68139648	50.7735557556
2394.02197266	51.3809432983
2395.36254883	51.3145217896
2396.70336914	50.7885742188
2398.04394531	50.5003967285
2399.38452148	51.0537452698
2400.7253418	51.2782516479
2402.06591797	51.2919120789
2403.40649414	50.5216255188
2404.74731445	50.9969482422
2406.08789063	51.4266662598
2407.4284668	51.4062690735
2408.76928711	52.4263381958
2410.10986328	52.8170585632
2411.45043945	52.4944801331
2412.79125977	52.1099700928
2414.13183594	52.4233436584
2415.47241211	52.218952179
2416.81323242	52.0324554443
2418.15380859	52.3166275024
2419.49438477	52.2948722839
2420.83520508	53.2937469482
2422.17578125	53.046749115
2423.51660156	54.1134414673
2424.85717773	53.8932762146
2426.19775391	54.0435218811
2427.53857422	55.0373001099
2428.87915039	53.0695228577
2430.21972656	56.030456543
2431.56054688	55.1180801392
2432.90112305	54.9753227234
2434.24169922	54.5054588318
2435.58251953	55.0699882507
2436.9230957	56.9908638
2438.26367188	57.5904426575
2439.60449219	56.4660148621
2440.94506836	58.5087394714
2442.28564453	58.1736450195
2443.62646484	59.0432090759
2444.96704102	59.3142127991
2446.30761719	59.2657203674
2447.6484375	60.2801094055
2448.98901367	60.3107643127
2450.32958984	61.1717796326
2451.67041016	60.8667755127
2453.01098633	61.3375778198
2454.3515625	62.2676086426
2455.69238281	61.6012687683
2457.03295898	61.5957221985
2458.37353516	63.1601371765
2459.71435547	63.6415367126
2461.05493164	62.5896873474
2462.39550781	63.1800918579
2463.73632813	63.976360321
2465.0769043	62.9204330444
2466.41748047	62.3367424011
2467.75830078	61.2537384033
2469.09887695	61.4595298767
2470.43945313	60.7756729126
2471.78027344	62.3005714417
2473.12084961	62.9986114502
2474.46142578	62.5694770813
2475.80224609	62.5583343506
2477.14282227	63.2843971252
2478.48339844	62.8429107666
2479.82421875	62.2890090942
2481.16479492	62.8995513916
2482.50561523	61.747127533
2483.84619141	60.4787445068
2485.18676758	60.8042640686
2486.52758789	60.6767158508
2487.86816406	61.927192688
2489.20874023	62.0652313232
2490.54956055	61.7132453918
2491.89013672	61.2256736755
2493.23071289	60.6363525391
2494.5715332	60.6241531372
2495.91210938	60.4236373901
2497.25268555	62.2761077881
2498.59350586	61.1014175415
2499.93408203	60.8625946045
2501.2746582	60.3088951111
2502.61547852	59.7885780334
2503.95605469	60.5359039307
2505.29663086	61.631893158
2506.63745117	60.856590271
2507.97802734	59.71434021
2509.31860352	60.9062957764
2510.65942383	62.1226959229
2512	61.1419448853
2513.34057617	61.1810340881
2514.68139648	59.7484169006
2516.02197266	60.4703025818
2517.36254883	60.4998130798
2518.70336914	62.6917533875
2520.04394531	62.4913978577
2521.38452148	61.6990203857
2522.7253418	61.7514877319
2524.06591797	60.7588119507
2525.40649414	60.9250526428
2526.74731445	63.2519607544
2528.08789063	61.7215003967
2529.4284668	62.3626098633
2530.76928711	61.0493469238
2532.10986328	62.585483551
2533.45043945	61.0580863953
2534.79125977	61.3835029602
2536.13183594	62.3293495178
2537.47241211	62.4900131226
2538.81323242	63.4811058044
2540.15380859	62.9113311768
2541.49438477	63.1438713074
2542.83520508	63.6371002197
2544.17578125	63.6799087524
2545.51660156	65.007194519
2546.85717773	64.2327804565
2548.19775391	64.1986083984
2549.53857422	64.3597488403
2550.87915039	64.219291687
2552.21972656	64.3800811768
2553.56054688	65.2285232544
2554.90112305	66.2651367188
2556.24169922	66.8705749512
2557.58251953	68.8967132568
2558.9230957	67.3761901855
2560.26367188	67.6848754883
2561.60449219	68.0305099487
2562.94506836	67.5036315918
2564.28564453	68.1838912964
2565.62646484	69.4241409302
2566.96704102	69.3044433594
2568.30761719	72.7228469849
2569.6484375	72.1550674438
2570.98901367	71.5539398193
2572.32958984	73.708656311
2573.67041016	74.3107757568
2575.01098633	74.1874160767
2576.3515625	77.4452590942
2577.69238281	77.0299911499
2579.03295898	78.0801086426
2580.37353516	77.1548919678
2581.71435547	81.1789932251
2583.05493164	80.7360916138
2584.39550781	79.1969451904
2585.73632813	83.2970962524
2587.0769043	84.4198074341
2588.41748047	87.212272644
2589.75830078	86.6930999756
2591.09887695	87.5163116455
2592.43945313	90.6889190674
2593.78027344	90.1932449341
2595.12084961	94.0104217529
2596.46142578	93.7938690186
2597.80224609	96.3019485474
2599.14282227	96.3641815186
2600.48339844	97.8695602417
2601.82421875	100.065093994
2603.16479492	101.408882141
2604.50561523	106.788391113
2605.84619141	104.276176453
2607.18676758	107.993339539
2608.52758789	109.757797241
2609.86816406	113.774505615
2611.20874023	114.8074646
2612.54956055	117.314125061
2613.89013672	124.120002747
2615.23071289	128.302261353
2616.5715332	129.773880005
2617.91210938	134.989746094
2619.25268555	136.973556519
2620.59350586	138.501586914
2621.93408203	145.701293945
2623.2746582	147.947860718
2624.61547852	152.240814209
2625.95605469	157.431365967
2627.29663086	162.763793945
2628.63745117	167.673202515
2629.97802734	171.191482544
2631.31860352	174.484634399
2632.65942383	180.135879517
2634	187.674224854
2635.34057617	190.696731567
2636.68139648	197.284118652
2638.02197266	206.426544189
2639.36254883	208.596008301
2640.70336914	216.906463623
2642.04394531	228.837615967
2643.38452148	235.168502808
2644.7253418	245.205169678
2646.06591797	257.632995605
2647.40649414	268.500274658
2648.74731445	269.638885498
2650.08789063	284.428405762
2651.4284668	298.426452637
2652.76928711	308.022949219
2654.10986328	315.872619629
2655.45043945	329.448669434
2656.79125977	339.472686768
2658.13183594	340.545135498
2659.47241211	351.16998291
2660.81323242	360.267608643
2662.15380859	366.38848877
2663.49438477	366.826263428
2664.83520508	363.953643799
2666.17578125	366.056549072
2667.51660156	359.438842773
2668.85717773	354.372680664
2670.19775391	343.301757813
2671.53857422	341.37713623
2672.87915039	324.473419189
2674.21972656	315.736785889
2675.56054688	309.174987793
2676.90112305	295.132904053
2678.24169922	284.353546143
2679.58251953	271.405181885
2680.9230957	258.530181885
2682.26367188	245.740264893
2683.60449219	238.413330078
2684.94506836	223.862533569
2686.28564453	216.253326416
2687.62646484	206.160232544
2688.96704102	198.359176636
2690.30761719	189.17779541
2691.6484375	179.587890625
2692.98901367	173.121124268
2694.32958984	164.251312256
2695.67041016	161.193466187
2697.01098633	153.107116699
2698.3515625	141.815643311
2699.69238281	140.538253784
2701.03295898	132.881515503
2702.37353516	130.471969604
2703.71435547	124.030914307
2705.05493164	122.108604431
2706.39550781	121.003562927
2707.73632813	115.378929138
2709.0769043	111.500923157
2710.41748047	108.611358643
2711.75830078	106.634864807
2713.09887695	104.482536316
2714.43945313	99.838180542
2715.78027344	96.6198654175
2717.12084961	93.3285369873
2718.46142578	91.9480895996
2719.80224609	90.3120193481
2721.14282227	88.6060714722
2722.48339844	87.8190917969
2723.82421875	85.4671707153
2725.16479492	85.3409423828
2726.50561523	82.8983230591
2727.84619141	82.7170791626
2729.18676758	80.8667984009
2730.52758789	77.5465545654
2731.86816406	79.247833252
2733.20874023	76.1110229492
2734.54956055	74.9473953247
2735.89013672	73.4179077148
2737.23071289	73.2437515259
2738.5715332	75.161567688
2739.91210938	71.6531906128
2741.25268555	69.6995239258
2742.59350586	69.4138183594
2743.93408203	68.664855957
2745.2746582	69.9928436279
2746.61547852	68.1088180542
2747.95605469	68.0046310425
2749.29663086	65.8838272095
2750.63745117	64.8345336914
2751.97802734	63.3658180237
2753.31860352	65.2423477173
2754.65942383	66.0654983521
2756	64.0274276733
2757.34057617	63.328754425
2758.68139648	63.5116615295
2760.02197266	63.1451759338
2761.36254883	63.7437744141
2762.70336914	63.0747413635
2764.04394531	61.1509590149
2765.38452148	60.950553894
2766.7253418	60.1712417603
2768.06591797	58.8891448975
2769.40649414	60.3786125183
2770.74731445	60.326587677
2772.08789063	60.6110115051
2773.4284668	59.6810646057
2774.76928711	59.0090637207
2776.10986328	58.1506919861
2777.45043945	59.2397155762
2778.79125977	57.2037811279
2780.13183594	57.6511764526
2781.47241211	57.0573959351
2782.81323242	56.9986877441
2784.15380859	58.170249939
2785.49438477	56.8893127441
2786.83520508	58.2710533142
2788.17578125	57.9025497437
2789.51660156	57.5659675598
2790.85717773	58.7621192932
2792.19775391	57.040763855
2793.53857422	56.9392852783
2794.87915039	57.0540313721
2796.21972656	57.2646636963
2797.56054688	57.2442703247
2798.90112305	55.3873062134
2800.24169922	57.4335823059
2801.58251953	56.7251701355
2802.9230957	56.996925354
2804.26367188	55.4504585266
2805.60449219	55.7712402344
2806.94506836	56.1085090637
2808.28564453	57.4470252991
2809.62646484	57.300819397
2810.96704102	57.1096534729
2812.30761719	56.0214157104
2813.6484375	53.3280754089
2814.98901367	54.8076705933
2816.32958984	54.665058136
2817.67041016	55.428527832
2819.01098633	55.4884147644
2820.3515625	55.0446128845
2821.69238281	55.0599899292
2823.03295898	55.2531700134
2824.37353516	54.955165863
2825.71435547	55.2330284119
2827.05493164	55.1957778931
2828.39550781	53.5727043152
2829.73632813	53.7331771851
2831.0769043	53.6555900574
2832.41748047	52.8076705933
2833.75830078	54.6570472717
2835.09887695	53.9587783813
2836.43945313	53.2804603577
2837.78027344	55.2621269226
2839.12084961	54.2259216309
2840.46142578	54.3117408752
2841.80224609	54.062538147
2843.14282227	54.9944229126
2844.48339844	53.1945304871
2845.82421875	52.0626411438
2847.16479492	52.2100753784
2848.50561523	51.5364265442
2849.84619141	52.6157455444
2851.18676758	51.2819061279
2852.52758789	53.4543991089
2853.86816406	54.1256408691
2855.20874023	52.6972579956
2856.54956055	52.1860733032
2857.89013672	51.9615440369
2859.23071289	52.6166343689
2860.5715332	51.7293930054
2861.91210938	52.3043327332
2863.25268555	52.2622566223
2864.59350586	50.9882850647
2865.93408203	51.7506446838
2867.2746582	51.1304931641
2868.61547852	52.3500976563
2869.95605469	50.3984260559
2871.29663086	52.2432289124
2872.63745117	52.702835083
2873.97802734	51.6591720581
2875.31860352	51.828125
2876.65942383	50.6593437195
2878	51.8482513428
2879.34057617	50.0557403564
2880.68139648	51.8716049194
2882.02197266	50.9494857788
2883.36254883	52.3519554138
2884.70336914	52.8386192322
2886.04394531	52.1301345825
2887.38452148	52.1630554199
2888.7253418	51.8072166443
2890.06591797	51.591884613
2891.40649414	52.1903877258
2892.74731445	51.3519859314
2894.08789063	52.1769599915
2895.4284668	51.4492797852
2896.76928711	51.1668434143
2898.10986328	51.1326179504
2899.45043945	52.7451095581
2900.79125977	51.4884605408
2902.13183594	52.4003334045
2903.47241211	50.8173866272
2904.81323242	51.942363739
2906.15380859	50.9739532471
2907.49438477	51.5483398438
2908.83520508	52.1598167419
2910.17578125	51.3331108093
2911.51660156	50.8769683838
2912.85717773	51.4264068604
2914.19775391	51.5131721497
2915.53857422	51.297996521
2916.87915039	51.9929046631
2918.21972656	51.2988739014
2919.56054688	51.5366210938
2920.90112305	50.0477104187
2922.24169922	51.1337471008
2923.58251953	52.667339325
2924.9230957	51.431224823
2926.26367188	49.9977989197
2927.60449219	50.2841796875
2928.94506836	51.9332542419
2930.28564453	51.5096817017
2931.62646484	51.5790481567
2932.96704102	51.1966133118
2934.30761719	49.7396469116
2935.6484375	50.4714317322
2936.98901367	50.6774559021
2938.32958984	49.8752861023
2939.67041016	50.8378257751
2941.01098633	49.8720550537
2942.3515625	50.4788551331
2943.69238281	50.6939926147
2945.03295898	49.7340049744
2946.37353516	50.8478775024
2947.71435547	51.1719779968
2949.05493164	50.1793861389
2950.39550781	50.0559883118
2951.73632813	49.8047714233
2953.0769043	50.5265579224
2954.41748047	50.0129699707
2955.75830078	50.4204788208
2957.09887695	50.7198982239
2958.43945313	49.7744102478
2959.78027344	51.4548034668
2961.12084961	50.6181640625
2962.46142578	49.7058868408
2963.80224609	49.783493042
2965.14282227	49.0202827454
2966.48339844	49.4955101013
2967.82421875	49.6842308044
2969.16479492	48.9051475525
2970.50561523	48.7510719299
2971.84619141	50.584236145
2973.18676758	49.8924331665
2974.52758789	49.8938827515
2975.86816406	49.6341362
2977.20874023	48.6334533691
2978.54956055	49.3268089294
2979.89013672	49.2592849731
2981.23071289	51.0835227966
2982.5715332	49.8333435059
2983.91210938	49.3521118164
2985.25268555	48.7591133118
2986.59350586	49.0273284912
2987.93408203	48.9381866455
2989.2746582	48.3481140137
2990.61547852	49.5561752319
2991.95605469	49.1409339905
2993.29663086	48.6928596497
2994.63745117	49.5539474487
2995.97802734	49.2991027832
2997.31860352	48.302230835
2998.65942383	48.2482566833
3000	48.652973175
