-50	44.4930534363
-48.9522514343	45.0173110962
-47.904499054	44.272064209
-46.8567504883	44.5385322571
-45.8090019226	45.1383666992
-44.7612495422	45.1502494812
-43.7135009766	44.8447189331
-42.6657524109	44.5722198486
-41.6180000305	44.6611022949
-40.5702514648	44.6711463928
-39.5224990845	45.036857605
-38.4747505188	45.5288505554
-37.4270019531	45.7526931763
-36.3792495728	45.0403404236
-35.3315010071	46.3426742554
-34.2837524414	46.5304031372
-33.236000061	46.4527702332
-32.1882514954	46.7732963562
-31.1405010223	47.3072853088
-30.0927524567	46.4856262207
-29.0450019836	45.7205123901
-27.9972515106	45.9436073303
-26.9495010376	47.0748939514
-25.9017524719	47.4315414429
-24.8540019989	46.5859451294
-23.8062515259	46.6528129578
-22.7585029602	47.0148391724
-21.7107524872	47.5431442261
-20.6630020142	48.9690055847
-19.6152515411	48.8254089355
-18.5675029755	49.3666534424
-17.5197525024	49.6470489502
-16.4720020294	49.6615257263
-15.4242525101	50.553276062
-14.3765029907	49.664894104
-13.3287534714	56.5067672729
-12.2810029984	78.8291473389
-11.233253479	116.121627808
-10.185503006	160.73260498
-9.13775348663	224.211517334
-8.09000301361	436.435211182
-7.04225349426	721.374389648
-5.99450349808	1049.30505371
-4.94675350189	1412.95373535
-3.89900374413	1656.21557617
-2.85125374794	1709.82592773
-1.80350399017	1315.16601563
-0.755754053593	755.211364746
0.291995882988	518.758056641
1.33974575996	315.938964844
2.38749575615	165.917709351
3.43524551392	86.9457931519
4.4829955101	60.1483078003
5.53074550629	53.1337585449
6.57849550247	50.2688026428
7.62624549866	50.8198432922
8.67399501801	50.8863296509
9.72174549103	50.6244316101
10.7694950104	50.764881134
11.8172445297	50.6752891541
12.8649950027	50.0188140869
13.9127445221	49.3613891602
14.9604949951	49.7219619751
16.0082454681	50.6655273438
17.0559940338	48.2478675842
18.1037445068	48.872428894
19.1514949799	50.0584030151
20.1992435455	50.944683075
21.2469940186	51.2425270081
22.2947444916	51.3322372437
23.3424930573	50.3584289551
24.3902435303	50.2492218018
25.4379940033	51.0709495544
26.4857444763	51.6451187134
27.533493042	50.0763511658
28.581243515	52.2310905457
29.628993988	52.8099555969
30.6767425537	52.9392242432
31.7244930267	53.1429290771
32.7722434998	53.5784988403
33.8199920654	53.9448776245
34.8677444458	54.5343475342
35.9154930115	54.8879547119
36.9632415771	55.5416297913
38.0109939575	56.6136283875
39.0587425232	55.4449462891
40.1064910889	57.2851676941
41.1542434692	56.4363861084
42.2019920349	56.5937843323
43.2497406006	59.5519142151
44.297492981	60.62657547
45.3452415466	61.1044006348
46.392993927	62.992855072
47.4407424927	66.4408187866
48.4884910583	70.3594512939
49.5362434387	72.7033233643
50.5839920044	78.8254852295
51.6317405701	82.0933685303
52.6794929504	89.6940536499
53.7272415161	101.950111389
54.7749900818	115.939857483
55.8227424622	134.968276978
56.8704910278	158.112411499
57.9182395935	190.905014038
58.9659919739	236.893447876
60.0137405396	297.816253662
61.0614891052	373.603363037
62.1092414856	478.298583984
63.1569900513	598.223083496
64.2047424316	733.577392578
65.2524871826	884.27532959
66.300239563	1048.4876709
67.3479919434	1183.44042969
68.3957366943	1314.23413086
69.4434890747	1416.37109375
70.4912414551	1493.78649902
71.5389938354	1565.14697266
72.5867385864	1590.87097168
73.6344909668	1612.51000977
74.6822433472	1622.93139648
75.7299880981	1624.5489502
76.7777404785	1623.83081055
77.8254928589	1629.89599609
78.8732376099	1650.81286621
79.9209899902	1648.10522461
80.9687423706	1643.98168945
82.0164871216	1646.60424805
83.064239502	1636.34655762
84.1119918823	1623.21032715
85.1597366333	1628.08325195
86.2074890137	1641.89672852
87.255241394	1653.61584473
88.302986145	1653.70910645
89.3507385254	1646.94934082
90.3984909058	1652.51428223
91.4462356567	1649.05383301
92.4939880371	1648.00476074
93.5417404175	1654.17504883
94.5894851685	1639.67773438
95.6372375488	1652.15429688
96.6849899292	1668.33789063
97.7327346802	1671.42114258
98.7804870605	1670.19555664
99.8282394409	1692.26879883
100.875984192	1706.28161621
101.923736572	1729.74511719
102.971488953	1755.21875
104.019233704	1776.21447754
105.066986084	1792.82983398
106.114738464	1826.03649902
107.162490845	1859.4642334
108.210235596	1900.93737793
109.257987976	1959.42480469
110.305740356	2026.69824219
111.353485107	2077.4621582
112.401237488	2156.08618164
113.448989868	2246.45532227
114.496734619	2335.15380859
115.544487	2425.58642578
116.59223938	2524.95068359
117.639984131	2625.76977539
118.687736511	2716.31884766
119.735488892	2788.00048828
120.783233643	2854.58935547
121.830986023	2926.63232422
122.878738403	3005.16186523
123.926483154	3073.21704102
124.974235535	3149.703125
126.021987915	3233.28100586
127.069732666	3340.54736328
128.117492676	3485.55786133
129.165237427	3643.76782227
130.212982178	3879.14892578
131.260742188	4155.06738281
132.308486938	4419.46826172
133.356231689	4666.22607422
134.403991699	4946.87402344
135.45173645	5258.9453125
136.499481201	5611.49609375
137.547241211	5951.35839844
138.594985962	6274.18798828
139.642730713	6591.28369141
140.690490723	6896.25878906
141.738235474	7112.11279297
142.785980225	7238.25585938
143.833740234	7305.30761719
144.881484985	7283.58935547
145.929229736	7093.02783203
146.976989746	6771.74267578
148.024734497	6371.62207031
149.072479248	5955.40820313
150.120239258	5523.99462891
151.167984009	5081.58203125
152.21572876	4680.63671875
153.26348877	4273.59179688
154.311233521	3941.9050293
155.358978271	3645.9440918
156.406738281	3381.03076172
157.454483032	3165.0065918
158.502227783	2983.55615234
159.549987793	2818.79248047
160.597732544	2666.95922852
161.645477295	2527.32373047
162.693237305	2393.46850586
163.740982056	2253.12036133
164.788726807	2152.70483398
165.836486816	2053.94335938
166.884231567	1956.80822754
167.931976318	1867.71191406
168.979736328	1788.18896484
170.027481079	1698.11621094
171.07522583	1625.96911621
172.12298584	1558.55151367
173.170730591	1488.78186035
174.218475342	1429.06237793
175.266235352	1397.61547852
176.313980103	1352.12133789
177.361724854	1310.74401855
178.409484863	1268.04504395
179.457229614	1239.74023438
180.504974365	1228.57409668
181.552734375	1214.24475098
182.600479126	1193.1940918
183.648223877	1177.90466309
184.695983887	1182.96374512
185.743728638	1190.44641113
186.791473389	1189.22741699
187.839233398	1215.98864746
188.886978149	1225.34204102
189.9347229	1196.72509766
190.98248291	1179.67419434
192.030227661	1185.87756348
193.077987671	1201.25048828
194.125732422	1222.97009277
195.173477173	1212.17944336
196.221237183	1188.50427246
197.268981934	1157.78417969
198.316726685	1119.94799805
199.364486694	1073.00390625
200.412231445	1039.71789551
201.459976196	1015.58398438
202.507736206	1002.62628174
203.555480957	997.708251953
204.603225708	1001.1137085
205.650985718	1018.81420898
206.698730469	1027.85827637
207.74647522	1060.95300293
208.794235229	1071.0513916
209.84197998	1070.39990234
210.889724731	1073.41943359
211.937484741	1053.12243652
212.985229492	1068.18469238
214.032974243	1078.49719238
215.080734253	1083.82568359
216.128479004	1082.49707031
217.176223755	1073.39746094
218.223983765	1059.22717285
219.271728516	1016.95672607
220.319473267	959.177124023
221.367233276	901.120361328
222.414978027	846.834350586
223.462722778	794.320800781
224.510482788	751.596435547
225.558227539	743.421813965
226.60597229	725.162963867
227.6537323	701.676818848
228.701477051	684.319580078
229.749221802	681.000061035
230.796981812	676.397949219
231.844726563	656.614013672
232.892471313	650.528747559
233.940231323	647.835266113
234.987976074	645.943664551
236.035720825	651.807800293
237.083480835	640.91229248
238.131225586	630.871948242
239.178970337	625.470336914
240.226730347	622.485778809
241.274475098	618.250976563
242.322219849	610.702941895
243.369979858	613.721008301
244.417724609	609.859680176
245.46546936	607.59362793
246.51322937	605.845703125
247.560974121	604.13684082
248.608718872	605.599487305
249.656478882	617.143737793
250.704223633	612.338256836
251.751968384	607.709716797
252.799728394	599.943115234
253.847473145	592.594787598
254.895217896	600.555114746
255.942977905	595.902526855
256.990722656	586.450378418
258.038482666	584.046875
259.086212158	580.922485352
260.133972168	575.287109375
261.181732178	578.023498535
262.22946167	574.82208252
263.27722168	574.167907715
264.324981689	570.772827148
265.372711182	567.572143555
266.420471191	569.442565918
267.468231201	578.580200195
268.515960693	573.08770752
269.563720703	572.580810547
270.611480713	572.835510254
271.659210205	574.640136719
272.706970215	576.639648438
273.754730225	575.092468262
274.802459717	579.798522949
275.850219727	578.557128906
276.897979736	588.081665039
277.945709229	593.390991211
278.993469238	588.788146973
280.041229248	586.221618652
281.08895874	598.241699219
282.13671875	599.284790039
283.18447876	599.44317627
284.232208252	596.668579102
285.279968262	591.224609375
286.327728271	588.047729492
287.375457764	596.082519531
288.423217773	587.680908203
289.470977783	590.867370605
290.518707275	595.653015137
291.566467285	592.794677734
292.614227295	583.801330566
293.661956787	593.776428223
294.709716797	593.82611084
295.757476807	585.976074219
296.805236816	576.975830078
297.852966309	575.286437988
298.900726318	581.55456543
299.948486328	572.979431152
300.99621582	566.16809082
302.04397583	568.153259277
303.09173584	559.240844727
304.139465332	548.183288574
305.187225342	545.837402344
306.234985352	536.41229248
307.282714844	538.545959473
308.330474854	531.265136719
309.378234863	531.458557129
310.425964355	530.39831543
311.473724365	521.157775879
312.521484375	514.231872559
313.569213867	519.00012207
314.616973877	512.139892578
315.664733887	502.861572266
316.712463379	498.363891602
317.760223389	496.794464111
318.807983398	489.613311768
319.855712891	485.332214355
320.9034729	483.255462646
321.95123291	482.715667725
322.998962402	484.365997314
324.046722412	483.429107666
325.094482422	476.217346191
326.142211914	476.672302246
327.189971924	473.325134277
328.237731934	478.250274658
329.285461426	472.90222168
330.333221436	466.850463867
331.380981445	471.482025146
332.428710938	470.984771729
333.476470947	470.305908203
334.524230957	462.600036621
335.571960449	465.473693848
336.619720459	470.716186523
337.667480469	469.080993652
338.715209961	461.919921875
339.762969971	456.642852783
340.81072998	463.823913574
341.858459473	465.704681396
342.906219482	464.068634033
343.953979492	461.821411133
345.001708984	460.346801758
346.049468994	461.276580811
347.097229004	460.691894531
348.144958496	454.125366211
349.192718506	452.86505127
350.240478516	455.557769775
351.288208008	455.758148193
352.335968018	450.952270508
353.383728027	453.579681396
354.43145752	452.867340088
355.479217529	449.55166626
356.526977539	445.889190674
357.574707031	443.191802979
358.622467041	442.245880127
359.670227051	448.624237061
360.717956543	452.334472656
361.765716553	453.043731689
362.813476563	445.670623779
363.861206055	439.893920898
364.908966064	442.688446045
365.956726074	438.389831543
367.004455566	449.444213867
368.052215576	444.25390625
369.099975586	445.214691162
370.147705078	442.903411865
371.195465088	434.466461182
372.243225098	432.966369629
373.29095459	442.6612854
374.3387146	433.570556641
375.386474609	439.332489014
376.434204102	441.694274902
377.481964111	439.091461182
378.529724121	438.405670166
379.577453613	437.319061279
380.625213623	442.675933838
381.672973633	439.492126465
382.720703125	439.770690918
383.768463135	438.663879395
384.816223145	439.511322021
385.863952637	449.340148926
386.911712646	436.643890381
387.959472656	438.203918457
389.007202148	432.078704834
390.054962158	434.011260986
391.102722168	438.158843994
392.15045166	435.221832275
393.19821167	430.877502441
394.24597168	432.745422363
395.293701172	427.292266846
396.341461182	429.719055176
397.389221191	437.763946533
398.436950684	442.529174805
399.484710693	436.899139404
400.532470703	425.681304932
401.580200195	428.225982666
402.627960205	426.891693115
403.675720215	427.732147217
404.723449707	429.392913818
405.771209717	429.493896484
406.818969727	429.039825439
407.866699219	435.93951416
408.914459229	435.275390625
409.962219238	433.993621826
411.00994873	429.87512207
412.05770874	428.20880127
413.10546875	432.409973145
414.153198242	436.422241211
415.200958252	445.975463867
416.248718262	441.597595215
417.296447754	446.487731934
418.344207764	452.435760498
419.391967773	452.506652832
420.439697266	448.347167969
421.487457275	448.922241211
422.535217285	446.131347656
423.582946777	452.578186035
424.630706787	448.814697266
425.678466797	446.215759277
426.726196289	447.87310791
427.773956299	445.120361328
428.821716309	444.070831299
429.869445801	440.371520996
430.917205811	438.888824463
431.96496582	436.159210205
433.012695313	435.69934082
434.060455322	435.680419922
435.108215332	429.527709961
436.155975342	431.668609619
437.203704834	424.672698975
438.251464844	420.66809082
439.299224854	418.44644165
440.346954346	419.159057617
441.394714355	420.302337646
442.442474365	414.911895752
443.490203857	410.324920654
444.537963867	407.874359131
445.585723877	404.028808594
446.633453369	399.86630249
447.681213379	399.516204834
448.728973389	403.733947754
449.776702881	406.157623291
450.824462891	401.982452393
451.8722229	398.307830811
452.919952393	405.051361084
453.967712402	402.127166748
455.015472412	395.046783447
456.063201904	395.577270508
457.110961914	396.895172119
458.158721924	393.995849609
459.206451416	396.711212158
460.254211426	395.173583984
461.301971436	395.350585938
462.349700928	396.365386963
463.397460938	393.67956543
464.445220947	387.47668457
465.492950439	390.955047607
466.540710449	394.036468506
467.588470459	391.867950439
468.636199951	389.412780762
469.683959961	390.348022461
470.731719971	392.00793457
471.779449463	386.741271973
472.827209473	390.266113281
473.874969482	387.388122559
474.922698975	389.20715332
475.970458984	386.272155762
477.018218994	382.565643311
478.065948486	384.229827881
479.113708496	386.310638428
480.161468506	385.321868896
481.209197998	380.771850586
482.256958008	377.819030762
483.304718018	375.556945801
484.35244751	375.459381104
485.40020752	377.420471191
486.447967529	378.125518799
487.495697021	380.990081787
488.543457031	380.475006104
489.591217041	379.615905762
490.638946533	377.875305176
491.686706543	376.314971924
492.734466553	375.966064453
493.782196045	375.737915039
494.829956055	370.222442627
495.877716064	367.704193115
496.925445557	366.412841797
497.973205566	367.176208496
499.020965576	368.415435791
500.068695068	370.603546143
501.116455078	373.950714111
502.164215088	369.291534424
503.21194458	368.879180908
504.25970459	368.704315186
505.3074646	364.530090332
506.355194092	367.062316895
507.402954102	371.922454834
508.450714111	367.748565674
509.498443604	362.186828613
510.546203613	361.442565918
511.593963623	364.826660156
512.641723633	359.732330322
513.689453125	360.143768311
514.737182617	362.055175781
515.784973145	359.572998047
516.832702637	363.94519043
517.880432129	371.290283203
518.928222656	357.619232178
519.975952148	360.597351074
521.023681641	364.158081055
522.071472168	361.026367188
523.11920166	357.65914917
524.166931152	362.018920898
525.21472168	356.044006348
526.262451172	350.167785645
527.310180664	356.105926514
528.357971191	359.191589355
529.405700684	354.874328613
530.453430176	352.375274658
531.501220703	356.525665283
532.548950195	347.719482422
533.596679688	348.160949707
534.644470215	348.484466553
535.692199707	356.173431396
536.739929199	358.239837646
537.787719727	354.485900879
538.835449219	351.130615234
539.883178711	350.644073486
540.930969238	353.029693604
541.97869873	346.52154541
543.026428223	347.17388916
544.07421875	351.367584229
545.121948242	352.922393799
546.169677734	348.805206299
547.217468262	343.111663818
548.265197754	346.644866943
549.312927246	353.137573242
550.360717773	349.061889648
551.408447266	348.929138184
552.456176758	340.560821533
553.503967285	340.313171387
554.551696777	351.155303955
555.59942627	346.788146973
556.647216797	346.313476563
557.694946289	348.415161133
558.742675781	346.510559082
559.790466309	342.202392578
560.838195801	341.774536133
561.885925293	345.451751709
562.93371582	347.270965576
563.981445313	342.605834961
565.029174805	341.926361084
566.076965332	343.473175049
567.124694824	339.93447876
568.172424316	343.344207764
569.220214844	345.444152832
570.267944336	341.738067627
571.315673828	338.794708252
572.363464355	335.243621826
573.411193848	343.299224854
574.45892334	345.936157227
575.506713867	340.194549561
576.554443359	336.972686768
577.602172852	339.75994873
578.649963379	344.817321777
579.697692871	346.460296631
580.745422363	339.440979004
581.793212891	342.770080566
582.840942383	341.797851563
583.888671875	340.858673096
584.936462402	341.554626465
585.984191895	344.63760376
587.031921387	344.663787842
588.079711914	333.129211426
589.127441406	338.106231689
590.175170898	337.796325684
591.222961426	342.327056885
592.270690918	340.733184814
593.31842041	337.35244751
594.366210938	338.998352051
595.41394043	343.619934082
596.461669922	340.354187012
597.509460449	343.224243164
598.557189941	345.5574646
599.604919434	343.700073242
600.652709961	339.246185303
601.700439453	339.009246826
602.748168945	340.727111816
603.795959473	340.437805176
604.843688965	346.997436523
605.891418457	335.915405273
606.939208984	339.510528564
607.986938477	342.482940674
609.034667969	341.313568115
610.082458496	336.61618042
611.130187988	336.574249268
612.17791748	345.578735352
613.225708008	348.497375488
614.2734375	338.360870361
615.321166992	339.775695801
616.36895752	342.6925354
617.416687012	342.617980957
618.464416504	342.20904541
619.512207031	342.229858398
620.559936523	340.707336426
621.607666016	338.743011475
622.655456543	337.466583252
623.703186035	337.026947021
624.750915527	341.59552002
625.798706055	342.291870117
626.846435547	341.871795654
627.894165039	342.388000488
628.941955566	342.617706299
629.989685059	343.487091064
631.037414551	343.886352539
632.085205078	343.551300049
633.13293457	342.283752441
634.180664063	347.109191895
635.22845459	340.515686035
636.276184082	334.172515869
637.323913574	342.153198242
638.371704102	342.403320313
639.419433594	343.469573975
640.467163086	342.613525391
641.514953613	336.234283447
642.562683105	335.87322998
643.610473633	339.182159424
644.658203125	341.368927002
645.705932617	341.060974121
646.753723145	339.027130127
647.801452637	331.345184326
648.849182129	335.307617188
649.896972656	336.27444458
650.944702148	340.839782715
651.992431641	341.192108154
653.040222168	338.866546631
654.08795166	337.340789795
655.135681152	336.78012085
656.18347168	339.875915527
657.231201172	350.641571045
658.278930664	343.490264893
659.326721191	344.184143066
660.374450684	345.573791504
661.422180176	344.457977295
662.469970703	342.669586182
663.517700195	340.419799805
664.565429688	334.879119873
665.613220215	339.994506836
666.660949707	345.18145752
667.708679199	342.204650879
668.756469727	338.421539307
669.804199219	342.939453125
670.851928711	347.822998047
671.899719238	348.744934082
672.94744873	352.838409424
673.995178223	352.549743652
675.04296875	351.51864624
676.090698242	349.420349121
677.138427734	356.087127686
678.186218262	357.969726563
679.233947754	358.291381836
680.281677246	361.88092041
681.329467773	366.809814453
682.377197266	368.60925293
683.424926758	366.50378418
684.472717285	366.976074219
685.520446777	362.049377441
686.56817627	364.493560791
687.615966797	365.44128418
688.663696289	366.137329102
689.711425781	369.641174316
690.759216309	370.088684082
691.806945801	359.890838623
692.854675293	360.938293457
693.90246582	359.190429688
694.950195313	364.389221191
695.997924805	365.352630615
697.045715332	365.205383301
698.093444824	360.184326172
699.141174316	353.200042725
700.188964844	356.847045898
701.236694336	355.959869385
702.284423828	351.523345947
703.332214355	349.148681641
704.379943848	346.481933594
705.42767334	340.072387695
706.475463867	340.683959961
707.523193359	346.909057617
708.570922852	345.991271973
709.618713379	335.975158691
710.666442871	339.326965332
711.714172363	344.756744385
712.761962891	340.602020264
713.809692383	338.668701172
714.857421875	338.521636963
715.905212402	338.255187988
716.952941895	340.170532227
718.000671387	340.997131348
719.048461914	330.598480225
720.096191406	331.702911377
721.143920898	332.971496582
722.191711426	327.421966553
723.239440918	331.178863525
724.28717041	333.749053955
725.334960938	332.257354736
726.38269043	329.359985352
727.430419922	327.847717285
728.478210449	328.158935547
729.525939941	324.616699219
730.573669434	330.16607666
731.621459961	329.401428223
732.669189453	326.702484131
733.716918945	329.495574951
734.764709473	330.121398926
735.812438965	326.301879883
736.860168457	323.193878174
737.907958984	322.014556885
738.955688477	323.409942627
740.003417969	321.789428711
741.051208496	322.396362305
742.098937988	321.51260376
743.14666748	318.821411133
744.194458008	321.336578369
745.2421875	325.041778564
746.289916992	324.010803223
747.33770752	322.680541992
748.385437012	321.232940674
749.433166504	321.452362061
750.480957031	319.454925537
751.528686523	321.38772583
752.576416016	318.1300354
753.624206543	318.707122803
754.671936035	319.376678467
755.719665527	318.129211426
756.767456055	321.241027832
757.815185547	319.921478271
758.862915039	322.439056396
759.910705566	322.891784668
760.958435059	315.430389404
762.006164551	317.075683594
763.053955078	321.776550293
764.10168457	321.874969482
765.149414063	317.656585693
766.19720459	316.366119385
767.244934082	322.780487061
768.292663574	325.600158691
769.340454102	325.380554199
770.388183594	318.492340088
771.435913086	316.239074707
772.483703613	322.052825928
773.531433105	323.331298828
774.579162598	324.072113037
775.626953125	325.698181152
776.674682617	318.960510254
777.722412109	320.509185791
778.770202637	318.32208252
779.817932129	319.310882568
780.865661621	322.387908936
781.913452148	315.651000977
782.961181641	315.498474121
784.008911133	319.650848389
785.05670166	319.549926758
786.104431152	319.080993652
787.152160645	325.497650146
788.199951172	318.622894287
789.247680664	322.074493408
790.295410156	325.561401367
791.343200684	321.849639893
792.390930176	322.625915527
793.438659668	320.56741333
794.486450195	320.946624756
795.534179688	325.555847168
796.58190918	326.227600098
797.629699707	323.30480957
798.677429199	318.69329834
799.725158691	323.004455566
800.772949219	329.574127197
801.820678711	324.998687744
802.868408203	325.541290283
803.91619873	332.189697266
804.963928223	333.26965332
806.011657715	327.952301025
807.059448242	328.027374268
808.107177734	334.596710205
809.154907227	341.282287598
810.202697754	329.826843262
811.250427246	336.421508789
812.298156738	337.204071045
813.345947266	339.208129883
814.393676758	338.951416016
815.44140625	335.863861084
816.489196777	335.671417236
817.53692627	340.108428955
818.584655762	342.372558594
819.632446289	348.961914063
820.680175781	344.280883789
821.727905273	350.711242676
822.775695801	344.089630127
823.823425293	344.250366211
824.871154785	343.766723633
825.918945313	338.867767334
826.966674805	337.294921875
828.014404297	342.707489014
829.062194824	346.657226563
830.109924316	350.406951904
831.157653809	354.024932861
832.205444336	351.75100708
833.253173828	354.509460449
834.30090332	361.017211914
835.348693848	363.82333374
836.39642334	367.322814941
837.444152832	373.178253174
838.491943359	372.20904541
839.539672852	361.708465576
840.587402344	363.69934082
841.635192871	364.692474365
842.682922363	368.472167969
843.730651855	374.09286499
844.778442383	374.408294678
845.826171875	372.882141113
846.873901367	375.664245605
847.921691895	379.256378174
848.969421387	383.802947998
850.017150879	393.56842041
851.064941406	396.06854248
852.112670898	398.237731934
853.160400391	407.326599121
854.208190918	415.12512207
855.25592041	421.99822998
856.303649902	428.445922852
857.35144043	431.204772949
858.399169922	433.30078125
859.446899414	437.997894287
860.494689941	442.94821167
861.542419434	444.302825928
862.590148926	442.511932373
863.637939453	429.467651367
864.685668945	424.563903809
865.733398438	418.768218994
866.781188965	413.514251709
867.828918457	409.99041748
868.876647949	406.499603271
869.924438477	404.966888428
870.972167969	405.085784912
872.019897461	407.448577881
873.067687988	415.81817627
874.11541748	410.463623047
875.163146973	399.158508301
876.2109375	401.529907227
877.258666992	410.6171875
878.306396484	406.155303955
879.354187012	405.769989014
880.401916504	405.555206299
881.449645996	405.920288086
882.497436523	408.749084473
883.545166016	410.802520752
884.592895508	412.998260498
885.640686035	406.982788086
886.688415527	413.044616699
887.73614502	410.589324951
888.783935547	413.102630615
889.831665039	413.63092041
890.879394531	413.535644531
891.927185059	412.659942627
892.974914551	408.193267822
894.022644043	405.506011963
895.07043457	409.71282959
896.118164063	411.084197998
897.165893555	408.702331543
898.213684082	411.96282959
899.261413574	403.145721436
900.309143066	399.886138916
901.356933594	398.204803467
902.404663086	402.334503174
903.452392578	399.435394287
904.500183105	394.414611816
905.547912598	390.446685791
906.59564209	386.086364746
907.643432617	387.117126465
908.691162109	384.770690918
909.738891602	375.220062256
910.786682129	375.660614014
911.834411621	371.328338623
912.882141113	360.100311279
913.929931641	357.723297119
914.977661133	355.977874756
916.025390625	355.177764893
917.073181152	353.190002441
918.120910645	348.584197998
919.168640137	343.784790039
920.216430664	336.908996582
921.264160156	337.635925293
922.311950684	332.843841553
923.359680176	334.888061523
924.407409668	323.930145264
925.455200195	322.959136963
926.502929688	320.488922119
927.55065918	319.066558838
928.598449707	319.07989502
929.646179199	316.343536377
930.693908691	310.910583496
931.741699219	307.866882324
932.789428711	307.2862854
933.837158203	301.709411621
934.88494873	300.751800537
935.932678223	298.861602783
936.980407715	294.923370361
938.028198242	297.076019287
939.075927734	289.796539307
940.123657227	289.899169922
941.171447754	290.927368164
942.219177246	289.090301514
943.266906738	286.590057373
944.314697266	277.744415283
945.362426758	275.423065186
946.41015625	276.081848145
947.457946777	280.129058838
948.50567627	285.373931885
949.553405762	280.304290771
950.601196289	281.408569336
951.648925781	279.115661621
952.696655273	274.217071533
953.744445801	275.991241455
954.792175293	278.34274292
955.839904785	276.57434082
956.887695313	277.767486572
957.935424805	276.200714111
958.983154297	274.63092041
960.030944824	268.365905762
961.078674316	280.252227783
962.126403809	272.19921875
963.174194336	278.512390137
964.221923828	270.475097656
965.26965332	272.838409424
966.317443848	272.620605469
967.36517334	270.325408936
968.412902832	270.732116699
969.460693359	268.877563477
970.508422852	272.164581299
971.556152344	273.998809814
972.603942871	270.894073486
973.651672363	262.988128662
974.699401855	270.045227051
975.747192383	272.895507813
976.794921875	264.687133789
977.842651367	264.66494751
978.890441895	269.448364258
979.938171387	271.310424805
980.985900879	271.230407715
982.033691406	272.285980225
983.081420898	273.508026123
984.129150391	272.864074707
985.176940918	268.369018555
986.22467041	266.502563477
987.272399902	268.409362793
988.32019043	272.502868652
989.367919922	270.497314453
990.415649414	272.056762695
991.463439941	272.939788818
992.511169434	271.826568604
993.558898926	266.653778076
994.606689453	266.542785645
995.654418945	271.735534668
996.702148438	272.385955811
997.749938965	274.275695801
998.797668457	272.887512207
999.845397949	276.632659912
1000.89318848	270.903991699
1001.94091797	271.923950195
1002.98864746	273.148406982
1004.03643799	275.711517334
1005.08416748	274.266693115
1006.13189697	274.469268799
1007.1796875	275.16619873
1008.22741699	274.862976074
1009.27514648	277.270812988
1010.32293701	280.306274414
1011.3706665	276.338195801
1012.418396	272.676940918
1013.46618652	274.791168213
1014.51391602	278.362762451
1015.56164551	282.555755615
1016.60943604	276.769897461
1017.65716553	276.153045654
1018.70489502	277.01675415
1019.75268555	278.240081787
1020.80041504	277.196563721
1021.84814453	279.133148193
1022.89593506	280.240905762
1023.94366455	279.338348389
1024.99145508	282.807312012
1026.03918457	283.450317383
1027.08691406	277.75213623
1028.13464355	274.865631104
1029.18237305	284.880828857
1030.23010254	274.448608398
1031.2779541	277.5440979
1032.32568359	282.07824707
1033.37341309	283.263305664
1034.42114258	282.648925781
1035.46887207	283.453521729
1036.51660156	286.284942627
1037.56445313	286.100708008
1038.61218262	284.366210938
1039.65991211	285.661621094
1040.7076416	284.977355957
1041.75537109	285.085968018
1042.80310059	285.574768066
1043.85095215	281.236114502
1044.89868164	287.751922607
1045.94641113	286.370819092
1046.99414063	285.828430176
1048.04187012	289.048828125
1049.08959961	291.663543701
1050.13745117	287.111480713
1051.18518066	289.311676025
1052.23291016	295.278045654
1053.28063965	293.877624512
1054.32836914	293.581695557
1055.37609863	299.224060059
1056.4239502	294.422821045
1057.47167969	295.348724365
1058.51940918	302.162841797
1059.56713867	302.686553955
1060.61486816	301.899780273
1061.66271973	301.265380859
1062.71044922	310.034484863
1063.75817871	311.85345459
1064.8059082	311.711639404
1065.8536377	317.466094971
1066.90136719	319.866577148
1067.94921875	324.523590088
1068.99694824	330.966766357
1070.04467773	330.303375244
1071.09240723	332.520385742
1072.14013672	338.421966553
1073.18786621	332.59197998
1074.23571777	329.984924316
1075.28344727	328.793304443
1076.33117676	323.847625732
1077.37890625	320.373291016
1078.42663574	322.573120117
1079.47436523	316.008483887
1080.5222168	314.044067383
1081.56994629	306.243347168
1082.61767578	303.767791748
1083.66540527	304.26473999
1084.71313477	302.11932373
1085.76086426	304.198822021
1086.80871582	307.134155273
1087.85644531	301.91998291
1088.9041748	301.237121582
1089.9519043	294.59576416
1090.99963379	287.126953125
1092.04736328	296.156555176
1093.09521484	285.882019043
1094.14294434	286.608428955
1095.19067383	284.777069092
1096.23840332	283.352996826
1097.28613281	278.909240723
1098.3338623	275.728424072
1099.38171387	274.393707275
1100.42944336	272.743103027
1101.47717285	271.157989502
1102.52490234	271.55267334
1103.57263184	271.846740723
1104.62036133	269.901062012
1105.66821289	271.968902588
1106.71594238	270.978790283
1107.76367188	269.057220459
1108.81140137	269.844146729
1109.85913086	269.985443115
1110.90686035	267.678497314
1111.95471191	268.318206787
1113.00244141	268.597015381
1114.0501709	266.476043701
1115.09790039	263.353515625
1116.14562988	259.095214844
1117.19335938	257.253082275
1118.24121094	259.775299072
1119.28894043	260.325286865
1120.33666992	257.705596924
1121.38439941	259.851837158
1122.43212891	263.356384277
1123.4798584	262.155090332
1124.52770996	261.092559814
1125.57543945	251.988174438
1126.62316895	260.265930176
1127.67089844	255.262084961
1128.71862793	257.606445313
1129.76635742	254.917648315
1130.81420898	253.873001099
1131.86193848	254.5962677
1132.90966797	258.349822998
1133.95739746	254.659805298
1135.00512695	251.876159668
1136.05285645	253.582000732
1137.10070801	253.625808716
1138.1484375	252.961883545
1139.19616699	254.368225098
1140.24389648	254.343643188
1141.29162598	251.021102905
1142.33935547	248.389526367
1143.38720703	252.305145264
1144.43493652	254.169448853
1145.48266602	249.872009277
1146.53039551	256.030609131
1147.578125	258.621612549
1148.62585449	252.88633728
1149.67370605	256.086395264
1150.72143555	254.661712646
1151.76916504	257.741088867
1152.81689453	257.223754883
1153.86462402	257.218170166
1154.91235352	254.107391357
1155.96020508	253.730865479
1157.00793457	256.193572998
1158.05566406	250.81312561
1159.10339355	252.768554688
1160.15112305	257.758392334
1161.19885254	260.264190674
1162.2467041	259.660583496
1163.29443359	260.712219238
1164.34216309	251.325897217
1165.38989258	260.887634277
1166.43762207	256.71307373
1167.48535156	253.454803467
1168.53320313	262.03024292
1169.58093262	263.549957275
1170.62866211	263.63684082
1171.6763916	259.063293457
1172.72412109	257.603607178
1173.77185059	260.361633301
1174.81970215	263.446685791
1175.86743164	260.181884766
1176.91516113	256.601531982
1177.96289063	263.489379883
1179.01062012	266.807189941
1180.05834961	309.129669189
1181.10620117	307.758789063
1182.15393066	309.334197998
1183.20166016	313.551971436
1184.24938965	313.303009033
1185.29711914	313.668792725
1186.34484863	310.67666626
1187.3927002	306.789093018
1188.44042969	308.005096436
1189.48815918	310.607208252
1190.53588867	315.500579834
1191.58361816	318.718322754
1192.63134766	307.583679199
1193.67919922	312.84954834
1194.72692871	310.76159668
1195.7746582	308.79498291
1196.8223877	311.355316162
1197.87011719	310.466491699
1198.91784668	311.736602783
1199.96569824	310.765197754
1201.01342773	314.364074707
1202.06115723	319.784515381
1203.10888672	322.085205078
1204.15661621	320.325836182
1205.2043457	314.363250732
1206.25219727	316.8309021
1207.29992676	320.759979248
1208.34765625	317.35256958
1209.39538574	316.415130615
1210.44311523	315.785125732
1211.49084473	316.88104248
1212.53869629	317.838195801
1213.58642578	313.717498779
1214.63415527	319.458435059
1215.68188477	319.184234619
1216.72961426	324.014770508
1217.77734375	322.040588379
1218.82519531	324.689727783
1219.8729248	323.528991699
1220.9206543	321.895751953
1221.96838379	322.438293457
1223.01611328	327.259521484
1224.06384277	328.465759277
1225.11169434	323.962310791
1226.15942383	325.373138428
1227.20715332	330.339019775
1228.25488281	331.34942627
1229.3026123	328.686035156
1230.3503418	330.004089355
1231.39819336	339.601257324
1232.44592285	339.093719482
1233.49365234	337.028015137
1234.54138184	335.525787354
1235.58911133	337.112091064
1236.63684082	339.559814453
1237.68469238	340.578643799
1238.73242188	344.128356934
1239.78015137	347.285980225
1240.82788086	345.788513184
1241.87561035	349.96673584
1242.92333984	349.289367676
1243.97119141	348.187255859
1245.0189209	350.526611328
1246.06665039	352.507629395
1247.11437988	356.987426758
1248.16210938	360.529083252
1249.20983887	360.788024902
1250.25769043	358.964691162
1251.30541992	361.342773438
1252.35314941	368.305053711
1253.40087891	369.057342529
1254.4486084	369.798339844
1255.49633789	370.388916016
1256.54418945	373.415710449
1257.59191895	383.453948975
1258.63964844	382.880096436
1259.68737793	380.09677124
1260.73510742	380.765930176
1261.78283691	384.169189453
1262.83068848	388.41784668
1263.87841797	390.70425415
1264.92614746	393.121307373
1265.97387695	396.947021484
1267.02160645	398.128265381
1268.06933594	397.034820557
1269.1171875	402.664367676
1270.16491699	404.045532227
1271.21264648	404.133270264
1272.26037598	402.732391357
1273.30810547	398.7527771
1274.35583496	404.115570068
1275.40368652	412.479125977
1276.45141602	411.714202881
1277.49914551	418.526123047
1278.546875	427.814819336
1279.59460449	424.991668701
1280.64233398	431.74420166
1281.69018555	431.392364502
1282.73791504	443.381408691
1283.78564453	443.584777832
1284.83337402	439.367950439
1285.88110352	442.186004639
1286.92883301	451.414276123
1287.97668457	461.902587891
1289.02441406	467.610443115
1290.07214355	465.815460205
1291.11987305	471.378417969
1292.16760254	477.203552246
1293.21533203	471.150848389
1294.26318359	474.578033447
1295.31091309	479.965454102
1296.35864258	485.266418457
1297.40637207	492.402252197
1298.45410156	500.312866211
1299.50183105	510.338287354
1300.54968262	516.043518066
1301.59741211	520.657958984
1302.6451416	533.381530762
1303.69287109	542.70501709
1304.74060059	555.289245605
1305.78833008	563.213500977
1306.83618164	571.246704102
1307.88391113	595.443847656
1308.93164063	595.363708496
1309.97937012	612.891784668
1311.02709961	631.994689941
1312.0748291	636.219604492
1313.12268066	643.825439453
1314.17041016	656.928649902
1315.21813965	653.320983887
1316.26586914	682.800476074
1317.31359863	680.098144531
1318.36132813	693.948242188
1319.40917969	693.711547852
1320.45690918	703.362060547
1321.50463867	700.011901855
1322.55236816	690.543029785
1323.60009766	683.566467285
1324.64782715	671.904724121
1325.69567871	662.337402344
1326.7434082	643.73449707
1327.7911377	620.758483887
1328.83886719	609.801574707
1329.88659668	594.454345703
1330.93432617	571.754943848
1331.98217773	552.445800781
1333.02990723	542.29284668
1334.07763672	532.602600098
1335.12536621	511.054351807
1336.1730957	494.273864746
1337.22094727	493.752380371
1338.26867676	483.989257813
1339.31640625	476.460723877
1340.36413574	476.744934082
1341.41186523	467.394622803
1342.45959473	470.268981934
1343.50744629	469.710906982
1344.55517578	462.934417725
1345.60290527	459.667785645
1346.65063477	462.035675049
1347.69836426	456.594268799
1348.74609375	455.558654785
1349.79394531	454.515106201
1350.8416748	454.974182129
1351.8894043	449.588684082
1352.93713379	445.071929932
1353.98486328	447.014862061
1355.03259277	446.171905518
1356.08044434	448.540588379
1357.12817383	445.164093018
1358.17590332	440.548034668
1359.22363281	443.954040527
1360.2713623	444.407104492
1361.3190918	442.129852295
1362.36694336	440.250671387
1363.41467285	440.343231201
1364.46240234	443.627746582
1365.51013184	442.205627441
1366.55786133	448.894866943
1367.60559082	446.570526123
1368.65344238	446.28125
1369.70117188	446.000854492
1370.74890137	450.720092773
1371.79663086	447.51953125
1372.84436035	448.966827393
1373.89208984	450.031555176
1374.93994141	449.2550354
1375.9876709	447.670257568
1377.03540039	453.829956055
1378.08312988	451.830627441
1379.13085938	461.538513184
1380.17858887	463.922790527
1381.22644043	464.116668701
1382.27416992	467.134155273
1383.32189941	469.951721191
1384.36962891	463.185791016
1385.4173584	464.730865479
1386.46508789	467.988708496
1387.51293945	473.529693604
1388.56066895	477.240325928
1389.60839844	476.212677002
1390.65612793	481.19152832
1391.70385742	481.249664307
1392.75158691	483.256378174
1393.79943848	483.24432373
1394.84716797	485.283966064
1395.89489746	488.68460083
1396.94262695	486.426391602
1397.99035645	487.036743164
1399.03808594	491.793548584
1400.0859375	495.939056396
1401.13366699	496.96975708
1402.18139648	503.270812988
1403.22912598	507.392425537
1404.27685547	505.196472168
1405.32458496	513.528442383
1406.37243652	517.636657715
1407.42016602	517.098937988
1408.46789551	516.497802734
1409.515625	518.765258789
1410.56335449	518.685852051
1411.61108398	521.763305664
1412.65893555	530.794250488
1413.70666504	529.632446289
1414.75439453	543.736816406
1415.80212402	539.353393555
1416.84985352	541.402832031
1417.89758301	541.793701172
1418.94543457	542.70300293
1419.99316406	544.704528809
1421.04089355	559.094177246
1422.08862305	560.222167969
1423.13635254	563.836486816
1424.18408203	560.960754395
1425.23193359	558.314941406
1426.27966309	572.129455566
1427.32739258	574.980712891
1428.37512207	585.034790039
1429.42285156	586.047607422
1430.47058105	593.363952637
1431.51843262	592.229248047
1432.56616211	602.54284668
1433.6138916	610.617797852
1434.66162109	612.012084961
1435.70935059	620.464172363
1436.75708008	625.940307617
1437.80493164	630.578735352
1438.85266113	640.42779541
1439.90039063	643.746582031
1440.94812012	645.867797852
1441.99584961	654.536315918
1443.0435791	659.783447266
1444.09143066	663.000305176
1445.13916016	668.635986328
1446.18688965	675.424682617
1447.23461914	682.119689941
1448.28234863	683.281860352
1449.33007813	686.051574707
1450.37792969	692.784240723
1451.42565918	694.488769531
1452.47338867	699.624511719
1453.52111816	709.641784668
1454.56884766	714.383789063
1455.61657715	717.959960938
1456.66442871	724.461975098
1457.7121582	729.828125
1458.7598877	732.201416016
1459.80761719	747.226623535
1460.85534668	751.843811035
1461.90307617	753.289428711
1462.95092773	772.568603516
1463.99865723	777.156311035
1465.04638672	787.390563965
1466.09411621	783.000732422
1467.1418457	787.925170898
1468.1895752	808.807556152
1469.23742676	809.626281738
1470.28515625	824.872009277
1471.33288574	838.53112793
1472.38061523	846.109558105
1473.42834473	857.825744629
1474.47607422	870.21875
1475.52392578	890.130249023
1476.57165527	896.553100586
1477.61938477	916.21282959
1478.66711426	931.405212402
1479.71484375	935.452758789
1480.76257324	951.828491211
1481.8104248	965.548095703
1482.8581543	986.843933105
1483.90588379	1000.43310547
1484.95361328	1018.94030762
1486.00134277	1057.09545898
1487.04907227	1071.55029297
1488.09692383	1106.92626953
1489.14465332	1133.5534668
1490.19238281	1133.17871094
1491.2401123	1158.63793945
1492.2878418	1185.54467773
1493.33557129	1217.90405273
1494.38342285	1237.1081543
1495.43115234	1272.04284668
1496.47888184	1289.19384766
1497.52661133	1330.29943848
1498.57434082	1363.08654785
1499.62207031	1395.09301758
1500.66992188	1416.16223145
1501.71765137	1463.39758301
1502.76538086	1502.97033691
1503.81311035	1556.19506836
1504.86083984	1583.15600586
1505.90856934	1609.8236084
1506.9564209	1667.33666992
1508.00415039	1727.31896973
1509.05187988	1769.921875
1510.09960938	1805.06274414
1511.14733887	1845.96118164
1512.19506836	1911.81665039
1513.24291992	1981.62426758
1514.29064941	2040.38720703
1515.33837891	2107.00415039
1516.3861084	2164.96484375
1517.43383789	2213.05126953
1518.48156738	2294.5559082
1519.52941895	2377.42919922
1520.57714844	2447.31445313
1521.62487793	2516.61743164
1522.67260742	2601.24145508
1523.72033691	2693.98901367
1524.76806641	2769.11645508
1525.81591797	2850.61254883
1526.86364746	2935.96704102
1527.91137695	3025.90380859
1528.95910645	3139.07177734
1530.00683594	3242.6340332
1531.05456543	3348.06884766
1532.10241699	3483.23339844
1533.15014648	3645.8125
1534.19787598	3825.18383789
1535.24560547	3988.77294922
1536.29333496	4177.20947266
1537.34106445	4389.796875
1538.38891602	4585.94140625
1539.43664551	4774.70556641
1540.484375	4934.50732422
1541.53210449	5089.98730469
1542.57983398	5268.21826172
1543.62756348	5428.69238281
1544.67541504	5567.04248047
1545.72314453	5738.63330078
1546.77087402	5909.10791016
1547.81860352	6122.44482422
1548.86633301	6416.37695313
1549.9140625	6796.47167969
1550.96191406	7289.81835938
1552.00964355	7842.73632813
1553.05737305	8465.66796875
1554.10510254	9176.70605469
1555.15283203	9955.03417969
1556.20056152	10661.2050781
1557.24841309	11315.7890625
1558.29614258	11922.7666016
1559.34387207	12479.9765625
1560.39160156	12995.6191406
1561.43933105	13480.1533203
1562.48706055	13937.5917969
1563.53491211	14226.4023438
1564.5826416	14507.9140625
1565.63037109	14702.4238281
1566.67810059	14877.4677734
1567.72583008	15059.2207031
1568.77355957	15353.8945313
1569.82141113	15713.1376953
1570.86914063	16009.1816406
1571.91687012	16242.5839844
1572.96459961	16414.4765625
1574.0123291	16525.8496094
1575.06005859	16702.4902344
1576.10791016	17091.8925781
1577.15563965	17839.78125
1578.20336914	19122.8359375
1579.25109863	20915.9335938
1580.29882813	23286.2050781
1581.34655762	26168.2714844
1582.39440918	29249.5292969
1583.44213867	32162.8359375
1584.48986816	34605.6914063
1585.53759766	36194.7304688
1586.58532715	36812.2773438
1587.63305664	36485.6015625
1588.6809082	35252.8984375
1589.7286377	33474.2773438
1590.77636719	31405.1425781
1591.82409668	29125.3710938
1592.87182617	26820.4277344
1593.91955566	24543.4941406
1594.96740723	22361.7714844
1596.01513672	20325.6933594
1597.06286621	18456.4316406
1598.1105957	16768.6328125
1599.1583252	15222.0214844
1600.20605469	13845.6708984
1601.25390625	12609.3632813
1602.30163574	11459.7119141
1603.34936523	10458.3955078
1604.39709473	9571.90527344
1605.44482422	8727.87402344
1606.49255371	7950.49414063
1607.54040527	7270.08886719
1608.58813477	6664.06933594
1609.63586426	6120.25488281
1610.68359375	5632.96533203
1611.73132324	5182.24658203
1612.77905273	4793.93945313
1613.8269043	4449.77441406
1614.87463379	4111.47802734
1615.92236328	3800.70043945
1616.97009277	3528.26806641
1618.01782227	3288.42626953
1619.06567383	3059.12792969
1620.11340332	2867.32470703
1621.16113281	2685.55566406
1622.2088623	2500.63989258
1623.2565918	2363.69238281
1624.30432129	2226.55419922
1625.35217285	2080.06567383
1626.39990234	1976.29125977
1627.44763184	1889.72753906
1628.49536133	1781.81896973
1629.54309082	1678.99365234
1630.59082031	1597.94140625
1631.63867188	1519.77075195
1632.68640137	1450.12023926
1633.73413086	1404.27636719
1634.78186035	1350.3885498
1635.82958984	1290.8972168
1636.87731934	1249.22875977
1637.9251709	1194.02490234
1638.97290039	1163.88659668
1640.02062988	1111.3684082
1641.06835938	1081.31237793
1642.11608887	1044.67834473
1643.16381836	1015.3739624
1644.21166992	986.729187012
1645.25939941	966.188598633
1646.30712891	932.192260742
1647.3548584	914.167175293
1648.40258789	874.634277344
1649.45031738	864.901550293
1650.49816895	842.680053711
1651.54589844	831.660949707
1652.59362793	804.490600586
1653.64135742	791.83215332
1654.68908691	776.27331543
1655.73681641	763.057189941
1656.78466797	746.17578125
1657.83239746	727.237854004
1658.88012695	720.119384766
1659.92785645	695.485351563
1660.97558594	688.651916504
1662.02331543	678.323669434
1663.07116699	665.100219727
1664.11889648	657.986816406
1665.16662598	652.737548828
1666.21435547	639.668945313
1667.26208496	634.51361084
1668.30981445	619.458129883
1669.35766602	617.440368652
1670.40539551	603.158569336
1671.453125	601.922607422
1672.50085449	588.782226563
1673.54858398	583.728088379
1674.59631348	571.0546875
1675.64416504	568.56640625
1676.69189453	560.201721191
1677.73962402	552.19128418
1678.78735352	543.247314453
1679.83508301	538.748474121
1680.8828125	541.665649414
1681.93066406	539.532348633
1682.97839355	530.733032227
1684.02612305	528.993774414
1685.07385254	524.08605957
1686.12158203	519.344238281
1687.16931152	513.111328125
1688.21716309	512.702636719
1689.26489258	508.119049072
1690.31262207	504.663909912
1691.36035156	509.803131104
1692.40808105	510.833099365
1693.45581055	502.814117432
1694.50366211	499.949676514
1695.5513916	502.199066162
1696.59912109	505.314483643
1697.64685059	505.422302246
1698.69458008	498.199707031
1699.74230957	494.366760254
1700.79016113	503.317169189
1701.83789063	501.027893066
1702.88562012	497.372070313
1703.93334961	498.791473389
1704.9810791	505.093688965
1706.02880859	507.925567627
1707.07666016	506.367279053
1708.12438965	505.756164551
1709.17211914	511.688140869
1710.21984863	523.185913086
1711.26757813	526.74597168
1712.31530762	526.288696289
1713.36315918	521.343078613
1714.41088867	526.594970703
1715.45861816	529.551940918
1716.50634766	535.448669434
1717.55407715	541.374511719
1718.60180664	548.327514648
1719.6496582	549.073547363
1720.6973877	548.711181641
1721.74511719	555.321472168
1722.79284668	568.817565918
1723.84057617	566.260620117
1724.88830566	571.048095703
1725.93615723	575.930114746
1726.98388672	573.570007324
1728.03161621	578.361694336
1729.0793457	582.630554199
1730.1270752	584.755554199
1731.17480469	588.845703125
1732.22265625	596.858764648
1733.27038574	601.112548828
1734.31811523	600.165466309
1735.36584473	611.465332031
1736.41357422	612.924194336
1737.46130371	615.747253418
1738.50915527	622.614440918
1739.55688477	636.97277832
1740.60461426	651.478942871
1741.65234375	652.022949219
1742.70007324	659.504516602
1743.74780273	679.735595703
1744.7956543	692.322265625
1745.84338379	697.029418945
1746.89111328	709.367553711
1747.93884277	730.703063965
1748.98657227	733.327941895
1750.03430176	754.568359375
1751.08215332	758.022583008
1752.12988281	766.826416016
1753.1776123	774.986755371
1754.2253418	786.419799805
1755.27307129	783.744140625
1756.32080078	775.202758789
1757.36865234	781.579589844
1758.41638184	771.884094238
1759.46411133	778.904968262
1760.51184082	758.088134766
1761.55957031	729.62487793
1762.6072998	714.922302246
1763.65515137	713.957214355
1764.70288086	712.212036133
1765.75061035	704.144042969
1766.79833984	692.528076172
1767.84606934	682.805358887
1768.89379883	670.306762695
1769.94165039	656.675048828
1770.98937988	648.508728027
1772.03710938	644.661987305
1773.08483887	635.436889648
1774.13256836	620.316711426
1775.18029785	617.721557617
1776.22814941	619.705871582
1777.27587891	609.162414551
1778.3236084	596.13885498
1779.37133789	590.052490234
1780.41906738	579.04876709
1781.46679688	578.113708496
1782.51464844	559.90625
1783.56237793	552.840148926
1784.61010742	554.585998535
1785.65783691	537.272705078
1786.70556641	533.723266602
1787.7532959	531.427856445
1788.80114746	530.995422363
1789.84887695	516.036071777
1790.89660645	513.164245605
1791.94433594	506.415740967
1792.99206543	506.550445557
1794.03979492	499.678741455
1795.08764648	490.573974609
1796.13537598	480.303192139
1797.18310547	475.465545654
1798.23083496	468.273010254
1799.27856445	471.343536377
1800.32629395	464.935394287
1801.37414551	452.360748291
1802.421875	447.228118896
1803.46960449	442.33416748
1804.51733398	433.658813477
1805.56506348	426.840576172
1806.61279297	419.674591064
1807.66064453	416.38470459
1808.70837402	408.607177734
1809.75610352	405.794342041
1810.80383301	403.777282715
1811.8515625	396.636657715
1812.89929199	386.317840576
1813.94714355	377.258392334
1814.99487305	381.330688477
1816.04260254	374.91607666
1817.09033203	363.496032715
1818.13806152	359.623077393
1819.18579102	363.212280273
1820.23364258	362.106842041
1821.28137207	355.155456543
1822.32910156	350.862762451
1823.37683105	344.199432373
1824.42456055	344.237945557
1825.47229004	331.966644287
1826.5201416	331.323974609
1827.56787109	329.838195801
1828.61560059	331.481292725
1829.66333008	324.324645996
1830.71105957	320.88961792
1831.75878906	322.94052124
1832.80664063	323.938415527
1833.85437012	321.342437744
1834.90209961	322.505004883
1835.9498291	316.933502197
1836.99755859	318.828125
1838.04528809	314.751251221
1839.09313965	310.333557129
1840.14086914	308.095123291
1841.18859863	308.899353027
1842.23632813	306.430847168
1843.28405762	304.49206543
1844.33178711	312.166015625
1845.37963867	303.049682617
1846.42736816	302.457611084
1847.47509766	303.693939209
1848.52282715	300.785705566
1849.57055664	298.496459961
1850.61828613	299.510620117
1851.6661377	300.093811035
1852.71386719	295.04019165
1853.76159668	292.831787109
1854.80932617	297.4659729
1855.85705566	293.704406738
1856.90478516	294.011871338
1857.95263672	294.479156494
1859.00036621	293.192749023
1860.0480957	290.43182373
1861.0958252	291.615966797
1862.14355469	298.793518066
1863.19128418	294.201049805
1864.23913574	289.2081604
1865.28686523	294.936859131
1866.33459473	298.742889404
1867.38232422	292.108978271
1868.43005371	292.063140869
1869.4777832	295.866363525
1870.52563477	297.657897949
1871.57336426	294.292907715
1872.62109375	296.815704346
1873.66882324	298.584472656
1874.71655273	296.079589844
1875.76428223	298.204406738
1876.81213379	301.09677124
1877.85986328	301.06427002
1878.90759277	303.684112549
1879.95532227	306.79699707
1881.00305176	307.716827393
1882.05078125	310.743682861
1883.09863281	313.390930176
1884.1463623	316.553283691
1885.1940918	318.221221924
1886.24182129	316.803497314
1887.28955078	325.045532227
1888.33728027	327.370727539
1889.38513184	329.892730713
1890.43286133	332.283172607
1891.48059082	329.904663086
1892.52832031	334.324523926
1893.5760498	340.570098877
1894.62390137	345.162078857
1895.67163086	345.198028564
1896.71936035	355.091552734
1897.76708984	360.362854004
1898.81481934	361.429748535
1899.86254883	358.865814209
1900.91040039	364.713134766
1901.95812988	372.771453857
1903.00585938	374.879180908
1904.05358887	382.697235107
1905.10131836	379.802429199
1906.14904785	390.256896973
1907.19689941	392.640106201
1908.24462891	396.339935303
1909.2923584	402.525024414
1910.34008789	408.327453613
1911.38781738	407.78918457
1912.43554688	414.522888184
1913.48339844	418.026245117
1914.53112793	420.65222168
1915.57885742	419.584075928
1916.62658691	430.379730225
1917.67431641	421.130249023
1918.7220459	427.094818115
1919.76989746	433.066711426
1920.81762695	434.111328125
1921.86535645	434.102661133
1922.91308594	435.693847656
1923.96081543	438.663421631
1925.00854492	440.381164551
1926.05639648	441.108551025
1927.10412598	437.835723877
1928.15185547	440.069580078
1929.19958496	434.721374512
1930.24731445	440.52746582
1931.29504395	435.653869629
1932.34289551	438.452545166
1933.390625	439.141021729
1934.43835449	443.510772705
1935.48608398	440.679534912
1936.53381348	438.652191162
1937.58154297	439.260559082
1938.62939453	432.933044434
1939.67712402	435.98727417
1940.72485352	431.478485107
1941.77258301	428.329925537
1942.8203125	422.241790771
1943.86804199	416.743347168
1944.91589355	416.915374756
1945.96362305	424.032928467
1947.01135254	405.163421631
1948.05908203	411.257019043
1949.10681152	395.024902344
1950.15454102	397.070892334
1951.20239258	393.139190674
1952.25012207	390.444976807
1953.29785156	383.697692871
1954.34558105	374.801422119
1955.39331055	367.811004639
1956.44104004	370.655487061
1957.4888916	363.794952393
1958.53662109	359.549224854
1959.58435059	350.295074463
1960.63208008	350.396606445
1961.67980957	344.704284668
1962.72753906	330.993652344
1963.77539063	328.058258057
1964.82312012	325.329376221
1965.87084961	314.858520508
1966.9185791	320.151947021
1967.96630859	310.809417725
1969.01403809	307.471954346
1970.06188965	303.622070313
1971.10961914	301.416412354
1972.15734863	293.198425293
1973.20507813	289.285675049
1974.25280762	288.755249023
1975.30053711	285.116577148
1976.34838867	283.45425415
1977.39611816	275.149414063
1978.44384766	271.581420898
1979.49157715	280.049102783
1980.53930664	269.549835205
1981.58703613	269.728881836
1982.6348877	267.65057373
1983.68261719	262.577697754
1984.73034668	259.539764404
1985.77807617	259.251922607
1986.82580566	257.81338501
1987.87353516	254.359115601
1988.92138672	252.151473999
1989.96911621	253.911804199
1991.0168457	250.543212891
1992.0645752	245.123748779
1993.11230469	253.766845703
1994.16003418	247.524246216
1995.20788574	249.051773071
1996.25561523	240.870727539
1997.30334473	247.856674194
1998.35107422	238.632537842
1999.39880371	241.08895874
2000.4465332	236.55480957
2001.49438477	237.97845459
2002.54211426	237.535461426
2003.58984375	239.256637573
2004.63757324	238.039642334
2005.68530273	235.711502075
2006.73303223	232.364486694
2007.78088379	234.739822388
2008.82861328	232.612716675
2009.87634277	233.443496704
2010.92407227	235.970443726
2011.97180176	237.07850647
2013.01953125	232.651031494
2014.06738281	232.952453613
2015.1151123	230.364013672
2016.1628418	232.40234375
2017.21057129	233.643386841
2018.25830078	231.653503418
2019.30603027	229.613479614
2020.35388184	228.32649231
2021.40161133	231.498809814
2022.44934082	231.487258911
2023.49707031	228.336990356
2024.5447998	223.230331421
2025.5925293	227.686569214
2026.64038086	228.365371704
2027.68811035	222.849472046
2028.73583984	227.305786133
2029.78356934	225.64994812
2030.83129883	223.531921387
2031.87902832	225.757568359
2032.92687988	228.020095825
2033.97460938	225.260528564
2035.02233887	226.31602478
2036.07006836	226.512649536
2037.11779785	225.024124146
2038.16552734	222.979431152
2039.21337891	227.420379639
2040.2611084	219.389465332
2041.30883789	227.06036377
2042.35656738	224.289031982
2043.40429688	221.262023926
2044.45202637	223.654922485
2045.49987793	223.659484863
2046.54760742	222.766799927
2047.59533691	224.206314087
2048.64306641	223.924789429
2049.69091797	225.371963501
2050.73852539	225.121261597
2051.78637695	223.513412476
2052.83398438	225.748626709
2053.88183594	220.428741455
2054.9296875	228.193206787
2055.97729492	224.990219116
2057.02514648	218.466262817
2058.07275391	219.021438599
2059.12060547	221.511947632
2060.16821289	223.681594849
2061.21606445	227.37928772
2062.26391602	225.67401123
2063.31152344	219.947784424
2064.359375	225.313674927
2065.40698242	218.957794189
2066.45483398	227.363464355
2067.50268555	221.685470581
2068.55029297	225.202102661
2069.59814453	221.442276001
2070.64575195	220.18196106
2071.69360352	225.251098633
2072.74121094	225.683517456
2073.7890625	224.840057373
2074.83691406	224.010940552
2075.88452148	221.599761963
2076.93237305	220.93711853
2077.97998047	229.071136475
2079.02783203	227.412216187
2080.07568359	221.849945068
2081.12329102	222.864028931
2082.17114258	226.881362915
2083.21875	223.984649658
2084.26660156	226.070114136
2085.31420898	225.456787109
2086.36206055	225.808441162
2087.40991211	222.36138916
2088.45751953	221.636856079
2089.50537109	224.23399353
2090.55297852	231.257629395
2091.60083008	230.360198975
2092.64868164	228.023010254
2093.69628906	223.197280884
2094.74414063	223.309356689
2095.79174805	227.298995972
2096.83959961	229.02557373
2097.88720703	226.015289307
2098.93505859	227.073608398
2099.98291016	229.292175293
2101.03051758	227.490646362
2102.07836914	224.958847046
2103.12597656	225.783081055
2104.17382813	220.073471069
2105.22167969	226.349243164
2106.26928711	222.723403931
2107.31713867	222.613845825
2108.36474609	220.414291382
2109.41259766	223.933532715
2110.46020508	224.36529541
2111.50805664	224.374328613
2112.5559082	225.691040039
2113.60351563	225.350906372
2114.65136719	224.554275513
2115.69897461	224.724090576
2116.74682617	228.202560425
2117.79467773	222.967987061
2118.84228516	226.477249146
2119.89013672	227.913604736
2120.93774414	225.132781982
2121.9855957	222.862411499
2123.03320313	225.43421936
2124.08105469	225.49269104
2125.12890625	218.586715698
2126.17651367	225.331924438
2127.22436523	229.669006348
2128.27197266	229.012390137
2129.31982422	221.84979248
2130.36767578	224.657363892
2131.4152832	223.831314087
2132.46313477	228.674133301
2133.51074219	225.358795166
2134.55859375	227.628952026
2135.60620117	226.277374268
2136.65405273	227.045257568
2137.7019043	226.997680664
2138.74951172	223.779510498
2139.79736328	227.292877197
2140.8449707	227.018066406
2141.89282227	223.460144043
2142.94067383	224.221633911
2143.98828125	226.790756226
2145.03613281	224.783905029
2146.08374023	222.967880249
2147.1315918	221.609954834
2148.17919922	222.909851074
2149.22705078	226.546920776
2150.27490234	224.775115967
2151.32250977	223.459732056
2152.37036133	221.244384766
2153.41796875	227.524459839
2154.46582031	223.165924072
2155.51367188	224.352416992
2156.5612793	225.597198486
2157.60913086	225.424911499
2158.65673828	224.11730957
2159.70458984	218.370910645
2160.75219727	222.812744141
2161.80004883	221.802154541
2162.84790039	225.052322388
2163.89550781	225.922393799
2164.94335938	225.336502075
2165.9909668	222.289962769
2167.03881836	224.548904419
2168.08666992	226.153518677
2169.13427734	225.560043335
2170.18212891	224.914871216
2171.22973633	226.058731079
2172.27758789	225.694900513
2173.32543945	225.313369751
2174.37304688	223.772232056
2175.42089844	226.28175354
2176.46850586	223.660354614
2177.51635742	222.631271362
2178.56396484	223.264266968
2179.61181641	225.449539185
2180.65966797	227.366760254
2181.70727539	226.777999878
2182.75512695	226.240234375
2183.80273438	228.175765991
2184.85058594	227.059005737
2185.8984375	227.918014526
2186.94604492	226.683685303
2187.99389648	224.183563232
2189.04150391	228.697189331
2190.08935547	231.024795532
2191.13696289	230.192947388
2192.18481445	228.763916016
2193.23266602	229.50970459
2194.28027344	231.233963013
2195.328125	231.909286499
2196.37573242	233.613815308
2197.42358398	235.402328491
2198.47143555	233.172302246
2199.51904297	230.728134155
2200.56689453	229.031860352
2201.61450195	230.654251099
2202.66235352	231.622802734
2203.70996094	230.824859619
2204.7578125	230.857803345
2205.80566406	235.035308838
2206.85327148	229.737243652
2207.90112305	237.702728271
2208.94873047	235.890792847
2209.99658203	235.075653076
2211.04443359	235.486404419
2212.09204102	238.042373657
2213.13989258	240.316879272
2214.1875	243.640533447
2215.23535156	235.243026733
2216.28295898	235.256011963
2217.33081055	237.443130493
2218.37866211	242.323181152
2219.42626953	239.611862183
2220.47412109	235.965270996
2221.52172852	237.787719727
2222.56958008	239.728881836
2223.61743164	244.520477295
2224.66503906	239.080093384
2225.71289063	233.869598389
2226.76049805	237.793395996
2227.80834961	238.931686401
2228.85595703	240.586883545
2229.90380859	236.566207886
2230.95166016	239.025009155
2231.99926758	247.502609253
2233.04711914	243.646652222
2234.09472656	243.066757202
2235.14257813	238.899093628
2236.19042969	240.480148315
2237.23803711	245.020553589
2238.28588867	243.73197937
2239.33349609	236.649642944
2240.38134766	239.779388428
2241.42895508	241.388763428
2242.47680664	239.341201782
2243.5246582	241.08644104
2244.57226563	238.863876343
2245.62011719	240.303863525
2246.66772461	243.440261841
2247.71557617	241.65838623
2248.76342773	242.656326294
2249.81103516	242.354217529
2250.85888672	240.957778931
2251.90649414	239.26789856
2252.9543457	242.512863159
2254.00195313	243.475326538
2255.04980469	243.205490112
2256.09765625	244.219955444
2257.14526367	245.154312134
2258.19311523	249.290115356
2259.24072266	247.532241821
2260.28857422	249.132232666
2261.33642578	246.798538208
2262.3840332	253.500289917
2263.43188477	249.858108521
2264.47949219	245.109390259
2265.52734375	243.22492981
2266.57495117	243.806716919
2267.62280273	249.860275269
2268.6706543	249.954589844
2269.71826172	252.764419556
2270.76611328	252.742767334
2271.8137207	251.029937744
2272.86157227	250.858291626
2273.90942383	257.269073486
2274.95703125	249.84538269
2276.00488281	251.653839111
2277.05249023	246.321670532
2278.1003418	249.159851074
2279.14794922	253.567687988
2280.19580078	254.361236572
2281.24365234	253.878448486
2282.29125977	254.418655396
2283.33911133	253.438201904
2284.38671875	256.57901001
2285.43457031	254.925125122
2286.48242188	262.604736328
2287.5300293	255.172195435
2288.57788086	258.005889893
2289.62548828	257.228729248
2290.67333984	263.483886719
2291.72094727	262.372528076
2292.76879883	261.970092773
2293.81665039	262.230529785
2294.86425781	257.225952148
2295.91210938	261.904052734
2296.9597168	262.030029297
2298.00756836	265.588989258
2299.05541992	266.839904785
2300.10302734	263.635528564
2301.15087891	268.2293396
2302.19848633	266.951049805
2303.24633789	259.119110107
2304.29394531	273.36907959
2305.34179688	274.646087646
2306.38964844	270.16305542
2307.43725586	269.039215088
2308.48510742	273.208343506
2309.53271484	266.741333008
2310.58056641	270.550689697
2311.62841797	274.783203125
2312.67602539	275.851623535
2313.72387695	273.202270508
2314.77148438	274.994232178
2315.81933594	274.696166992
2316.86694336	277.799072266
2317.91479492	277.035888672
2318.96264648	278.109405518
2320.01025391	277.416503906
2321.05810547	277.394897461
2322.10571289	282.118408203
2323.15356445	279.911346436
2324.20141602	286.003265381
2325.24902344	287.313659668
2326.296875	294.487792969
2327.34448242	293.847869873
2328.39233398	293.00177002
2329.43994141	290.995300293
2330.48779297	286.143127441
2331.53564453	285.980957031
2332.58325195	280.303955078
2333.63110352	281.518707275
2334.67871094	282.703521729
2335.7265625	285.200775146
2336.77441406	289.383880615
2337.82202148	290.646789551
2338.86987305	295.952209473
2339.91748047	287.010681152
2340.96533203	294.475708008
2342.01293945	290.037322998
2343.06079102	288.176391602
2344.10864258	295.097229004
2345.15625	297.94430542
2346.20410156	301.620300293
2347.25170898	294.072845459
2348.29956055	293.903015137
2349.34741211	301.784484863
2350.39501953	297.118225098
2351.44287109	302.250244141
2352.49047852	302.446746826
2353.53833008	302.471069336
2354.5859375	297.403533936
2355.63378906	302.076049805
2356.68164063	313.846801758
2357.72924805	307.977935791
2358.77709961	311.751678467
2359.82470703	314.856750488
2360.87255859	313.567810059
2361.92041016	312.453704834
2362.96801758	311.716644287
2364.01586914	301.307189941
2365.06347656	317.339294434
2366.11132813	317.060546875
2367.15893555	318.424926758
2368.20678711	319.174102783
2369.25463867	321.394104004
2370.30224609	321.645111084
2371.35009766	321.691070557
2372.39770508	322.199676514
2373.44555664	322.917907715
2374.4934082	321.969055176
2375.54101563	328.053405762
2376.58886719	330.246612549
2377.63647461	325.135131836
2378.68432617	324.349212646
2379.73193359	333.537231445
2380.77978516	328.881317139
2381.82763672	325.592315674
2382.87524414	332.624359131
2383.9230957	335.268829346
2384.97070313	335.207855225
2386.01855469	335.873962402
2387.06640625	333.707733154
2388.11401367	329.964630127
2389.16186523	342.684234619
2390.20947266	342.711975098
2391.25732422	346.072113037
2392.30493164	347.253845215
2393.3527832	346.519134521
2394.40063477	349.902374268
2395.44824219	353.334747314
2396.49609375	348.691314697
2397.54370117	353.76965332
2398.59155273	359.127990723
2399.6394043	358.579284668
2400.68701172	357.667297363
2401.73486328	358.094573975
2402.7824707	363.08682251
2403.83032227	373.00201416
2404.87792969	364.619628906
2405.92578125	368.607879639
2406.97363281	377.604156494
2408.02124023	374.370025635
2409.0690918	377.748474121
2410.11669922	384.215148926
2411.16455078	385.417053223
2412.21240234	390.051391602
2413.26000977	386.299591064
2414.30786133	396.796417236
2415.35546875	398.960571289
2416.40332031	401.055328369
2417.45092773	404.07824707
2418.4987793	413.042633057
2419.54663086	407.949462891
2420.59423828	415.717437744
2421.64208984	413.191619873
2422.68969727	418.301635742
2423.73754883	425.850769043
2424.78540039	430.283905029
2425.83300781	435.467071533
2426.88085938	442.328399658
2427.9284668	446.272766113
2428.97631836	449.983795166
2430.02392578	451.021179199
2431.07177734	460.696502686
2432.11962891	459.322296143
2433.16723633	470.708190918
2434.21508789	475.002105713
2435.26269531	478.558990479
2436.31054688	485.703887939
2437.35839844	493.695129395
2438.40600586	498.859344482
2439.45385742	507.602478027
2440.50146484	514.522460938
2441.54931641	518.994445801
2442.59692383	532.051208496
2443.64477539	539.877685547
2444.69262695	537.336669922
2445.74023438	545.499389648
2446.78808594	551.108947754
2447.83569336	557.909790039
2448.88354492	561.173950195
2449.93139648	567.232299805
2450.97900391	557.760253906
2452.02685547	568.280090332
2453.07446289	564.514526367
2454.12231445	574.752624512
2455.17016602	572.373535156
2456.21777344	562.378479004
2457.265625	579.784423828
2458.31323242	573.753234863
2459.36108398	578.401428223
2460.40869141	575.796508789
2461.45654297	575.112243652
2462.50439453	582.854187012
2463.55200195	583.044616699
2464.59985352	576.903625488
2465.64746094	573.026855469
2466.6953125	575.244934082
2467.74316406	579.792297363
2468.79077148	580.981750488
2469.83862305	579.151855469
2470.88623047	576.349975586
2471.93408203	587.521484375
2472.98168945	586.306152344
2474.02954102	582.083435059
2475.07739258	583.975036621
2476.125	595.318847656
2477.17285156	587.729919434
2478.22045898	586.875244141
2479.26831055	598.891662598
2480.31616211	593.870849609
2481.36376953	591.868041992
2482.41162109	592.393737793
2483.45922852	595.863220215
2484.50708008	595.683349609
2485.5546875	599.414123535
2486.60253906	610.236816406
2487.65039063	600.075561523
2488.69799805	610.11315918
2489.74584961	611.827880859
2490.79345703	611.169067383
2491.84130859	618.030273438
2492.88916016	619.269348145
2493.93676758	616.850463867
2494.98461914	629.739440918
2496.03222656	638.994750977
2497.08007813	634.844970703
2498.12768555	635.838012695
2499.17553711	640.355651855
2500.22338867	641.815795898
2501.27099609	655.44317627
2502.31884766	644.62878418
2503.36645508	645.992431641
2504.41430664	652.793518066
2505.4621582	655.091003418
2506.50976563	661.290710449
2507.55761719	661.865478516
2508.60522461	672.905822754
2509.65307617	674.227722168
2510.70068359	671.405517578
2511.74853516	677.287780762
2512.79638672	679.371948242
2513.84399414	679.552368164
2514.8918457	687.842834473
2515.93945313	688.499084473
2516.98730469	694.350219727
2518.03515625	694.492004395
2519.08276367	698.03894043
2520.13061523	705.468078613
2521.17822266	703.520507813
2522.22607422	712.044067383
2523.27368164	719.402770996
2524.3215332	713.566711426
2525.36938477	727.551208496
2526.41699219	727.967163086
2527.46484375	738.472045898
2528.51245117	744.536682129
2529.56030273	752.940002441
2530.6081543	755.036621094
2531.65576172	761.832641602
2532.70361328	764.567626953
2533.7512207	773.440368652
2534.79907227	778.842163086
2535.84667969	779.064086914
2536.89453125	787.706726074
2537.94238281	802.612792969
2538.98999023	822.303588867
2540.0378418	834.277099609
2541.08544922	837.53515625
2542.13330078	842.130493164
2543.18115234	856.758178711
2544.22875977	866.883789063
2545.27661133	872.321716309
2546.32421875	886.652954102
2547.37207031	904.547973633
2548.41967773	909.781738281
2549.4675293	929.779296875
2550.51538086	942.777160645
2551.56298828	952.639892578
2552.61083984	965.552368164
2553.65844727	992.170898438
2554.70629883	1013.45159912
2555.75415039	1027.0333252
2556.80175781	1045.54443359
2557.84960938	1059.34533691
2558.8972168	1080.17004395
2559.94506836	1092.44311523
2560.99267578	1133.50732422
2562.04052734	1129.12329102
2563.08837891	1165.11120605
2564.13598633	1181.64990234
2565.18383789	1200.34313965
2566.23144531	1225.34057617
2567.27929688	1245.64611816
2568.32714844	1276.05493164
2569.37475586	1301.0880127
2570.42260742	1317.68786621
2571.47021484	1343.6685791
2572.51806641	1376.42919922
2573.56567383	1398.59509277
2574.61352539	1426.4798584
2575.66137695	1465.22424316
2576.70898438	1489.37268066
2577.75683594	1521.68554688
2578.80444336	1547.85131836
2579.85229492	1582.38024902
2580.90014648	1621.1192627
2581.94775391	1641.81213379
2582.99560547	1702.63977051
2584.04321289	1747.36560059
2585.09106445	1777.18310547
2586.13867188	1835.66027832
2587.18652344	1884.12585449
2588.234375	1917.74072266
2589.28198242	1974.80981445
2590.32983398	2020.95251465
2591.37744141	2064.85766602
2592.42529297	2123.5925293
2593.47314453	2213.45654297
2594.52075195	2245.30395508
2595.56860352	2324.12280273
2596.61621094	2398.01782227
2597.6640625	2478.87548828
2598.71166992	2529.78051758
2599.75952148	2607.35351563
2600.80737305	2685.02905273
2601.85498047	2783.90478516
2602.90283203	2857.29272461
2603.95043945	2953.48291016
2604.99829102	3055.11425781
2606.04614258	3175.43896484
2607.09375	3262.80688477
2608.14160156	3366.28930664
2609.18920898	3502.54467773
2610.23706055	3609.72998047
2611.28466797	3718.27099609
2612.33251953	3847.64428711
2613.38037109	3982.16552734
2614.42797852	4121.85986328
2615.47583008	4247.79003906
2616.5234375	4372.67578125
2617.57128906	4482.875
2618.61914063	4628.76220703
2619.66674805	4752.31640625
2620.71459961	4867.88427734
2621.76220703	4975.74804688
2622.81005859	5079.29833984
2623.85766602	5170.37597656
2624.90551758	5277.97558594
2625.95336914	5354.92529297
2627.00097656	5376.81884766
2628.04882813	5429.49462891
2629.09643555	5461.95703125
2630.14428711	5482.66210938
2631.19213867	5503.55957031
2632.23974609	5499.46923828
2633.28759766	5449.26513672
2634.33520508	5430.34667969
2635.38305664	5372.14453125
2636.43066406	5317.59033203
2637.47851563	5231.95556641
2638.52636719	5133.84570313
2639.57397461	5030.02880859
2640.62182617	4907.32958984
2641.66943359	4785.14501953
2642.71728516	4687.65380859
2643.76513672	4557.85058594
2644.81274414	4422.16552734
2645.8605957	4280.57910156
2646.90820313	4137.50634766
2647.95605469	4026.94897461
2649.00366211	3851.875
2650.05151367	3733.20898438
2651.09936523	3597.41210938
2652.14697266	3494.05615234
2653.19482422	3342.76147461
2654.24243164	3241.71728516
2655.2902832	3118.79272461
2656.33813477	3028.64599609
2657.38574219	2905.3347168
2658.43359375	2818.88525391
2659.48120117	2691.97558594
2660.52905273	2583.9987793
2661.57666016	2499.63256836
2662.62451172	2415.52563477
2663.67236328	2320.09301758
2664.7199707	2250.42211914
2665.76782227	2166.65820313
2666.81542969	2084.15942383
2667.86328125	2000.79589844
2668.91113281	1919.68383789
2669.95874023	1845.40026855
2671.0065918	1786.32446289
2672.05419922	1734.07226563
2673.10205078	1669.19824219
2674.1496582	1598.85327148
2675.19750977	1533.18920898
2676.24536133	1489.13500977
2677.29296875	1449.22839355
2678.34082031	1398.9876709
2679.38842773	1344.44995117
2680.4362793	1297.8671875
2681.48413086	1257.35266113
2682.53173828	1217.25842285
2683.57958984	1169.54492188
2684.62719727	1147.66918945
2685.67504883	1111.74267578
2686.72265625	1086.21520996
2687.77050781	1052.94006348
2688.81835938	1038.11303711
2689.8659668	1005.0458374
2690.91381836	985.452880859
2691.96142578	946.272277832
2693.00927734	929.430725098
2694.05712891	913.091125488
2695.10473633	891.917358398
2696.15258789	869.879577637
2697.20019531	848.915588379
2698.24804688	825.880371094
2699.2956543	824.964050293
2700.34350586	796.566589355
2701.39135742	778.853393555
2702.43896484	767.922607422
2703.48681641	755.997558594
2704.53442383	732.577941895
2705.58227539	733.495666504
2706.63012695	718.049987793
2707.67773438	694.007385254
2708.72558594	687.585449219
2709.77319336	675.749267578
2710.82104492	671.313293457
2711.86865234	659.875366211
2712.91650391	647.148681641
2713.96435547	636.633117676
2715.01196289	629.297790527
2716.05981445	618.208374023
2717.10742188	609.423034668
2718.15527344	596.934570313
2719.203125	583.570678711
2720.25073242	575.772583008
2721.29858398	570.71496582
2722.34619141	562.823608398
2723.39404297	558.471496582
2724.44189453	543.819641113
2725.48950195	546.69329834
2726.53735352	532.10546875
2727.58496094	528.761047363
2728.6328125	528.447021484
2729.68041992	518.162658691
2730.72827148	504.483001709
2731.77612305	497.587738037
2732.82373047	494.011291504
2733.87158203	486.418884277
2734.91918945	492.737731934
2735.96704102	491.424560547
2737.01489258	478.502532959
2738.0625	482.993804932
2739.11035156	476.026092529
2740.15795898	471.822113037
2741.20581055	466.634429932
2742.25341797	463.349945068
2743.30126953	458.22567749
2744.34912109	456.783813477
2745.39672852	451.816650391
2746.44458008	446.271270752
2747.4921875	447.960388184
2748.54003906	440.295959473
2749.58789063	439.950897217
2750.63549805	432.558135986
2751.68334961	429.983764648
2752.73095703	429.152679443
2753.77880859	419.748474121
2754.82641602	421.6199646
2755.87426758	433.36026001
2756.92211914	420.720245361
2757.96972656	417.799835205
2759.01757813	424.044036865
2760.06518555	422.943115234
2761.11303711	415.217193604
2762.16088867	406.718414307
2763.20849609	405.509368896
2764.25634766	403.189575195
2765.30395508	399.194122314
2766.35180664	398.810791016
2767.39941406	399.897460938
2768.44726563	396.486938477
2769.49511719	396.723693848
2770.54272461	389.028991699
2771.59057617	388.061523438
2772.63818359	386.798828125
2773.68603516	385.347320557
2774.73388672	383.636535645
2775.78149414	386.501495361
2776.8293457	388.183837891
2777.87695313	381.017822266
2778.92480469	377.269866943
2779.97241211	377.017181396
2781.02026367	379.750427246
2782.06811523	373.146728516
2783.11572266	376.956604004
2784.16357422	371.486022949
2785.21118164	373.874023438
2786.2590332	367.839233398
2787.30688477	361.732299805
2788.35449219	360.733001709
2789.40234375	362.586486816
2790.44995117	364.281646729
2791.49780273	355.027770996
2792.54541016	353.851715088
2793.59326172	356.18862915
2794.64111328	346.125671387
2795.6887207	345.564483643
2796.73657227	344.420013428
2797.78417969	347.724151611
2798.83203125	344.036468506
2799.87988281	337.208831787
2800.92749023	331.171722412
2801.9753418	331.776580811
2803.02294922	328.884460449
2804.07080078	340.193145752
2805.1184082	330.713500977
2806.16625977	328.258209229
2807.21411133	327.899108887
2808.26171875	320.743530273
2809.30957031	322.530578613
2810.35717773	324.675354004
2811.4050293	319.998748779
2812.45288086	315.889343262
2813.50048828	312.412567139
2814.54833984	313.399993896
2815.59594727	311.515808105
2816.64379883	304.68560791
2817.69140625	309.912628174
2818.73925781	311.445770264
2819.78710938	301.797149658
2820.8347168	310.743469238
2821.88256836	301.748382568
2822.93017578	298.533325195
2823.97802734	299.121734619
2825.02587891	301.754486084
2826.07348633	295.687866211
2827.12133789	297.964569092
2828.16894531	296.809570313
2829.21679688	298.207366943
2830.2644043	295.135192871
2831.31225586	295.414093018
2832.36010742	293.53793335
2833.40771484	291.614654541
2834.45556641	288.595550537
2835.50317383	289.625244141
2836.55102539	286.78237915
2837.59887695	289.09552002
2838.64648438	287.570953369
2839.69433594	287.891052246
2840.74194336	285.559997559
2841.78979492	287.168945313
2842.83740234	293.744873047
2843.88525391	284.125366211
2844.93310547	280.727355957
2845.98071289	276.945220947
2847.02856445	281.38949585
2848.07617188	277.060272217
2849.12402344	285.493286133
2850.171875	281.56338501
2851.21948242	281.179229736
2852.26733398	276.569458008
2853.31494141	272.001342773
2854.36279297	279.714569092
2855.41040039	277.720214844
2856.45825195	272.321014404
2857.50610352	273.818267822
2858.55371094	275.314422607
2859.6015625	276.779663086
2860.64916992	274.968933105
2861.69702148	266.30871582
2862.74487305	272.604003906
2863.79248047	273.946044922
2864.84033203	271.126525879
2865.88793945	268.95022583
2866.93579102	267.880310059
2867.98339844	275.136108398
2869.03125	273.886383057
2870.07910156	274.633789063
2871.12670898	270.095062256
2872.17456055	268.756256104
2873.22216797	273.008850098
2874.27001953	271.788238525
2875.31787109	270.739227295
2876.36547852	264.587615967
2877.41333008	268.811859131
2878.4609375	271.641235352
2879.50878906	271.510620117
2880.55639648	271.869812012
2881.60424805	264.156890869
2882.65209961	265.362609863
2883.69970703	266.027770996
2884.74755859	263.005889893
2885.79516602	264.642700195
2886.84301758	264.709991455
2887.89086914	264.18536377
2888.93847656	265.964294434
2889.98632813	262.455230713
2891.03393555	262.752197266
2892.08178711	260.361999512
2893.12939453	260.2215271
2894.17724609	259.48739624
2895.22509766	261.007263184
2896.27270508	263.521179199
2897.32055664	264.062561035
2898.36816406	268.410888672
2899.41601563	259.319274902
2900.46386719	259.211181641
2901.51147461	262.623321533
2902.55932617	266.385742188
2903.60693359	265.230255127
2904.65478516	259.991119385
2905.70239258	261.723144531
2906.75024414	257.382843018
2907.7980957	256.98260498
2908.84570313	257.829589844
2909.89355469	262.714355469
2910.94116211	254.767059326
2911.98901367	258.873962402
2913.03686523	258.271331787
2914.08447266	253.625259399
2915.13232422	258.452758789
2916.17993164	253.593002319
2917.2277832	249.045669556
2918.27539063	255.706680298
2919.32324219	253.964935303
2920.37109375	251.997146606
2921.41870117	246.896987915
2922.46655273	250.275543213
2923.51416016	249.765213013
2924.56201172	248.268417358
2925.60986328	258.593780518
2926.6574707	246.351333618
2927.70532227	245.41468811
2928.75292969	242.871276855
2929.80078125	239.656799316
2930.84838867	243.043014526
2931.89624023	239.097518921
2932.9440918	238.665603638
2933.99169922	239.346466064
2935.03955078	238.179672241
2936.0871582	235.657043457
2937.13500977	236.230255127
2938.18286133	239.441329956
2939.23046875	245.029556274
2940.27832031	234.205032349
2941.32592773	237.435836792
2942.3737793	237.515151978
2943.42138672	236.654174805
2944.46923828	237.349731445
2945.51708984	240.765167236
2946.56469727	239.492233276
2947.61254883	232.487731934
2948.66015625	230.17767334
2949.70800781	235.113479614
2950.75585938	237.623031616
2951.8034668	231.338943481
2952.85131836	234.29359436
2953.89892578	236.560302734
2954.94677734	235.404830933
2955.99438477	233.12789917
2957.04223633	235.850021362
2958.09008789	229.042770386
2959.13769531	226.576263428
2960.18554688	230.155395508
2961.2331543	231.309814453
2962.28100586	224.134246826
2963.32885742	228.295043945
2964.37646484	226.67414856
2965.42431641	223.49458313
2966.47192383	226.024963379
2967.51977539	228.016967773
2968.56738281	231.02822876
2969.61523438	222.08164978
2970.66308594	222.602157593
2971.71069336	225.934310913
2972.75854492	226.819747925
2973.80615234	231.609710693
2974.85400391	221.371765137
2975.90185547	226.96244812
2976.94946289	220.902099609
2977.99731445	219.837020874
2979.04492188	226.536956787
2980.09277344	223.725738525
2981.14038086	219.566864014
2982.18823242	221.864959717
2983.23608398	218.890563965
2984.28369141	219.167739868
2985.33154297	222.65965271
2986.37915039	217.996109009
2987.42700195	225.410629272
2988.47485352	222.525726318
2989.52246094	220.24319458
2990.5703125	222.646255493
2991.61791992	226.431015015
2992.66577148	220.832321167
2993.71337891	218.834716797
2994.76123047	217.240859985
2995.80908203	220.083831787
2996.85668945	217.526931763
2997.90454102	224.946273804
2998.95214844	221.32862854
3000	219.523986816
