-50	154.543670654
-48.1682128906	157.160186768
-46.3364295959	162.207809448
-44.5046424866	169.273590088
-42.6728591919	172.376190186
-40.8410720825	177.416137695
-39.0092887878	187.645767212
-37.1775016785	197.384643555
-35.3457183838	202.713302612
-33.5139312744	207.557357788
-31.6821460724	221.822189331
-29.8503608704	231.201858521
-28.0185756683	244.504104614
-26.1867904663	260.815216064
-24.3550052643	275.945129395
-22.5232200623	294.220703125
-20.6914348602	324.55078125
-18.8596496582	357.286376953
-17.0278644562	415.867889404
-15.1960783005	533.101623535
-13.3642930984	808.346374512
-11.5325078964	1943.98400879
-9.7007226944	9098.79003906
-7.86893701553	22090.0332031
-6.03715181351	34360.8632813
-4.20536613464	43424.453125
-2.37358093262	55153.2773438
-0.541795670986	62943.0742188
1.28998970985	58762.8984375
3.12177491188	46446.0898438
4.95356035233	30774.7089844
6.78534555435	16079.1259766
8.61713123322	4478.24072266
10.4489164352	1397.26098633
12.2807016373	502.891265869
14.1124868393	325.66796875
15.9442720413	260.462768555
17.776058197	233.930541992
19.607843399	217.932235718
21.4396286011	204.206176758
23.2714138031	190.233459473
25.1031990051	181.231628418
26.9349842072	175.310073853
28.7667694092	165.235244751
30.5985546112	150.85824585
32.4303398132	147.089385986
34.2621269226	136.945922852
36.0939102173	126.922019958
37.9256973267	120.974708557
39.7574806213	116.083824158
41.5892677307	111.298477173
43.4210510254	107.515708923
45.2528381348	107.452033997
47.0846214294	104.303421021
48.9164085388	97.2894668579
50.7481956482	95.6052322388
52.5799789429	93.098739624
54.4117660522	88.2392578125
56.2435493469	84.962387085
58.0753364563	83.6241226196
59.907119751	82.2652511597
61.7389068604	77.5821304321
63.570690155	76.4642868042
65.4024734497	72.5258255005
67.2342605591	72.3507385254
69.0660476685	72.6328125
70.8978347778	71.5277481079
72.7296218872	75.2325134277
74.5614013672	81.6575927734
76.3931884766	95.5701065063
78.2249755859	111.991081238
80.0567626953	129.658950806
81.8885421753	145.725585938
83.7203292847	152.862915039
85.552116394	160.184432983
87.3839035034	166.305328369
89.2156829834	172.974395752
91.0474700928	174.757583618
92.8792572021	172.698257446
94.7110443115	182.449584961
96.5428314209	182.875274658
98.3746109009	182.70614624
100.20639801	183.155319214
102.03818512	186.383056641
103.869972229	191.043106079
105.701751709	190.361465454
107.533538818	193.740325928
109.365325928	197.330581665
111.197113037	201.0287323
113.028892517	206.272293091
114.860679626	213.094818115
116.692466736	219.295639038
118.524253845	230.949234009
120.356040955	244.406311035
122.187820435	265.118927002
124.019607544	288.691680908
125.851394653	313.581542969
127.683181763	344.39050293
129.514968872	377.032073975
131.346755981	397.205871582
133.178527832	409.320373535
135.010314941	417.85369873
136.842102051	423.475891113
138.67388916	423.143798828
140.50567627	416.487792969
142.337463379	393.576263428
144.169250488	386.078094482
146.001037598	382.873168945
147.832824707	381.919219971
149.664596558	388.779968262
151.496383667	390.532501221
153.328170776	397.124298096
155.159957886	404.852996826
156.991744995	414.900695801
158.823532104	420.553131104
160.655319214	413.054016113
162.487106323	391.117706299
164.318878174	360.829437256
166.150665283	323.402740479
167.982452393	292.961242676
169.814239502	265.127380371
171.646026611	237.568725586
173.477813721	223.462081909
175.30960083	207.49130249
177.141387939	199.199615479
178.973175049	192.145751953
180.804946899	185.385513306
182.636734009	177.689483643
184.468521118	167.728713989
186.300308228	165.225967407
188.132095337	160.388153076
189.963882446	158.851089478
191.795669556	155.596008301
193.627456665	152.835159302
195.459243774	154.725845337
197.291015625	151.872177124
199.122802734	151.133071899
200.954589844	151.716110229
202.786376953	150.811798096
204.618164063	149.46156311
206.449951172	147.40802002
208.281738281	140.197158813
210.113525391	137.187362671
211.945297241	131.703765869
213.777084351	127.634872437
215.60887146	124.353065491
217.440658569	120.316001892
219.272445679	115.744377136
221.104232788	117.870811462
222.936019897	114.612319946
224.767807007	115.024017334
226.599594116	113.788002014
228.431365967	112.642433167
230.263153076	113.849807739
232.094940186	111.912704468
233.926727295	110.667114258
235.758514404	108.166755676
237.590301514	107.194374084
239.422088623	107.347595215
241.253875732	107.644882202
243.085662842	107.629394531
244.917434692	107.594093323
246.749221802	106.024665833
248.581008911	107.834274292
250.412796021	107.720993042
252.24458313	107.773704529
254.076370239	109.790969849
255.908157349	107.397117615
257.739929199	107.786499023
259.571716309	108.963676453
261.403503418	108.919937134
263.235290527	106.862060547
265.067077637	105.687805176
266.898864746	108.215209961
268.730651855	106.57346344
270.562438965	104.313179016
272.394226074	107.568901062
274.226013184	110.540092468
276.057800293	111.715072632
277.889587402	111.106208801
279.721374512	108.380561829
281.553161621	106.344917297
283.384918213	103.607681274
285.216705322	104.594139099
287.048492432	105.248977661
288.880279541	105.732589722
290.71206665	107.230369568
292.54385376	106.238105774
294.375640869	109.021110535
296.207427979	105.998962402
298.039215088	106.08706665
299.871002197	105.598068237
301.702789307	103.285263062
303.534576416	102.829986572
305.366363525	107.68611145
307.198150635	105.331565857
309.029937744	104.908302307
310.861724854	106.303199768
312.693511963	106.226303101
314.525268555	105.430267334
316.357055664	108.247741699
318.188842773	109.02532196
320.020629883	107.187049866
321.852416992	106.878997803
323.684204102	105.203308105
325.515991211	104.319252014
327.34777832	105.903823853
329.17956543	107.387420654
331.011352539	105.675704956
332.843139648	106.642059326
334.674926758	105.327720642
336.506713867	103.935317993
338.338500977	102.652030945
340.170288086	101.800422668
342.002075195	103.443580627
343.833862305	103.758041382
345.665649414	103.193557739
347.497406006	102.361190796
349.329193115	102.974472046
351.160980225	103.044616699
352.992767334	101.521881104
354.824554443	102.299530029
356.656341553	105.105834961
358.488128662	103.769416809
360.319915771	104.584503174
362.151702881	106.079696655
363.98348999	106.585929871
365.8152771	105.901931763
367.647064209	105.435661316
369.478851318	106.787506104
371.310638428	104.911224365
373.142425537	106.187896729
374.974212646	106.002204895
376.805999756	103.993019104
378.637756348	104.354148865
380.469543457	110.301254272
382.301330566	104.386535645
384.133117676	103.73374176
385.964904785	104.648254395
387.796691895	104.364631653
389.628479004	104.972854614
391.460266113	105.526901245
393.292053223	100.563079834
395.123840332	106.254020691
396.955627441	108.977661133
398.787414551	105.163993835
400.61920166	103.281440735
402.45098877	103.945121765
404.282775879	104.309524536
406.114562988	103.625663757
407.946350098	106.197921753
409.778106689	105.535041809
411.609893799	105.095359802
413.441680908	106.063537598
415.273468018	106.131019592
417.105255127	105.085357666
418.937042236	105.013977051
420.768829346	104.65222168
422.600616455	104.543251038
424.432403564	105.105918884
426.264190674	104.431907654
428.095977783	104.080535889
429.927764893	103.371833801
431.759552002	102.322029114
433.591339111	106.204231262
435.423126221	105.281974792
437.25491333	102.351928711
439.086700439	101.578163147
440.918487549	102.758491516
442.750244141	103.779899597
444.58203125	103.843269348
446.413818359	104.107467651
448.245605469	100.395149231
450.077392578	101.161483765
451.909179688	103.431945801
453.740966797	104.768920898
455.572753906	106.170043945
457.404541016	106.586746216
459.236328125	104.443618774
461.068115234	105.378669739
462.899902344	104.661155701
464.731689453	105.619789124
466.563476563	105.713188171
468.395263672	106.202110291
470.227050781	106.716789246
472.058837891	106.560928345
473.890594482	106.547233582
475.722381592	104.370445251
477.554168701	105.704124451
479.385955811	107.389938354
481.21774292	108.769737244
483.049530029	108.395050049
484.881317139	107.096160889
486.713104248	106.556648254
488.544891357	104.323760986
490.376678467	103.743225098
492.208465576	106.559387207
494.040252686	107.033302307
495.872039795	104.619606018
497.703826904	105.157264709
499.535614014	108.998962402
501.367401123	107.865028381
503.199188232	107.5987854
505.030944824	109.105743408
506.862731934	108.154838562
508.694519043	107.486763
510.526306152	107.582641602
512.358093262	109.528511047
514.189880371	112.138557434
516.02166748	110.167503357
517.85345459	110.777885437
519.685241699	109.016288757
521.517028809	109.062904358
523.348815918	110.185951233
525.180603027	109.060974121
527.012390137	105.979797363
528.844177246	105.745300293
530.675964355	111.970291138
532.507751465	110.093086243
534.339538574	109.927146912
536.171325684	108.681983948
538.003112793	107.884269714
539.834899902	108.283744812
541.666687012	109.085884094
543.498474121	108.802497864
545.33026123	107.256355286
547.16204834	110.482345581
548.993835449	109.206581116
550.825622559	107.047317505
552.657348633	107.67754364
554.489135742	107.517379761
556.320922852	105.47567749
558.152709961	106.115509033
559.98449707	109.629928589
561.81628418	108.997207642
563.648071289	108.641616821
565.479858398	110.005004883
567.311645508	110.470977783
569.143432617	110.533927917
570.975219727	110.648086548
572.807006836	110.073043823
574.638793945	110.395454407
576.470581055	108.049057007
578.302368164	109.487709045
580.134155273	108.846046448
581.965942383	107.804695129
583.797729492	107.252204895
585.629516602	106.601020813
587.461303711	105.274246216
589.29309082	104.723945618
591.12487793	110.43649292
592.956665039	109.853569031
594.788452148	107.560943604
596.620239258	107.914985657
598.452026367	108.49331665
600.283813477	108.516693115
602.115600586	109.528717041
603.947387695	109.797897339
605.779174805	108.804893494
607.610961914	106.396751404
609.442749023	106.388977051
611.274536133	107.125694275
613.106323242	107.900138855
614.938110352	110.448135376
616.769836426	114.193695068
618.601623535	114.225952148
620.433410645	112.852836609
622.265197754	108.976387024
624.096984863	113.246498108
625.928771973	112.854827881
627.760559082	111.928230286
629.592346191	112.343315125
631.424133301	113.680305481
633.25592041	114.380355835
635.08770752	108.841087341
636.919494629	113.533836365
638.751281738	112.401237488
640.583068848	110.436004639
642.414855957	109.444770813
644.246643066	111.195411682
646.078430176	114.147102356
647.910217285	115.832168579
649.742004395	116.269340515
651.573791504	111.536079407
653.405578613	113.285392761
655.237365723	112.3411026
657.069152832	112.959281921
658.900939941	112.54208374
660.732727051	113.0258255
662.56451416	113.487770081
664.39630127	111.785812378
666.228088379	117.121490479
668.059875488	116.374794006
669.891662598	116.932258606
671.723449707	112.534126282
673.555236816	115.310295105
675.387023926	118.345077515
677.218811035	117.521217346
679.050537109	116.211273193
680.882324219	116.898101807
682.714111328	114.775672913
684.545898438	115.376617432
686.377685547	118.969551086
688.209472656	119.175552368
690.041259766	116.483612061
691.873046875	115.900367737
693.704833984	116.849769592
695.536621094	116.38697052
697.368408203	116.16999054
699.200195313	115.470932007
701.031982422	120.902381897
702.863769531	116.54964447
704.695556641	117.249664307
706.52734375	119.039802551
708.359130859	118.744346619
710.190917969	117.072494507
712.022705078	116.65827179
713.854492188	118.510383606
715.686279297	118.919624329
717.518066406	117.226173401
719.349853516	117.273246765
721.181640625	120.20867157
723.013427734	119.803703308
724.845214844	119.588180542
726.677001953	120.282142639
728.508789063	120.147956848
730.340576172	121.117530823
732.172363281	118.317016602
734.004150391	120.672775269
735.8359375	123.894485474
737.667724609	118.754180908
739.499511719	117.664863586
741.331298828	119.531425476
743.163024902	120.022621155
744.994812012	118.31451416
746.826599121	116.565338135
748.65838623	118.216461182
750.49017334	118.246780396
752.321960449	120.860534668
754.153747559	121.585990906
755.985534668	118.101394653
757.817321777	116.832771301
759.649108887	118.770690918
761.480895996	120.206741333
763.312683105	119.969215393
765.144470215	121.073410034
766.976257324	119.872207642
768.808044434	119.69581604
770.639831543	122.452667236
772.471618652	119.51385498
774.303405762	119.780387878
776.135192871	121.727523804
777.96697998	121.104774475
779.79876709	118.530807495
781.630554199	117.57824707
783.462341309	121.202774048
785.294128418	120.619415283
787.125915527	120.696273804
788.957702637	120.392059326
790.789489746	119.446861267
792.621276855	118.890045166
794.453063965	118.598609924
796.284851074	119.682144165
798.116638184	122.168228149
799.948425293	121.095314026
801.780212402	122.020545959
803.611999512	119.189002991
805.443786621	122.944389343
807.275512695	121.629966736
809.107299805	120.481178284
810.939086914	120.036773682
812.770874023	118.214324951
814.602661133	117.186920166
816.434448242	120.507110596
818.266235352	122.285453796
820.098022461	119.997642517
821.92980957	120.013160706
823.76159668	119.889839172
825.593383789	118.25151825
827.425170898	120.50390625
829.256958008	120.518089294
831.088745117	118.846977234
832.920532227	119.699272156
834.752319336	120.894142151
836.584106445	121.299255371
838.415893555	119.219184875
840.247680664	122.440475464
842.079467773	121.531532288
843.911254883	119.569648743
845.743041992	119.747817993
847.574829102	123.217948914
849.406616211	126.814872742
851.23840332	129.251602173
853.07019043	131.661224365
854.901977539	130.059371948
856.733764648	129.526092529
858.565551758	130.519195557
860.397338867	130.909683228
862.229125977	130.034698486
864.060913086	129.977493286
865.892700195	129.350234985
867.724487305	128.991165161
869.556213379	129.168777466
871.388000488	128.655700684
873.219787598	128.247848511
875.051574707	126.967758179
876.883361816	125.225646973
878.715148926	130.038192749
880.546936035	128.887924194
882.378723145	126.892196655
884.210510254	130.268081665
886.042297363	132.306365967
887.874084473	131.875915527
889.705871582	131.745803833
891.537658691	130.422058105
893.369445801	133.34072876
895.20123291	132.79624939
897.03302002	133.339401245
898.864807129	128.440490723
900.696594238	134.023132324
902.528381348	133.566619873
904.360168457	131.795089722
906.191955566	130.540405273
908.023742676	129.094192505
909.855529785	129.763275146
911.687316895	132.162384033
913.519104004	131.191452026
915.350891113	130.311691284
917.182678223	130.548370361
919.014465332	131.181350708
920.846252441	132.50112915
922.678039551	133.689407349
924.50982666	129.792449951
926.34161377	128.587768555
928.173400879	129.706863403
930.005187988	127.657196045
931.836975098	130.966751099
933.668701172	131.11491394
935.500488281	129.494125366
937.332275391	132.706375122
939.1640625	130.996963501
940.995849609	133.648132324
942.827636719	134.18057251
944.659423828	133.403045654
946.491210938	131.291442871
948.322998047	129.77671814
950.154785156	130.598022461
951.986572266	131.514129639
953.818359375	135.301559448
955.650146484	136.67666626
957.481933594	134.523208618
959.313720703	134.145645142
961.145507813	139.173370361
962.977294922	136.894958496
964.809082031	135.436889648
966.640869141	133.549743652
968.47265625	131.725296021
970.304443359	133.993423462
972.136230469	137.304824829
973.968017578	135.230621338
975.799804688	130.575836182
977.631591797	132.200210571
979.463378906	135.416366577
981.295166016	135.890609741
983.126953125	131.662246704
984.958740234	130.668746948
986.790527344	130.935333252
988.622314453	133.191238403
990.454101563	134.279006958
992.285888672	131.401367188
994.117675781	130.377120972
995.949462891	131.133209229
997.781188965	129.002853394
999.612976074	126.840919495
1001.44476318	131.522033691
1003.27655029	129.121398926
1005.1083374	129.91317749
1006.94012451	132.284133911
1008.77191162	130.175994873
1010.60369873	128.22038269
1012.43548584	128.065582275
1014.26727295	126.443458557
1016.09906006	126.284835815
1017.93084717	128.912261963
1019.76263428	127.702003479
1021.59442139	124.717658997
1023.4262085	124.560279846
1025.25805664	129.941589355
1027.08984375	129.576400757
1028.92150879	125.156387329
1030.7532959	126.69380188
1032.58508301	130.051544189
1034.41687012	130.771331787
1036.24865723	130.535980225
1038.08044434	130.238174438
1039.91223145	129.781234741
1041.74401855	127.554672241
1043.57580566	130.782974243
1045.40759277	132.494155884
1047.23937988	134.421081543
1049.07116699	132.502029419
1050.9029541	132.763214111
1052.73474121	133.045516968
1054.56652832	131.767028809
1056.39831543	131.588500977
1058.23010254	134.072525024
1060.06188965	135.775619507
1061.89367676	135.5050354
1063.72546387	139.386581421
1065.55725098	138.895370483
1067.38903809	141.734115601
1069.2208252	138.962081909
1071.0526123	138.876403809
1072.88439941	140.774963379
1074.71618652	140.623016357
1076.54797363	140.845611572
1078.37976074	141.261688232
1080.21154785	138.867782593
1082.04333496	137.001571655
1083.87512207	139.476531982
1085.70690918	141.622680664
1087.53869629	140.526794434
1089.3704834	138.254852295
1091.20227051	141.57371521
1093.03405762	140.444091797
1094.86584473	135.416793823
1096.69763184	132.167327881
1098.52941895	134.694580078
1100.36120605	131.950271606
1102.19299316	131.286392212
1104.02478027	131.417938232
1105.85656738	132.546035767
1107.68835449	133.664169312
1109.5201416	131.120346069
1111.35192871	131.391891479
1113.18371582	131.200317383
1115.01550293	131.6144104
1116.84729004	133.589736938
1118.67907715	131.797180176
1120.51086426	127.94657135
1122.34265137	132.707733154
1124.17443848	128.72807312
1126.00622559	129.980285645
1127.8380127	131.993423462
1129.6697998	130.700363159
1131.50158691	129.703536987
1133.33337402	129.618087769
1135.16516113	129.389099121
1136.99694824	131.371139526
1138.82873535	131.60848999
1140.66052246	130.392150879
1142.49230957	127.544311523
1144.32409668	127.233726501
1146.15588379	128.810913086
1147.9876709	131.394668579
1149.81945801	131.737808228
1151.65124512	129.453826904
1153.48303223	129.459213257
1155.31469727	130.114364624
1157.14648438	131.473510742
1158.97827148	131.465057373
1160.81005859	129.90322876
1162.6418457	132.363418579
1164.47363281	131.471435547
1166.30541992	124.941566467
1168.13720703	131.670043945
1169.96899414	129.624862671
1171.80078125	132.387313843
1173.63256836	133.761810303
1175.46435547	131.449050903
1177.29614258	131.845214844
1179.12792969	132.437210083
1180.9597168	129.887191772
1182.79150391	129.002960205
1184.62329102	131.097900391
1186.45507813	132.033950806
1188.28686523	130.419631958
1190.11865234	130.124160767
1191.95043945	132.723190308
1193.78222656	129.771408081
1195.61401367	132.164474487
1197.44580078	129.516525269
1199.27758789	132.371643066
1201.109375	130.334274292
1202.94116211	127.709259033
1204.77294922	125.181610107
1206.60473633	128.818862915
1208.43652344	134.411804199
1210.26831055	135.667526245
1212.10009766	133.271148682
1213.93188477	130.813552856
1215.76367188	129.487564087
1217.59545898	129.346481323
1219.42724609	130.185623169
1221.2590332	130.156280518
1223.09082031	130.307525635
1224.92260742	131.019973755
1226.75439453	126.698478699
1228.58618164	131.879501343
1230.41796875	132.529602051
1232.24975586	130.576477051
1234.08154297	129.341629028
1235.91333008	130.10395813
1237.74511719	130.607925415
1239.5769043	131.24671936
1241.40869141	132.917022705
1243.24047852	132.156265259
1245.07226563	131.230560303
1246.90405273	133.760177612
1248.73583984	134.903274536
1250.56762695	134.423858643
1252.39941406	137.145736694
1254.23120117	135.609527588
1256.06298828	131.097854614
1257.89477539	136.26940918
1259.7265625	135.110702515
1261.55834961	136.174560547
1263.39013672	135.87336731
1265.22192383	136.971923828
1267.05371094	135.369537354
1268.88549805	138.030014038
1270.71728516	136.607894897
1272.54907227	135.22052002
1274.38085938	137.294204712
1276.21264648	140.919372559
1278.04443359	143.162765503
1279.8762207	142.348556519
1281.70788574	141.527572632
1283.53967285	140.41859436
1285.37145996	137.988311768
1287.20324707	142.140228271
1289.03503418	146.065719604
1290.86682129	141.088394165
1292.6986084	141.882751465
1294.53039551	142.659225464
1296.36218262	146.110458374
1298.19396973	145.761428833
1300.02575684	149.49836731
1301.85754395	150.655441284
1303.68933105	148.562973022
1305.52111816	147.994537354
1307.35290527	148.707229614
1309.18469238	151.093795776
1311.01647949	154.502716064
1312.8482666	156.960540771
1314.68005371	158.742584229
1316.51184082	159.492263794
1318.34362793	161.04750061
1320.17541504	159.09703064
1322.00720215	165.187637329
1323.83898926	165.818206787
1325.67077637	165.760116577
1327.50256348	165.04737854
1329.33435059	167.986816406
1331.1661377	171.964416504
1332.9979248	178.602554321
1334.82971191	175.015960693
1336.66149902	179.778259277
1338.49328613	183.611618042
1340.32507324	190.452774048
1342.15686035	194.414993286
1343.98864746	199.487380981
1345.82043457	205.249771118
1347.65222168	204.477172852
1349.48400879	204.703048706
1351.3157959	209.226486206
1353.14758301	207.695755005
1354.97937012	204.146392822
1356.81115723	201.626266479
1358.64294434	195.517471313
1360.47473145	191.606307983
1362.30651855	186.45401001
1364.13830566	182.096633911
1365.97009277	181.827514648
1367.80187988	179.581222534
1369.63366699	179.202270508
1371.4654541	178.184921265
1373.29724121	179.277389526
1375.12902832	177.282211304
1376.96081543	181.177444458
1378.79260254	179.000167847
1380.62438965	176.993728638
1382.45617676	176.021835327
1384.28796387	173.459518433
1386.11975098	174.178207397
1387.95153809	176.347579956
1389.7833252	175.667922974
1391.6151123	176.624588013
1393.44689941	180.30871582
1395.27868652	180.969345093
1397.11047363	179.256820679
1398.94226074	177.797531128
1400.77404785	180.590332031
1402.60583496	181.151428223
1404.43762207	180.049621582
1406.26940918	186.141586304
1408.10107422	187.532226563
1409.93286133	190.173095703
1411.76464844	189.728607178
1413.59643555	188.887863159
1415.42822266	190.664154053
1417.26000977	194.354141235
1419.09179688	197.407608032
1420.92358398	197.437286377
1422.75537109	200.297897339
1424.5871582	201.554000854
1426.41894531	198.622131348
1428.25073242	201.684753418
1430.08251953	207.828140259
1431.91430664	207.761825562
1433.74609375	206.973571777
1435.57788086	208.149017334
1437.40966797	209.058380127
1439.24145508	209.314651489
1441.07324219	215.881362915
1442.9050293	217.170669556
1444.73681641	217.896850586
1446.56860352	226.754226685
1448.40039063	223.962875366
1450.23217773	223.78515625
1452.06396484	230.692321777
1453.89575195	227.934249878
1455.72753906	234.433578491
1457.55932617	233.309341431
1459.39111328	237.894226074
1461.22290039	240.624542236
1463.0546875	238.847702026
1464.88647461	241.637069702
1466.71826172	243.613342285
1468.55004883	247.922195435
1470.38183594	250.064071655
1472.21362305	255.311630249
1474.04541016	259.443359375
1475.87719727	260.966308594
1477.70898438	267.96673584
1479.54077148	274.09487915
1481.37255859	275.406158447
1483.2043457	282.151123047
1485.03613281	289.170013428
1486.86791992	292.636383057
1488.69970703	305.828613281
1490.53149414	314.235778809
1492.36328125	320.854949951
1494.19506836	325.016967773
1496.02685547	333.375152588
1497.85864258	344.730926514
1499.69042969	358.805633545
1501.5222168	371.436035156
1503.35400391	380.068237305
1505.18579102	401.19821167
1507.01757813	410.760986328
1508.84936523	438.425170898
1510.68115234	455.745727539
1512.51293945	468.876434326
1514.34472656	495.269775391
1516.17651367	509.849243164
1518.00830078	531.41217041
1519.84008789	567.411499023
1521.671875	591.966186523
1523.50366211	628.751342773
1525.33544922	668.537658691
1527.16723633	701.130859375
1528.99902344	751.834960938
1530.83081055	804.530944824
1532.66259766	841.37512207
1534.49438477	888.836791992
1536.3260498	952.77722168
1538.15783691	1019.6784668
1539.98962402	1084.40795898
1541.82141113	1145.08056641
1543.65319824	1218.42028809
1545.48498535	1295.42749023
1547.31677246	1370.87597656
1549.14855957	1481.46813965
1550.98034668	1603.25952148
1552.81213379	1747.16442871
1554.6439209	1894.5423584
1556.47570801	2072.96875
1558.30749512	2260.91113281
1560.13928223	2447.72558594
1561.97106934	2635.75073242
1563.80285645	2832.58520508
1565.63464355	3003.26416016
1567.46643066	3162.64868164
1569.29821777	3267.56567383
1571.13000488	3366.24536133
1572.96179199	3395.27905273
1574.7935791	3371.83154297
1576.62536621	3332.64331055
1578.45715332	3310.33300781
1580.28894043	3339.09936523
1582.12072754	3585.86523438
1583.95251465	4090.17822266
1585.78430176	4804.55957031
1587.61608887	5672.23583984
1589.44787598	6474.16601563
1591.27966309	7008.54003906
1593.1114502	7088.4375
1594.9432373	6766.796875
1596.77502441	6164.52978516
1598.60681152	5424.27441406
1600.43859863	4699.02001953
1602.27038574	4012.87915039
1604.10217285	3437.59936523
1605.93395996	2968.22680664
1607.76574707	2553.37744141
1609.59753418	2190.19140625
1611.42932129	1887.6385498
1613.2611084	1658.34362793
1615.09289551	1457.26672363
1616.92468262	1279.57104492
1618.75646973	1135.44396973
1620.58825684	1005.38433838
1622.42004395	890.577575684
1624.25183105	802.833618164
1626.08361816	724.411437988
1627.91540527	658.617980957
1629.74719238	607.980407715
1631.57897949	554.648803711
1633.4107666	514.199707031
1635.24255371	474.159606934
1637.07434082	440.296875
1638.90612793	420.076446533
1640.73791504	394.457244873
1642.56970215	369.67868042
1644.40148926	349.047576904
1646.23327637	332.877166748
1648.06506348	327.851074219
1649.89685059	305.965270996
1651.7286377	298.962982178
1653.5604248	277.650482178
1655.39221191	273.853759766
1657.22399902	264.844512939
1659.05578613	260.771881104
1660.88757324	253.146453857
1662.71923828	244.827835083
1664.55102539	247.346038818
1666.3828125	230.38369751
1668.21459961	234.317123413
1670.04638672	228.685714722
1671.87817383	222.328231812
1673.70996094	216.924713135
1675.54174805	207.069534302
1677.37353516	211.481155396
1679.20532227	210.55128479
1681.03710938	207.266693115
1682.86889648	208.601028442
1684.70068359	202.06022644
1686.5324707	199.433563232
1688.36425781	196.688110352
1690.19604492	198.131530762
1692.02783203	193.346893311
1693.85961914	192.005477905
1695.69140625	196.101608276
1697.52319336	199.249679565
1699.35498047	194.964736938
1701.18676758	195.72253418
1703.01855469	196.888595581
1704.8503418	192.977539063
1706.68212891	193.120178223
1708.51391602	192.641983032
1710.34570313	195.118240356
1712.17749023	195.257995605
1714.00927734	195.172683716
1715.84106445	197.047088623
1717.67285156	200.499450684
1719.50463867	203.724853516
1721.33642578	207.540603638
1723.16821289	210.436477661
1725	212.331192017
1726.83178711	216.419937134
1728.66357422	220.04083252
1730.49536133	222.181335449
1732.32714844	225.281799316
1734.15893555	231.008071899
1735.99072266	230.384567261
1737.82250977	224.276901245
1739.65429688	222.560714722
1741.48608398	224.320327759
1743.31787109	225.609207153
1745.1496582	222.702072144
1746.98144531	218.469161987
1748.81323242	219.452301025
1750.64501953	218.000198364
1752.47680664	215.650405884
1754.30859375	215.101760864
1756.14038086	211.461914063
1757.97216797	209.371734619
1759.80395508	205.39276123
1761.63574219	201.459136963
1763.4675293	199.482879639
1765.29931641	197.430786133
1767.13110352	195.589675903
1768.96289063	190.284133911
1770.79467773	185.096694946
1772.62646484	184.592422485
1774.45825195	181.83656311
1776.29003906	180.535644531
1778.12182617	180.485900879
1779.95361328	177.42779541
1781.78540039	174.743545532
1783.6171875	171.695678711
1785.44897461	167.584701538
1787.28076172	164.366317749
1789.11242676	165.071121216
1790.94421387	163.275787354
1792.77600098	158.065811157
1794.60778809	157.837478638
1796.4395752	159.854187012
1798.2713623	159.916442871
1800.10314941	157.79335022
1801.93493652	155.929580688
1803.76672363	154.603759766
1805.59851074	153.334136963
1807.43029785	154.937179565
1809.26208496	153.301803589
1811.09387207	148.477111816
1812.92565918	146.181900024
1814.75744629	145.697158813
1816.5892334	146.990982056
1818.42102051	145.683456421
1820.25280762	146.933120728
1822.08459473	148.851272583
1823.91638184	146.400238037
1825.74816895	143.990844727
1827.57995605	142.877548218
1829.41174316	140.088058472
1831.24353027	140.588165283
1833.07531738	139.594940186
1834.90710449	136.117523193
1836.7388916	137.042190552
1838.57067871	134.27406311
1840.40246582	133.554443359
1842.23425293	135.427520752
1844.06604004	135.870437622
1845.89782715	134.258880615
1847.72961426	132.677215576
1849.56140137	132.952957153
1851.39318848	132.277175903
1853.22497559	131.479324341
1855.0567627	134.274200439
1856.8885498	134.274978638
1858.72033691	133.460968018
1860.55212402	132.480209351
1862.38391113	129.646942139
1864.21569824	131.659835815
1866.04748535	132.208969116
1867.87927246	133.557312012
1869.71105957	135.392196655
1871.54284668	132.93460083
1873.37463379	131.361709595
1875.2064209	133.259460449
1877.03820801	136.266662598
1878.86999512	135.428283691
1880.70178223	134.876342773
1882.53356934	134.546554565
1884.36535645	133.407989502
1886.19714355	133.956298828
1888.02893066	135.556015015
1889.86071777	131.291259766
1891.69250488	134.425720215
1893.52429199	133.159912109
1895.3560791	134.696975708
1897.18786621	135.81968689
1899.01965332	137.462905884
1900.85144043	135.207733154
1902.68322754	131.553100586
1904.51501465	130.880691528
1906.34680176	133.000549316
1908.17858887	134.941970825
1910.01037598	132.304611206
1911.84216309	131.743972778
1913.6739502	132.246047974
1915.50561523	129.308883667
1917.33740234	130.618927002
1919.16918945	126.75958252
1921.00097656	131.752731323
1922.83276367	130.396957397
1924.66455078	129.391342163
1926.49633789	128.759567261
1928.328125	130.515396118
1930.15991211	131.524551392
1931.99169922	126.47694397
1933.82348633	129.115386963
1935.65527344	128.169723511
1937.48706055	130.871826172
1939.31884766	127.277671814
1941.15063477	126.527458191
1942.98242188	125.867172241
1944.81420898	127.459701538
1946.64599609	129.332458496
1948.4777832	131.353820801
1950.30957031	129.462875366
1952.14135742	129.08706665
1953.97314453	131.363128662
1955.80493164	132.302825928
1957.63671875	130.925506592
1959.46850586	131.13230896
1961.30029297	130.147827148
1963.13208008	130.05796814
1964.96386719	133.634918213
1966.7956543	134.066848755
1968.62744141	130.836547852
1970.45922852	129.99710083
1972.29101563	133.648895264
1974.12280273	134.228530884
1975.95458984	131.034362793
1977.78637695	134.772964478
1979.61816406	136.483062744
1981.44995117	137.443557739
1983.28173828	139.11177063
1985.11352539	138.783721924
1986.9453125	137.333251953
1988.77709961	138.943252563
1990.60888672	137.994491577
1992.44067383	138.822937012
1994.27246094	142.659896851
1996.10424805	141.967773438
1997.93603516	140.019607544
1999.76782227	142.082641602
2001.59960938	141.536193848
2003.43139648	144.92414856
2005.26318359	146.151779175
2007.0949707	144.8203125
2008.92675781	146.508865356
2010.75854492	143.573745728
2012.59033203	140.849807739
2014.42211914	142.628753662
2016.25390625	140.172790527
2018.08569336	138.836517334
2019.91748047	138.290969849
2021.74926758	135.856277466
2023.58105469	139.583099365
2025.4128418	134.876922607
2027.24462891	135.929260254
2029.07641602	133.394317627
2030.90820313	128.973678589
2032.73999023	128.037002563
2034.57177734	129.659317017
2036.40356445	127.251853943
2038.23535156	130.811676025
2040.06713867	131.238555908
2041.89892578	129.125854492
2043.73059082	127.168457031
2045.56237793	123.589126587
2047.39416504	126.950080872
2049.22607422	123.227081299
2051.05786133	124.49961853
2052.88964844	129.290802002
2054.72143555	123.243240356
2056.55322266	123.929107666
2058.38500977	120.778739929
2060.21679688	118.701080322
2062.04858398	121.321487427
2063.88037109	118.425865173
2065.7121582	121.298812866
2067.54394531	121.02973938
2069.37573242	119.690841675
2071.20751953	119.893203735
2073.03930664	117.976516724
2074.87109375	117.703216553
2076.70288086	118.121963501
2078.53466797	119.238510132
2080.36645508	118.606613159
2082.19824219	120.979011536
2084.0300293	120.368583679
2085.86181641	117.542373657
2087.69360352	115.010955811
2089.52539063	116.525688171
2091.35717773	114.061538696
2093.18896484	114.494354248
2095.02075195	114.964553833
2096.85253906	115.488441467
2098.68432617	116.136054993
2100.51611328	114.392593384
2102.34790039	114.808235168
2104.1796875	112.775444031
2106.01123047	108.647491455
2107.84301758	111.496841431
2109.67480469	113.96497345
2111.5065918	112.346855164
2113.33837891	117.13584137
2115.17016602	110.132255554
2117.00195313	115.923980713
2118.83374023	113.040634155
2120.66552734	111.425201416
2122.49731445	115.733963013
2124.32910156	114.389228821
2126.16088867	110.784469604
2127.99267578	110.376533508
2129.82446289	113.048492432
2131.65625	113.095649719
2133.48803711	110.624107361
2135.31982422	110.657775879
2137.15161133	111.885635376
2138.98339844	112.773330688
2140.81518555	112.740882874
2142.64697266	112.831069946
2144.47875977	110.95879364
2146.31054688	110.366485596
2148.14233398	110.744094849
2149.97412109	112.93409729
2151.8059082	112.67515564
2153.63769531	114.640419006
2155.46948242	113.193138123
2157.30126953	113.556739807
2159.13305664	111.151977539
2160.96484375	112.284912109
2162.79663086	107.778572083
2164.62841797	115.980232239
2166.46020508	110.594490051
2168.29199219	113.589317322
2170.1237793	114.897987366
2171.95556641	113.83026886
2173.78735352	112.946266174
2175.61914063	113.307662964
2177.45092773	115.430229187
2179.28271484	112.75365448
2181.11450195	115.368980408
2182.94628906	114.010131836
2184.77807617	112.784767151
2186.60986328	111.675445557
2188.44165039	112.878669739
2190.2734375	115.839538574
2192.10522461	117.288497925
2193.93701172	119.056686401
2195.76879883	116.319046021
2197.60058594	114.892074585
2199.43237305	116.436553955
2201.26416016	119.035072327
2203.09594727	116.341423035
2204.92773438	110.61050415
2206.75952148	116.828796387
2208.59130859	115.145599365
2210.4230957	113.312805176
2212.25488281	113.751327515
2214.08666992	118.745826721
2215.91845703	113.397567749
2217.75024414	113.232467651
2219.58203125	113.850318909
2221.41381836	115.404800415
2223.24560547	116.967254639
2225.07739258	112.406806946
2226.90917969	111.328872681
2228.7409668	113.65486145
2230.57275391	113.275100708
2232.40454102	114.80317688
2234.23632813	112.950004578
2236.06811523	112.042678833
2237.89990234	111.870162964
2239.73168945	113.24861908
2241.56347656	115.668243408
2243.39526367	113.041183472
2245.22705078	115.567436218
2247.05883789	111.784156799
2248.890625	112.602790833
2250.72241211	110.97252655
2252.55419922	115.860481262
2254.38598633	117.685775757
2256.21777344	113.787033081
2258.04956055	113.521347046
2259.88134766	112.846679688
2261.71313477	113.778060913
2263.54492188	110.548042297
2265.37670898	113.244926453
2267.20849609	116.047691345
2269.0402832	115.906295776
2270.87207031	113.602149963
2272.70385742	112.979515076
2274.53564453	116.087905884
2276.36743164	115.643875122
2278.19921875	113.975212097
2280.03100586	118.615859985
2281.86279297	114.830230713
2283.69458008	113.252746582
2285.52636719	112.06703949
2287.3581543	114.841781616
2289.18994141	114.787956238
2291.02172852	115.402175903
2292.85351563	115.099411011
2294.68530273	110.875305176
2296.51708984	112.124069214
2298.34887695	113.609230042
2300.18066406	117.43977356
2302.01245117	118.967155457
2303.84423828	116.62286377
2305.67602539	115.806053162
2307.5078125	113.449882507
2309.33959961	116.254997253
2311.17138672	117.653335571
2313.00317383	117.142486572
2314.83496094	117.211914063
2316.66674805	114.471664429
2318.49853516	112.502304077
2320.33032227	119.661315918
2322.16210938	119.517021179
2323.99389648	119.272079468
2325.82568359	120.645141602
2327.6574707	128.432373047
2329.48925781	127.186279297
2331.32104492	124.619659424
2333.15283203	118.331176758
2334.98461914	117.600692749
2336.81640625	114.59588623
2338.64819336	117.493423462
2340.47998047	117.478408813
2342.31176758	118.213661194
2344.14355469	119.585159302
2345.9753418	117.516769409
2347.80712891	117.281951904
2349.63891602	114.947532654
2351.47070313	118.491676331
2353.30249023	118.964675903
2355.13427734	121.185089111
2356.96606445	119.419052124
2358.79785156	118.182426453
2360.62939453	119.078399658
2362.46118164	122.05128479
2364.29296875	119.989196777
2366.12475586	123.106765747
2367.95654297	123.709274292
2369.78833008	121.505187988
2371.62011719	123.523956299
2373.4519043	124.990837097
2375.28369141	125.276725769
2377.11547852	123.953887939
2378.94726563	127.619056702
2380.77905273	123.808105469
2382.61083984	127.460021973
2384.44262695	127.838195801
2386.27441406	130.6902771
2388.10620117	129.171325684
2389.93798828	129.31312561
2391.76977539	130.328353882
2393.6015625	132.428405762
2395.43334961	133.251373291
2397.26513672	135.035369873
2399.09692383	135.873535156
2400.92871094	136.932098389
2402.76049805	140.516464233
2404.59228516	137.460021973
2406.42407227	139.768463135
2408.25585938	140.194229126
2410.08764648	149.913406372
2411.91943359	146.94581604
2413.7512207	148.434234619
2415.58300781	149.399597168
2417.41479492	154.62878418
2419.24658203	155.795257568
2421.07836914	156.774368286
2422.91015625	158.646530151
2424.74194336	161.691162109
2426.57373047	168.965637207
2428.40551758	172.886138916
2430.23730469	171.960021973
2432.0690918	174.06413269
2433.90087891	177.053344727
2435.73266602	183.379745483
2437.56445313	182.097793579
2439.39624023	184.778717041
2441.22802734	182.651428223
2443.05981445	179.466690063
2444.89160156	181.452514648
2446.72338867	184.453475952
2448.55517578	182.287612915
2450.38696289	181.678314209
2452.21875	182.067718506
2454.05053711	184.881774902
2455.88232422	178.080764771
2457.71411133	184.298522949
2459.54589844	177.700256348
2461.37768555	175.745574951
2463.20947266	181.305328369
2465.04125977	178.700927734
2466.87304688	178.958557129
2468.70483398	178.994171143
2470.53662109	180.777252197
2472.3684082	177.538345337
2474.20019531	176.890792847
2476.03198242	176.666503906
2477.86376953	173.007583618
2479.69555664	170.697128296
2481.52734375	173.315155029
2483.35913086	172.11177063
2485.19091797	169.817169189
2487.02270508	170.131118774
2488.85449219	169.886154175
2490.6862793	169.930084229
2492.51806641	166.042755127
2494.34985352	166.553695679
2496.18164063	166.207794189
2498.01342773	164.256774902
2499.84521484	166.710372925
2501.67700195	167.198547363
2503.50878906	168.176635742
2505.34057617	166.514450073
2507.17236328	163.530670166
2509.00415039	160.187927246
2510.8359375	167.830764771
2512.66772461	164.958023071
2514.49951172	168.9271698
2516.33129883	169.667755127
2518.16308594	165.600601196
2519.99487305	166.837158203
2521.82666016	168.136108398
2523.65844727	168.586074829
2525.49023438	169.735122681
2527.32202148	170.367553711
2529.15380859	166.946609497
2530.9855957	166.863815308
2532.81738281	167.785369873
2534.64916992	175.135910034
2536.48095703	171.963562012
2538.31274414	170.694778442
2540.14453125	172.513259888
2541.97631836	172.5234375
2543.80810547	173.694992065
2545.63989258	178.438751221
2547.47167969	179.302139282
2549.3034668	181.300262451
2551.13525391	177.274475098
2552.96704102	175.081619263
2554.79882813	177.75553894
2556.63061523	178.427581787
2558.46240234	183.612686157
2560.29418945	181.697982788
2562.12597656	179.084640503
2563.95776367	182.248825073
2565.78955078	184.898895264
2567.62133789	184.985061646
2569.453125	192.635604858
2571.28491211	190.00038147
2573.11669922	190.836105347
2574.94848633	192.290542603
2576.78027344	194.854507446
2578.61206055	199.706268311
2580.44384766	198.091308594
2582.27563477	200.925750732
2584.10742188	204.506912231
2585.93920898	206.271636963
2587.77099609	208.76991272
2589.6027832	217.957427979
2591.43457031	217.80619812
2593.26635742	225.672836304
2595.09814453	225.94052124
2596.92993164	235.649703979
2598.76171875	233.218978882
2600.59350586	244.948852539
2602.42529297	249.277893066
2604.25708008	256.017425537
2606.08886719	258.074249268
2607.9206543	264.88571167
2609.75244141	271.376464844
2611.58422852	277.560668945
2613.41577148	296.4012146
2615.24755859	299.261871338
2617.0793457	302.636566162
2618.91113281	313.822509766
2620.74291992	318.95223999
2622.57470703	326.511810303
2624.40649414	340.889068604
2626.23828125	350.520507813
2628.07006836	361.237548828
2629.90185547	366.835388184
2631.73364258	376.87411499
2633.56542969	397.34588623
2635.3972168	403.508361816
2637.22900391	426.406707764
2639.06079102	443.85345459
2640.89257813	457.681335449
2642.72436523	476.245666504
2644.55615234	500.349853516
2646.38793945	526.793151855
2648.21972656	556.850463867
2650.05151367	581.198181152
2651.88330078	604.673217773
2653.71508789	635.338134766
2655.546875	652.681396484
2657.37866211	686.227783203
2659.21044922	729.85736084
2661.04223633	759.535583496
2662.87402344	808.461242676
2664.70581055	850.52355957
2666.53759766	892.730651855
2668.36938477	931.147644043
2670.20117188	987.639282227
2672.03295898	1042.77172852
2673.86474609	1096.40454102
2675.6965332	1163.98132324
2677.52832031	1237.17541504
2679.36010742	1299.5847168
2681.19189453	1363.92224121
2683.02368164	1417.6920166
2684.85546875	1476.27124023
2686.68725586	1519.89416504
2688.51904297	1561.97167969
2690.35083008	1564.71606445
2692.18261719	1564.53674316
2694.0144043	1557.43029785
2695.84619141	1506.86743164
2697.67797852	1468.9119873
2699.50976563	1422.64953613
2701.34155273	1338.2487793
2703.17333984	1277.10119629
2705.00512695	1205.77978516
2706.83691406	1144.97851563
2708.66870117	1074.28076172
2710.50048828	1013.65551758
2712.33227539	951.652526855
2714.1640625	902.70916748
2715.99584961	844.995117188
2717.82763672	788.163024902
2719.65942383	746.968200684
2721.49121094	695.387878418
2723.32299805	659.878295898
2725.15478516	612.382507324
2726.98657227	581.978759766
2728.81835938	552.317871094
2730.65014648	522.718444824
2732.48193359	488.565307617
2734.3137207	466.678436279
2736.14550781	447.891021729
2737.97729492	426.220062256
2739.80908203	412.339538574
2741.64086914	387.945159912
2743.47265625	377.136474609
2745.30444336	364.356964111
2747.13623047	348.675292969
2748.96801758	336.222625732
2750.79980469	321.366607666
2752.6315918	308.528045654
2754.46337891	297.414916992
2756.29516602	290.152496338
2758.12695313	282.475128174
2759.95874023	268.144897461
2761.79052734	262.486236572
2763.62231445	250.889984131
2765.45410156	245.375610352
2767.28588867	238.515167236
2769.11767578	237.559997559
2770.94946289	226.590835571
2772.78125	215.756713867
2774.61303711	215.100769043
2776.44482422	211.820755005
2778.27661133	206.173797607
2780.10839844	206.095962524
2781.94018555	200.52381897
2783.77197266	194.638183594
2785.60375977	191.947387695
2787.43554688	188.549301147
2789.26733398	189.566390991
2791.09912109	178.794723511
2792.9309082	183.120864868
2794.76269531	178.342895508
2796.59448242	176.552200317
2798.42626953	175.22984314
2800.25805664	176.45111084
2802.08984375	173.882263184
2803.92163086	171.858840942
2805.75341797	167.582489014
2807.58520508	164.123016357
2809.41699219	167.00944519
2811.2487793	164.175125122
2813.08056641	161.097610474
2814.91235352	157.249694824
2816.74414063	155.38067627
2818.57592773	162.418762207
2820.40771484	155.870239258
2822.23950195	154.529998779
2824.07128906	151.43687439
2825.90307617	154.391113281
2827.73486328	153.906738281
2829.56665039	151.356307983
2831.3984375	148.39616394
2833.23022461	144.624313354
2835.06201172	144.205459595
2836.89379883	148.828964233
2838.72558594	145.938827515
2840.55737305	145.53465271
2842.38916016	144.274124146
2844.22094727	146.687835693
2846.05273438	141.824493408
2847.88452148	142.58732605
2849.71630859	143.078689575
2851.5480957	140.508346558
2853.37988281	144.525100708
2855.21166992	141.446807861
2857.04345703	139.602310181
2858.87524414	138.758132935
2860.70703125	140.788284302
2862.53881836	135.17338562
2864.37060547	140.674942017
2866.20214844	131.718200684
2868.03393555	136.887115479
2869.86572266	133.612869263
2871.69750977	134.047058105
2873.52929688	132.755401611
2875.36108398	133.188690186
2877.19287109	133.674575806
2879.0246582	134.969894409
2880.85644531	129.699508667
2882.68823242	131.757247925
2884.52001953	130.166351318
2886.35180664	130.882675171
2888.18359375	128.098022461
2890.01538086	128.163665771
2891.84716797	128.141525269
2893.67895508	127.384086609
2895.51074219	125.900878906
2897.3425293	127.6434021
2899.17431641	127.149536133
2901.00610352	126.770210266
2902.83789063	124.5756073
2904.66967773	127.845031738
2906.50146484	125.065582275
2908.33325195	123.612792969
2910.16503906	125.20765686
2911.99682617	126.943450928
2913.82861328	123.047805786
2915.66040039	122.047637939
2917.4921875	121.694107056
2919.32397461	121.103759766
2921.15576172	121.024139404
2922.98754883	121.623138428
2924.81933594	123.891540527
2926.65112305	123.134048462
2928.48291016	120.023101807
2930.31469727	119.743850708
2932.14648438	122.777442932
2933.97827148	120.255737305
2935.81005859	119.464263916
2937.6418457	122.303588867
2939.47363281	122.721138
2941.30541992	123.978713989
2943.13720703	124.707275391
2944.96899414	122.207229614
2946.80078125	120.244338989
2948.63256836	122.7161026
2950.46435547	118.710250854
2952.29614258	121.335441589
2954.12792969	118.511047363
2955.9597168	117.703453064
2957.79150391	115.873672485
2959.62329102	118.77444458
2961.45507813	116.329673767
2963.28686523	113.572753906
2965.11865234	115.031867981
2966.95043945	116.596138
2968.78222656	117.445953369
2970.61401367	113.672241211
2972.44580078	111.640350342
2974.27758789	113.780265808
2976.109375	113.817008972
2977.94116211	109.740463257
2979.77294922	108.970779419
2981.60473633	110.121315002
2983.43652344	109.232574463
2985.26831055	111.689720154
2987.10009766	111.387413025
2988.93188477	110.89175415
2990.76367188	109.675300598
2992.59545898	107.421531677
2994.42724609	108.715270996
2996.2590332	109.827796936
2998.09082031	110.961509705
2999.92260742	112.686836243
3001.75439453	109.420692444
3003.58618164	107.006065369
3005.41796875	107.555625916
3007.24975586	106.370292664
3009.08154297	104.95967865
3010.91333008	106.731521606
3012.74511719	109.29549408
3014.5769043	107.708137512
3016.40869141	106.585380554
3018.24047852	103.04309082
3020.07226563	107.128959656
3021.90405273	107.774185181
3023.73583984	105.811470032
3025.56762695	105.499076843
3027.39941406	106.10068512
3029.23120117	106.040763855
3031.06298828	106.601066589
3032.89477539	102.927200317
3034.7265625	103.666549683
3036.55834961	105.680702209
3038.39013672	102.808776855
3040.22192383	104.555809021
3042.05371094	105.916107178
3043.88549805	106.067230225
3045.71728516	106.608589172
3047.54907227	104.455940247
3049.38085938	106.626426697
3051.21264648	105.888549805
3053.04443359	106.852416992
3054.8762207	108.222564697
3056.70800781	107.029815674
3058.53979492	107.477134705
3060.37158203	104.788116455
3062.20336914	109.708679199
3064.03515625	106.517807007
3065.86694336	109.409469604
3067.69873047	108.184249878
3069.53051758	108.154541016
3071.36230469	108.241363525
3073.1940918	104.437812805
3075.02587891	107.001968384
3076.85766602	107.884017944
3078.68945313	107.161148071
3080.52124023	106.763244629
3082.35302734	109.135734558
3084.18481445	108.387771606
3086.01660156	106.174621582
3087.84838867	110.078689575
3089.68017578	112.062942505
3091.51196289	111.801246643
3093.34375	113.208778381
3095.17553711	111.981872559
3097.00732422	114.510650635
3098.83911133	114.449310303
3100.67089844	113.323440552
3102.50268555	113.870109558
3104.33447266	116.007736206
3106.16625977	115.31124115
3107.99804688	114.048980713
3109.82983398	117.474822998
3111.66162109	118.136962891
3113.4934082	125.055007935
3115.32519531	124.394721985
3117.15698242	124.003730774
3118.98876953	125.804550171
3120.8203125	126.765029907
3122.65209961	132.516479492
3124.48388672	131.000305176
3126.31567383	132.673522949
3128.14746094	133.616455078
3129.97924805	135.562606812
3131.81103516	139.07069397
3133.64282227	142.301589966
3135.47460938	146.984619141
3137.30639648	150.457489014
3139.13818359	151.624084473
3140.9699707	154.799850464
3142.80175781	158.003250122
3144.63354492	160.473419189
3146.46533203	168.955383301
3148.29711914	173.231445313
3150.12890625	179.126464844
3151.96069336	188.699966431
3153.79248047	194.119369507
3155.62426758	203.520294189
3157.45605469	206.283889771
3159.2878418	214.017150879
3161.11962891	217.093688965
3162.95141602	223.738677979
3164.78320313	228.315414429
3166.61499023	230.495986938
3168.44677734	236.774414063
3170.27856445	239.466964722
3172.11035156	241.146697998
3173.94213867	248.455184937
3175.77392578	249.368560791
3177.60571289	257.741149902
3179.4375	260.849639893
3181.26928711	272.723937988
3183.10107422	273.304382324
3184.93286133	274.10736084
3186.76464844	271.343414307
3188.59643555	271.512329102
3190.42822266	271.329162598
3192.26000977	268.456115723
3194.09179688	262.797088623
3195.92358398	260.45413208
3197.75537109	243.935348511
3199.5871582	245.127746582
3201.41894531	237.269226074
3203.25073242	236.687698364
3205.08251953	231.222549438
3206.91430664	230.340942383
3208.74609375	234.083740234
3210.57788086	221.410766602
3212.40966797	220.385498047
3214.24145508	213.868759155
3216.07324219	216.414276123
3217.9050293	214.633758545
3219.73681641	210.306732178
3221.56860352	212.824462891
3223.40039063	217.154571533
3225.23217773	211.331512451
3227.06396484	213.114273071
3228.89575195	207.866729736
3230.72753906	211.128417969
3232.55932617	206.288925171
3234.39111328	208.053527832
3236.22290039	199.123184204
3238.0546875	190.638305664
3239.88647461	188.333953857
3241.71826172	179.863174438
3243.55004883	173.713668823
3245.38183594	168.964904785
3247.21362305	156.34312439
3249.04541016	150.405105591
3250.87719727	147.170272827
3252.70898438	142.995025635
3254.54077148	137.69430542
3256.37255859	132.682418823
3258.2043457	126.801376343
3260.03613281	126.6640625
3261.86791992	120.672477722
3263.69970703	117.964813232
3265.53149414	117.265167236
3267.36328125	114.386161804
3269.19506836	112.858535767
3271.02685547	111.765647888
3272.85864258	111.761833191
3274.69042969	108.928695679
3276.5222168	108.821846008
3278.35400391	102.835151672
3280.18579102	101.713371277
3282.01757813	103.573661804
3283.84936523	101.738121033
3285.68115234	101.406211853
3287.51293945	98.1372451782
3289.34472656	100.121917725
3291.17651367	97.5792388916
3293.00830078	100.390075684
3294.84008789	102.659721375
3296.671875	99.5293960571
3298.50366211	98.7729034424
3300.33544922	100.757659912
3302.16723633	97.0448760986
3303.99902344	94.6104431152
3305.83081055	96.8140106201
3307.66259766	95.1522216797
3309.49438477	93.0625915527
3311.32617188	93.7093811035
3313.15795898	95.3981552124
3314.98974609	97.5824508667
3316.8215332	95.664604187
3318.65332031	94.2060546875
3320.48510742	91.3999862671
3322.31689453	95.1125183105
3324.14868164	95.4955825806
3325.98046875	93.0922393799
3327.81225586	95.9166412354
3329.64404297	95.9458618164
3331.47583008	97.285774231
3333.30761719	96.2969207764
3335.1394043	95.3666534424
3336.97119141	95.9162216187
3338.80297852	96.288230896
3340.63476563	95.1052474976
3342.46655273	95.5765457153
3344.29833984	94.0573348999
3346.13012695	95.2104721069
3347.96191406	94.3819046021
3349.79370117	96.4847717285
3351.62548828	96.0816650391
3353.45727539	97.0238189697
3355.2890625	98.1266098022
3357.12084961	93.8587493896
3358.95263672	95.4997329712
3360.78442383	95.8577423096
3362.61621094	95.3124542236
3364.44799805	93.7588806152
3366.27978516	95.033782959
3368.11157227	93.1938400269
3369.94335938	93.3719100952
3371.77514648	93.6615142822
3373.60668945	92.8679504395
3375.43847656	89.017250061
3377.27026367	92.1372909546
3379.10205078	91.9473495483
3380.93383789	90.7741775513
3382.765625	92.9842224121
3384.59741211	89.3205032349
3386.42919922	90.4312973022
3388.26098633	90.9888305664
3390.09277344	91.9219512939
3391.92456055	91.0580444336
3393.75634766	89.4442138672
3395.58813477	88.374710083
3397.41992188	89.5814285278
3399.25170898	90.1187820435
3401.08349609	90.3758773804
3402.9152832	89.178527832
3404.74707031	90.6214904785
3406.57885742	86.5109634399
3408.41064453	85.7827148438
3410.24243164	89.0098953247
3412.07421875	89.0831298828
3413.90600586	86.8450546265
3415.73779297	87.8242492676
3417.56958008	86.6999511719
3419.40136719	86.4663848877
3421.2331543	87.1425094604
3423.06494141	88.7242126465
3424.89672852	86.7249679565
3426.72851563	88.9624099731
3428.56030273	88.7886734009
3430.39208984	86.3739013672
3432.22387695	86.687461853
3434.05566406	85.6265487671
3435.88745117	89.2363204956
3437.71923828	87.7713394165
3439.55102539	86.9518203735
3441.3828125	86.1591491699
3443.21459961	87.4218063354
3445.04638672	87.5166702271
3446.87817383	85.3790359497
3448.70996094	84.2742004395
3450.54174805	85.3571548462
3452.37353516	85.429649353
3454.20532227	84.8556747437
3456.03710938	84.8379669189
3457.86889648	85.9703598022
3459.70068359	85.0045776367
3461.5324707	85.1415939331
3463.36425781	83.4860305786
3465.19604492	83.6446609497
3467.02783203	84.8516693115
3468.85961914	84.0699005127
3470.69140625	85.372428894
3472.52319336	86.0224761963
3474.35498047	84.9044418335
3476.18676758	83.5382537842
3478.01855469	84.7129592896
3479.8503418	83.6230926514
3481.68212891	81.2674179077
3483.51391602	83.8616485596
3485.34570313	81.5397949219
3487.17749023	82.7069244385
3489.00927734	84.127166748
3490.84106445	84.8453598022
3492.67285156	83.7855682373
3494.50463867	85.8225708008
3496.33642578	85.580581665
3498.16821289	84.3822174072
3500	83.1670837402
