-50	53.7551422119
-48.3223304749	53.7162399292
-46.6446647644	54.0253791809
-44.9669952393	54.5243148804
-43.2893295288	54.9628982544
-41.6116600037	54.254650116
-39.9339942932	56.689125061
-38.2563247681	57.1435089111
-36.5786590576	56.7765274048
-34.9009895325	57.6057395935
-33.223323822	58.1430473328
-31.5456542969	60.7903442383
-29.8679866791	62.1045951843
-28.1903190613	63.3782691956
-26.5126514435	65.1035614014
-24.8349838257	66.6186752319
-23.1573162079	66.9882507324
-21.4796485901	71.7373352051
-19.8019809723	73.5249252319
-18.1243133545	76.835357666
-16.4466438293	84.7410812378
-14.7689771652	101.183357239
-13.0913095474	147.458740234
-11.413640976	308.572418213
-9.73597335815	1315.11206055
-8.05830574036	2748.39331055
-6.38063812256	4373.29492188
-4.70297050476	5840.92626953
-3.02530264854	7187.4609375
-1.34763479233	9177.34277344
0.330033004284	6912.48046875
2.00770068169	5285.79345703
3.6853685379	3986.47851563
5.3630361557	2448.69360352
7.04070425034	843.050720215
8.7183713913	149.503616333
10.3960399628	91.4525222778
12.0737075806	74.7017745972
13.7513751984	69.6076202393
15.4290428162	66.3704452515
17.106710434	62.7325439453
18.7843780518	60.201335907
20.4620456696	59.1164627075
22.1397132874	59.7528648376
23.8173809052	56.2405090332
25.4950504303	55.1979293823
27.1727180481	54.8035850525
28.8503856659	53.2345962524
30.5280532837	53.5357475281
32.2057189941	52.8080673218
33.8833885193	50.3696861267
35.5610542297	48.9400634766
37.2387237549	48.6254997253
38.91639328	49.084438324
40.5940589905	49.3848190308
42.2717285156	46.8190345764
43.9493942261	47.6347312927
45.6270637512	48.0817375183
47.3047294617	47.2420158386
48.9823989868	46.6049880981
50.6600646973	46.7552947998
52.3377342224	46.0234603882
54.0153999329	46.7000923157
55.693069458	45.5418052673
57.3707351685	45.1961975098
59.0484046936	45.6027450562
60.7260742188	46.3877105713
62.4037399292	47.137512207
64.0814056396	47.2797279358
65.7590789795	51.9425354004
67.4367446899	56.33751297
69.1144104004	61.1918029785
70.7920761108	66.7417373657
72.4697494507	70.651725769
74.1474151611	69.7061080933
75.8250808716	68.9918289185
77.502746582	68.9467849731
79.1804199219	70.7526779175
80.8580856323	71.231842041
82.5357513428	70.6773147583
84.2134246826	71.1981658936
85.8910903931	73.729309082
87.5687561035	72.0486831665
89.246421814	73.7581863403
90.9240951538	72.8671340942
92.6017608643	71.7980880737
94.2794265747	71.7486724854
95.9570922852	72.7110443115
97.634765625	76.5993652344
99.3124313354	75.7467346191
100.990097046	79.1257553101
102.667770386	82.1743621826
104.345436096	82.7690658569
106.023101807	82.0944442749
107.700767517	82.8860626221
109.378440857	84.2766113281
111.056106567	86.8209915161
112.733772278	91.3635864258
114.411437988	93.8218994141
116.089111328	96.3583679199
117.766777039	100.047332764
119.444442749	102.023757935
121.122108459	102.381088257
122.799781799	107.495079041
124.47744751	108.212486267
126.15511322	107.334014893
127.83278656	106.55997467
129.510452271	105.057670593
131.18812561	101.064811707
132.865783691	101.455726624
134.543457031	103.926216125
136.221115112	100.53842926
137.898788452	96.736579895
139.576461792	96.7556991577
141.254119873	99.079750061
142.931793213	97.4536590576
144.609466553	101.004478455
146.287124634	99.3143615723
147.964797974	100.480262756
149.642471313	99.4902648926
151.320129395	96.4349441528
152.997802734	93.3166503906
154.675460815	88.9773406982
156.353134155	85.7710571289
158.030807495	82.2516708374
159.708465576	80.158454895
161.386138916	76.561630249
163.063812256	72.951210022
164.741470337	72.4247207642
166.419143677	74.4832992554
168.096817017	69.3083877563
169.774475098	68.8506546021
171.452148438	69.5791854858
173.129806519	68.8352050781
174.807479858	68.2336807251
176.485153198	69.2605361938
178.162811279	69.8028945923
179.840484619	70.4253005981
181.518157959	71.5471801758
183.19581604	71.4444351196
184.87348938	72.5576858521
186.55116272	73.8251876831
188.228820801	73.1733779907
189.906494141	70.5159072876
191.584152222	68.8653564453
193.261825562	65.6725540161
194.939498901	64.4492797852
196.617156982	62.5668945313
198.294830322	60.4935798645
199.972503662	60.1813240051
201.650161743	62.2008171082
203.327835083	62.2568130493
205.005493164	62.1024208069
206.683166504	61.1817054749
208.360839844	59.6762275696
210.038497925	59.1288642883
211.716171265	58.2161598206
213.393844604	55.6570205688
215.071502686	57.8074989319
216.749176025	56.8329277039
218.426849365	56.1118278503
220.104507446	54.0396232605
221.782180786	53.6952667236
223.459838867	54.7471389771
225.137512207	55.4272041321
226.815185547	56.8306159973
228.492843628	55.4866752625
230.170516968	52.5929374695
231.848190308	53.4319419861
233.525848389	54.332447052
235.203521729	54.3836936951
236.881195068	54.2694015503
238.558853149	54.2883644104
240.236526489	55.3500442505
241.91418457	57.082736969
243.59185791	56.9314002991
245.26953125	57.4660835266
246.947189331	58.8257293701
248.624862671	59.8549499512
250.302536011	59.3907661438
251.980194092	57.313041687
253.657867432	55.1562347412
255.335540771	53.9585952759
257.013214111	54.1495285034
258.690856934	53.4934616089
260.368530273	53.6447067261
262.046203613	54.927482605
263.723876953	53.6708030701
265.401550293	54.1740150452
267.079193115	53.5964508057
268.756866455	54.1938743591
270.434539795	54.7833137512
272.112213135	53.8901786804
273.789886475	52.4942779541
275.467559814	52.7752609253
277.145202637	54.2487068176
278.822875977	53.1911201477
280.500549316	53.0646209717
282.178222656	53.5059013367
283.855895996	54.1390151978
285.533538818	54.0261802673
287.211212158	53.373840332
288.888885498	53.4238739014
290.566558838	52.7232933044
292.244232178	51.0552253723
293.921905518	52.2157554626
295.59954834	53.0004730225
297.27722168	53.6671142578
298.95489502	54.2643585205
300.632568359	53.7950553894
302.310241699	51.6647033691
303.987884521	52.1494369507
305.665557861	53.8221168518
307.343231201	54.4091110229
309.020904541	53.5023651123
310.698577881	52.7448539734
312.376251221	52.5426177979
314.053894043	52.5472183228
315.731567383	53.7869796753
317.409240723	52.3175621033
319.086914063	52.8558883667
320.764587402	53.0746612549
322.442230225	52.1994972229
324.119903564	51.6152076721
325.797576904	51.8507804871
327.475250244	52.2099494934
329.152923584	53.0589752197
330.830596924	52.2072181702
332.508239746	53.3819580078
334.185913086	53.8454742432
335.863586426	53.009563446
337.541259766	51.8010673523
339.218933105	51.3305778503
340.896575928	51.613067627
342.574249268	51.192943573
344.251922607	51.8089103699
345.929595947	50.7515983582
347.607269287	51.4692878723
349.284942627	51.7178115845
350.962585449	51.5482063293
352.640258789	51.9465484619
354.317932129	52.8338012695
355.995605469	53.001285553
357.673278809	51.9743804932
359.350921631	52.2795524597
361.028594971	51.3220596313
362.706268311	52.279586792
364.38394165	53.5489730835
366.06161499	53.4222183228
367.73928833	52.507938385
369.416931152	51.117805481
371.094604492	52.1953620911
372.772277832	54.1618995667
374.449951172	52.2240371704
376.127624512	52.2389678955
377.805267334	53.2864189148
379.482940674	53.0220413208
381.160614014	51.8788871765
382.838287354	52.0197792053
384.515960693	51.4335594177
386.193634033	51.2131156921
387.871276855	51.2596549988
389.548950195	52.2457962036
391.226623535	52.2502059937
392.904296875	52.0250892639
394.581970215	52.4341278076
396.259613037	51.2577972412
397.937286377	51.964050293
399.614959717	53.5177307129
401.292633057	53.2580108643
402.970306396	51.6661453247
404.647979736	51.2577056885
406.325622559	51.6361694336
408.003295898	51.6053504944
409.680969238	51.7740745544
411.358642578	53.126083374
413.036315918	51.9712333679
414.71395874	52.0668296814
416.39163208	51.6530532837
418.06930542	50.4662017822
419.74697876	50.6908874512
421.4246521	51.9387741089
423.102325439	51.4265136719
424.779968262	49.0529937744
426.457641602	49.689994812
428.135314941	51.104019165
429.812988281	50.0971946716
431.490661621	51.4175300598
433.168304443	52.6809501648
434.845977783	52.1937141418
436.523651123	51.314956665
438.201324463	51.8545951843
439.878997803	51.7382736206
441.556640625	50.9006614685
443.234313965	51.9810714722
444.911987305	51.3528442383
446.589660645	50.7413330078
448.267333984	51.0643768311
449.945007324	51.2166900635
451.622650146	50.7110671997
453.300323486	51.5460853577
454.977996826	52.7430267334
456.655670166	52.7868537903
458.333343506	50.1834831238
460.010986328	49.8564491272
461.688659668	50.4481277466
463.366333008	51.0057373047
465.044006348	50.9496421814
466.721679688	50.2891921997
468.399353027	50.5451316833
470.07699585	50.5299224854
471.754669189	51.7395515442
473.432342529	51.3556213379
475.110015869	50.7258682251
476.787689209	51.0721931458
478.465332031	52.3370018005
480.143005371	52.5536994934
481.820678711	50.6515579224
483.498352051	50.0763511658
485.176025391	49.7909164429
486.85369873	51.2090911865
488.531341553	50.8943519592
490.209014893	51.4388313293
491.886688232	51.0232925415
493.564361572	50.9237632751
495.242034912	51.6878509521
496.919677734	51.3885498047
498.597351074	50.95936203
500.275024414	51.9887161255
501.952697754	49.8996963501
503.630371094	51.1437339783
505.308044434	52.017364502
506.985687256	51.776638031
508.663360596	51.6176643372
510.341033936	51.6651115417
512.018676758	51.3367271423
513.696350098	51.855140686
515.374023438	50.7535514832
517.051696777	51.9043769836
518.729370117	51.5744590759
520.407043457	50.5274963379
522.084716797	51.2655563354
523.762390137	52.1810379028
525.440063477	52.0899848938
527.117736816	51.761390686
528.795349121	51.1571769714
530.473022461	50.7437400818
532.150695801	50.479839325
533.828369141	50.2216186523
535.50604248	51.6788673401
537.18371582	52.370262146
538.86138916	50.7690544128
540.5390625	49.8380126953
542.21673584	51.0495605469
543.89440918	51.3592643738
545.57208252	52.8857269287
547.249694824	51.8929748535
548.927368164	50.3474388123
550.605041504	50.3828163147
552.282714844	51.2557830811
553.960388184	50.9966659546
555.638061523	51.3800430298
557.315734863	52.263092041
558.993408203	51.226600647
560.671081543	50.1038360596
562.348754883	49.8964233398
564.026428223	49.8500556946
565.704040527	51.0112953186
567.381713867	52.0912818909
569.059387207	51.3653488159
570.737060547	50.3742675781
572.414733887	50.8072662354
574.092407227	51.8489074707
575.770080566	51.3177871704
577.447753906	49.9374923706
579.125427246	52.3619613647
580.803100586	50.8627891541
582.480773926	52.3193664551
584.15838623	50.502532959
585.83605957	50.8393249512
587.51373291	51.9982299805
589.19140625	51.525352478
590.86907959	50.8672866821
592.54675293	51.8204803467
594.22442627	51.5102806091
595.902099609	51.3234100342
597.579772949	50.3786735535
599.257446289	50.921661377
600.935119629	51.2493934631
602.612731934	51.2840423584
604.290405273	50.4777412415
605.968078613	50.6709861755
607.645751953	52.3582382202
609.323425293	52.075553894
611.001098633	52.2516326904
612.678771973	52.1072463989
614.356445313	50.1996765137
616.034118652	50.4563026428
617.711791992	50.8392181396
619.389465332	51.1078720093
621.067077637	51.2462997437
622.744750977	51.6528892517
624.422424316	52.6991653442
626.100097656	53.5278167725
627.777770996	52.3843955994
629.455444336	51.9813423157
631.133117676	51.0709991455
632.810791016	51.9191703796
634.488464355	51.8059883118
636.166137695	52.1538085938
637.843811035	53.0788421631
639.52142334	52.6802330017
641.19909668	51.5315589905
642.87677002	51.9606704712
644.554443359	51.3668899536
646.232116699	49.7579116821
647.909790039	50.6765937805
649.587463379	52.0584030151
651.265136719	51.0526351929
652.942810059	51.3227653503
654.620483398	50.6125717163
656.298156738	50.9761009216
657.975769043	52.4417190552
659.653442383	52.3763198853
661.331115723	52.393447876
663.008789063	53.0339584351
664.686462402	54.0449485779
666.364135742	54.175819397
668.041809082	51.8391952515
669.719482422	50.8873710632
671.397155762	52.2851257324
673.074829102	51.6859970093
674.752502441	50.1649513245
676.430114746	50.7030334473
678.107788086	51.9868049622
679.785461426	51.9660072327
681.463134766	51.1132125854
683.140808105	51.0379142761
684.818481445	52.7601165771
686.496154785	52.6430511475
688.173828125	53.0286407471
689.851501465	52.279800415
691.529174805	51.3169288635
693.206848145	50.8784828186
694.884460449	50.8722190857
696.562133789	51.3693313599
698.239807129	51.9090766907
699.917480469	52.7430114746
701.595153809	53.4807929993
703.272827148	51.6870231628
704.950500488	51.9620094299
706.628173828	52.6373634338
708.305847168	51.8205451965
709.983520508	50.6763267517
711.661193848	51.0748062134
713.338806152	51.9515190125
715.016479492	51.7201042175
716.694152832	52.2169761658
718.371826172	51.2505874634
720.049499512	52.1247901917
721.727172852	53.4452972412
723.404846191	53.8114814758
725.082519531	51.9724578857
726.760192871	52.4547424316
728.437866211	52.6315536499
730.115539551	51.212097168
731.793151855	51.3335990906
733.470825195	53.5807647705
735.148498535	53.091468811
736.826171875	50.5407676697
738.503845215	52.1428337097
740.181518555	51.7429122925
741.859191895	52.8716773987
743.536865234	52.2562484741
745.214538574	51.9522132874
746.892211914	52.6507339478
748.569885254	52.5286598206
750.247497559	51.7009468079
751.925170898	51.6933822632
753.602844238	52.2202415466
755.280517578	52.1478538513
756.958190918	52.9212226868
758.635864258	53.3751296997
760.313537598	51.1550750732
761.991210938	50.5781860352
763.668884277	52.3476829529
765.346557617	51.6531143188
767.024230957	52.2626838684
768.701843262	53.4616584778
770.379516602	53.2224464417
772.057189941	52.4304542542
773.734863281	52.0181732178
775.412536621	51.3703117371
777.090209961	52.7264328003
778.767883301	52.7238502502
780.445556641	54.7690124512
782.12322998	52.6597061157
783.80090332	52.0615997314
785.47857666	52.4730911255
787.156188965	53.1293525696
788.833862305	53.1502494812
790.511535645	53.1521873474
792.189208984	53.6046066284
793.866882324	53.3274002075
795.544555664	52.0041694641
797.222229004	51.8527030945
798.899902344	52.6073074341
800.577575684	49.9955177307
802.255249023	52.0206069946
803.932922363	52.1968650818
805.610534668	52.1145935059
807.288208008	51.8942222595
808.965881348	51.5141410828
810.643554688	51.4968109131
812.321228027	52.2331886292
813.998901367	52.4700889587
815.676574707	51.6741600037
817.354248047	53.1744346619
819.031921387	53.3378448486
820.709594727	51.5585975647
822.387268066	53.4934158325
824.064880371	53.1034927368
825.742553711	51.8435592651
827.420227051	52.6183433533
829.097900391	52.3775787354
830.77557373	51.6549301147
832.45324707	52.0754470825
834.13092041	52.6388511658
835.80859375	52.3586006165
837.48626709	52.7090301514
839.16394043	53.6872329712
840.84161377	53.3697662354
842.519226074	52.4077835083
844.196899414	51.5087890625
845.874572754	52.3464622498
847.552246094	52.5693740845
849.229919434	53.1581382751
850.907592773	52.3238639832
852.585266113	52.3225784302
854.262939453	52.8273200989
855.940612793	53.0722389221
857.618286133	52.6617088318
859.295959473	51.8314781189
860.973571777	53.977268219
862.651245117	53.3022232056
864.328918457	53.1907043457
866.006591797	52.2274398804
867.684265137	54.2277641296
869.361938477	52.1278762817
871.039611816	53.319442749
872.717285156	53.1070327759
874.394958496	53.2704124451
876.072631836	52.4762954712
877.750305176	52.3016319275
879.42791748	52.8543968201
881.10559082	52.2267456055
882.78326416	53.1193695068
884.4609375	53.8806152344
886.13861084	51.0130195618
887.81628418	53.1057281494
889.49395752	52.5819587708
891.171630859	51.7336959839
892.849304199	53.3383560181
894.526977539	53.3270225525
896.204650879	52.2501831055
897.882263184	52.6910209656
899.559936523	53.0124702454
901.237609863	53.036026001
902.915283203	53.7020874023
904.592956543	53.8558425903
906.270629883	53.3908500671
907.948303223	54.0471153259
909.625976563	52.0864677429
911.303649902	52.5221748352
912.981323242	51.2006225586
914.658935547	53.2749824524
916.336608887	51.9182662964
918.014282227	51.6234169006
919.691955566	52.4011192322
921.369628906	52.8655052185
923.047302246	53.3018417358
924.724975586	53.0703315735
926.402648926	53.4413032532
928.080322266	53.608833313
929.757995605	52.2774925232
931.435668945	52.3486099243
933.11328125	51.4488258362
934.79095459	52.9359474182
936.46862793	52.9604110718
938.14630127	51.8573493958
939.823974609	54.269695282
941.501647949	52.6288948059
943.179321289	52.0104942322
944.856994629	52.193523407
946.534667969	52.9631080627
948.212341309	52.5981750488
949.890014648	51.0747337341
951.567626953	51.3312492371
953.245300293	53.5271949768
954.922973633	53.5587615967
956.600646973	51.4234733582
958.278320313	52.2339286804
959.955993652	52.139881134
961.633666992	51.3422088623
963.311340332	51.3332061768
964.989013672	51.2746238708
966.666687012	51.9514656067
968.344360352	53.2052383423
970.021972656	51.2535362244
971.699645996	51.9800453186
973.377319336	53.1231689453
975.054992676	51.4087562561
976.732666016	51.1453514099
978.410339355	52.2692756653
980.088012695	51.7157783508
981.765686035	51.3118247986
983.443359375	52.1051445007
985.121032715	52.0989151001
986.798706055	52.2072143555
988.476318359	52.1223373413
990.153991699	50.4100456238
991.831665039	51.1671333313
993.509338379	53.0842895508
995.187011719	52.6991729736
996.864685059	51.077419281
998.542358398	50.6033172607
1000.22003174	51.9430999756
1001.89770508	51.5743751526
1003.57537842	50.4311218262
1005.25305176	49.962436676
1006.93066406	50.7717628479
1008.6083374	51.5826339722
1010.28601074	51.2477035522
1011.96368408	51.8719825745
1013.64135742	51.8720588684
1015.31903076	50.4204444885
1016.9967041	51.2803268433
1018.67437744	51.4197158813
1020.35205078	51.3173942566
1022.02972412	51.7648048401
1023.70739746	51.3448638916
1025.38500977	50.4622535706
1027.06274414	52.1196670532
1028.74035645	52.5532836914
1030.41809082	51.8652229309
1032.09570313	51.3782844543
1033.7734375	51.1720962524
1035.4510498	51.6638565063
1037.12866211	52.3890419006
1038.80639648	52.0675697327
1040.48400879	51.6040763855
1042.16174316	52.433631897
1043.83935547	52.7519226074
1045.51708984	51.646270752
1047.19470215	51.768157959
1048.87243652	50.0623931885
1050.55004883	53.2218475342
1052.2277832	53.4345817566
1053.90539551	51.8057365417
1055.58300781	51.0752220154
1057.26074219	51.5793647766
1058.93835449	51.8848419189
1060.61608887	52.8249053955
1062.29370117	53.5946807861
1063.97143555	53.2945175171
1065.64904785	53.1960029602
1067.32678223	52.930973053
1069.00439453	53.0688552856
1070.68212891	53.6503448486
1072.35974121	53.1039886475
1074.03735352	53.8518180847
1075.71508789	52.1467018127
1077.3927002	53.3175582886
1079.07043457	53.015712738
1080.74804688	54.2894058228
1082.42578125	52.9079284668
1084.10339355	52.3201942444
1085.78112793	51.2053871155
1087.45874023	52.0202941895
1089.13647461	52.4430618286
1090.81408691	52.8899612427
1092.49169922	52.3400535583
1094.16943359	52.1427841187
1095.8470459	53.0450935364
1097.52478027	53.0527763367
1099.20239258	52.0382766724
1100.88012695	52.0018501282
1102.55773926	52.5467033386
1104.23547363	52.2217216492
1105.91308594	51.8992195129
1107.59069824	52.1951713562
1109.26843262	52.7282447815
1110.94604492	52.9162940979
1112.6237793	52.4789619446
1114.3013916	51.7137107849
1115.97912598	52.5998878479
1117.65673828	51.6808586121
1119.33447266	53.583480835
1121.01208496	51.4298171997
1122.68981934	52.5024452209
1124.36743164	52.6155853271
1126.04504395	52.5044631958
1127.72277832	51.8440742493
1129.40039063	52.1973991394
1131.078125	53.4430656433
1132.7557373	52.0488433838
1134.43347168	51.4109573364
1136.11108398	51.7613105774
1137.78881836	51.4753684998
1139.46643066	51.9395599365
1141.14416504	52.0186882019
1142.82177734	51.2291679382
1144.49938965	51.3062324524
1146.17712402	52.2493171692
1147.85473633	51.0903282166
1149.5324707	51.5582885742
1151.21008301	51.9600410461
1152.88781738	51.4262542725
1154.56542969	52.8984375
1156.24316406	51.740272522
1157.92077637	51.5488891602
1159.59851074	51.4025421143
1161.27612305	51.4326095581
1162.95373535	51.6728515625
1164.63146973	50.606590271
1166.30908203	50.8927650452
1167.98681641	50.2823295593
1169.66442871	50.6598968506
1171.34216309	51.4231147766
1173.01977539	51.0042800903
1174.69750977	51.0945053101
1176.37512207	51.2704925537
1178.05285645	50.677230835
1179.73046875	50.8774757385
1181.40808105	51.786277771
1183.08581543	51.9238433838
1184.76342773	51.0308418274
1186.44116211	50.9485092163
1188.11877441	50.9266929626
1189.79650879	51.1944084167
1191.47412109	51.5506820679
1193.15185547	51.4974784851
1194.82946777	51.9639511108
1196.50720215	51.8818473816
1198.18481445	51.1993942261
1199.86242676	50.6324043274
1201.54016113	50.1436958313
1203.21777344	51.3361473083
1204.89550781	52.8385543823
1206.57312012	52.6828269958
1208.25085449	53.6813583374
1209.9284668	52.7757148743
1211.60620117	51.0794944763
1213.28381348	49.9946556091
1214.96154785	52.0544471741
1216.63916016	53.0607528687
1218.31677246	52.4066543579
1219.99450684	52.2669181824
1221.67211914	52.7164115906
1223.34985352	53.0779495239
1225.02746582	52.6908149719
1226.7052002	52.3726844788
1228.3828125	52.1991729736
1230.06054688	51.405166626
1231.73815918	51.2775154114
1233.41589355	51.4529571533
1235.09350586	52.2199172974
1236.77111816	53.0038070679
1238.44885254	52.9986763
1240.12646484	53.5209922791
1241.80419922	53.9773292542
1243.48181152	53.9635047913
1245.1595459	53.8443489075
1246.8371582	53.0348587036
1248.51489258	54.3139228821
1250.19250488	53.8714179993
1251.87023926	51.8344955444
1253.54785156	52.3296546936
1255.22546387	53.0314025879
1256.90319824	53.6133003235
1258.58081055	53.1264305115
1260.25854492	52.959438324
1261.93615723	53.1620368958
1263.6138916	53.0265274048
1265.29150391	53.3612251282
1266.96923828	52.8475494385
1268.64685059	52.7205047607
1270.32458496	53.2785758972
1272.00219727	52.7189750671
1273.67980957	52.7573165894
1275.35754395	53.1072883606
1277.03515625	52.1868476868
1278.71289063	52.4147872925
1280.39050293	53.7526664734
1282.0682373	54.309677124
1283.74584961	53.9504547119
1285.42358398	54.153175354
1287.10119629	53.8624572754
1288.77893066	55.5546073914
1290.45654297	54.804725647
1292.13415527	53.130241394
1293.81188965	55.2444763184
1295.48950195	54.9898834229
1297.16723633	53.9195899963
1298.84484863	55.169002533
1300.52258301	54.5006904602
1302.20019531	54.4611968994
1303.87792969	56.2370071411
1305.55554199	54.7603034973
1307.23327637	57.8486289978
1308.91088867	56.938621521
1310.58850098	56.8776779175
1312.26623535	57.0482177734
1313.94384766	56.6476669312
1315.62158203	57.137172699
1317.29919434	58.619354248
1318.97692871	58.0492744446
1320.65454102	58.7905578613
1322.33227539	60.6789474487
1324.0098877	59.6327133179
1325.68762207	58.0236854553
1327.36523438	58.8990631104
1329.04284668	60.0953445435
1330.72058105	61.920173645
1332.39819336	63.768573761
1334.07592773	63.9606704712
1335.75354004	64.2560119629
1337.43127441	66.3049240112
1339.10888672	67.1212844849
1340.78662109	67.9360733032
1342.4642334	69.1907119751
1344.14196777	67.8622589111
1345.81958008	67.2395095825
1347.49719238	68.1126174927
1349.17492676	67.7620239258
1350.85253906	65.3583450317
1352.53027344	65.2013626099
1354.20788574	63.9279251099
1355.88562012	62.3394622803
1357.56323242	60.9464759827
1359.2409668	60.0728263855
1360.9185791	61.3397369385
1362.59631348	60.0361976624
1364.27392578	60.194026947
1365.95153809	60.7022171021
1367.62927246	59.4507675171
1369.30688477	59.4020614624
1370.98461914	58.8012504578
1372.66223145	60.3165893555
1374.33996582	59.5018348694
1376.01757813	58.8142471313
1377.6953125	58.2342224121
1379.3729248	57.3445205688
1381.05065918	57.7160148621
1382.72827148	58.2899093628
1384.40588379	57.1922607422
1386.08361816	57.0439186096
1387.76123047	58.538105011
1389.43896484	56.5648384094
1391.11657715	57.0840988159
1392.79431152	56.8503417969
1394.47192383	57.9862632751
1396.1496582	57.1623153687
1397.82727051	58.1140708923
1399.50500488	56.7820358276
1401.18261719	57.611000061
1402.86022949	57.3037261963
1404.53796387	58.4418411255
1406.21557617	58.6641769409
1407.89331055	58.999912262
1409.57092285	58.7875289917
1411.24865723	57.8115348816
1412.92626953	57.0834655762
1414.60400391	59.0897636414
1416.28161621	57.9570922852
1417.95935059	59.7344970703
1419.63696289	59.0976219177
1421.3145752	58.7001724243
1422.99230957	58.6286582947
1424.66992188	59.6592254639
1426.34765625	61.281036377
1428.02526855	62.0247764587
1429.70300293	60.1996536255
1431.38061523	60.1002311707
1433.05834961	60.2370834351
1434.73596191	59.6913299561
1436.41369629	60.5327377319
1438.09130859	61.8092079163
1439.7689209	61.3190460205
1441.44665527	59.9366760254
1443.12426758	61.4180297852
1444.80200195	62.2396125793
1446.47961426	62.9443626404
1448.15734863	63.6751823425
1449.83496094	62.6751251221
1451.51269531	64.2923812866
1453.19030762	64.2701263428
1454.86804199	63.0377693176
1456.5456543	64.2465209961
1458.2232666	65.7891845703
1459.90100098	66.4015426636
1461.57861328	65.2205276489
1463.25634766	65.2189102173
1464.93395996	65.9610824585
1466.61169434	66.0132827759
1468.28930664	66.1297607422
1469.96704102	67.2428207397
1471.64465332	68.4961090088
1473.3223877	68.6403656006
1475	67.1911697388
1476.6776123	68.5852279663
1478.35534668	70.7676391602
1480.03295898	71.3277206421
1481.71069336	71.5059814453
1483.38830566	72.5849304199
1485.06604004	72.0153808594
1486.74365234	72.5487823486
1488.42138672	74.3264465332
1490.09899902	76.7078552246
1491.7767334	79.2760238647
1493.4543457	79.492767334
1495.13195801	79.3307495117
1496.80969238	77.7639694214
1498.48730469	80.390625
1500.16503906	83.7998352051
1501.84265137	85.6751861572
1503.52038574	86.2368392944
1505.19799805	90.0289077759
1506.87573242	90.8711242676
1508.55334473	91.9121856689
1510.2310791	96.3584136963
1511.90869141	94.4222717285
1513.58630371	94.9451599121
1515.26403809	99.611869812
1516.94165039	104.334312439
1518.61938477	107.983283997
1520.29699707	113.81098175
1521.97473145	114.337669373
1523.65234375	119.146575928
1525.33007813	125.962265015
1527.00769043	130.278167725
1528.6854248	135.761962891
1530.36303711	147.850814819
1532.04064941	157.693557739
1533.71838379	161.748428345
1535.39599609	171.664840698
1537.07373047	184.700866699
1538.75134277	193.992950439
1540.42907715	206.706573486
1542.10668945	217.501113892
1543.78442383	236.592391968
1545.46203613	252.35218811
1547.13977051	271.758453369
1548.81738281	290.875335693
1550.49499512	315.701599121
1552.17272949	335.371124268
1553.8503418	359.695129395
1555.52807617	388.116149902
1557.20568848	416.522033691
1558.88342285	449.630126953
1560.56103516	486.069000244
1562.23876953	534.730957031
1563.91638184	582.722229004
1565.59411621	607.853271484
1567.27172852	627.431396484
1568.94934082	661.822021484
1570.6270752	694.819091797
1572.3046875	711.357116699
1573.98242188	714.633361816
1575.66003418	728.06854248
1577.33776855	741.934143066
1579.01538086	751.269104004
1580.69311523	767.99005127
1582.37072754	814.62677002
1584.04846191	892.742614746
1585.72607422	1003.09503174
1587.40368652	1166.87207031
1589.0814209	1317.07495117
1590.7590332	1392.93115234
1592.43676758	1400.99890137
1594.11437988	1352.10351563
1595.79211426	1234.77075195
1597.46972656	1090.31030273
1599.14746094	953.461364746
1600.82507324	827.88458252
1602.50280762	714.634765625
1604.18041992	613.399902344
1605.85803223	534.063903809
1607.5357666	466.518218994
1609.21337891	408.16595459
1610.89111328	358.192871094
1612.56872559	315.31829834
1614.24645996	278.400085449
1615.92407227	250.417755127
1617.60180664	226.359985352
1619.27941895	201.081588745
1620.95715332	180.014358521
1622.63476563	166.750915527
1624.31237793	156.33480835
1625.9901123	141.727798462
1627.66772461	131.138534546
1629.34545898	122.54788208
1631.02307129	113.778213501
1632.70080566	108.20098114
1634.37841797	103.321609497
1636.05615234	98.3010253906
1637.73376465	92.6965103149
1639.41149902	92.1692810059
1641.08911133	89.5597000122
1642.76672363	87.1629714966
1644.44445801	83.9363327026
1646.12207031	80.6437683105
1647.79980469	79.5008926392
1649.47741699	77.9016418457
1651.15515137	76.3106231689
1652.83276367	73.8182983398
1654.51049805	73.4136657715
1656.18811035	72.4297790527
1657.86584473	71.7286300659
1659.54345703	70.6822509766
1661.22106934	69.2359466553
1662.89880371	68.7550354004
1664.57641602	66.4936904907
1666.25415039	66.8598556519
1667.9317627	66.7225646973
1669.60949707	66.479133606
1671.28710938	65.3985977173
1672.96484375	65.0898284912
1674.64245605	64.9021606445
1676.32019043	65.0769958496
1677.99780273	64.7828979492
1679.67541504	63.859046936
1681.35314941	63.101764679
1683.03076172	61.9119338989
1684.70849609	63.1234169006
1686.3861084	63.2318611145
1688.06384277	63.0367126465
1689.74145508	62.8590431213
1691.41918945	63.3585968018
1693.09680176	62.0617294312
1694.77453613	62.7989654541
1696.45214844	62.284034729
1698.12976074	61.4686279297
1699.80749512	61.7193222046
1701.48510742	62.5949707031
1703.1628418	62.2731399536
1704.8404541	62.6804962158
1706.51818848	62.0998916626
1708.19580078	62.0770645142
1709.87353516	61.3784179688
1711.55114746	62.739364624
1713.22888184	62.2219085693
1714.90649414	61.2069587708
1716.58410645	63.1863365173
1718.26184082	63.0664863586
1719.93945313	63.6156234741
1721.6171875	61.9805793762
1723.2947998	63.0806541443
1724.97253418	64.7218017578
1726.65014648	63.2737312317
1728.32788086	63.7592048645
1730.00549316	65.4183120728
1731.68322754	64.8482284546
1733.36083984	64.9875717163
1735.03845215	65.5707473755
1736.71618652	67.5528793335
1738.39379883	66.744972229
1740.0715332	67.2655029297
1741.74914551	67.7424545288
1743.42687988	68.1162796021
1745.10449219	67.711265564
1746.78222656	65.8591690063
1748.45983887	67.8128890991
1750.13757324	67.4136123657
1751.81518555	68.0325927734
1753.49279785	67.7490386963
1755.17053223	66.5718536377
1756.84814453	65.5828170776
1758.52587891	64.9756393433
1760.20349121	65.0741424561
1761.88122559	66.1513595581
1763.55883789	64.3208465576
1765.23657227	64.1272583008
1766.91418457	64.5926742554
1768.59191895	65.234046936
1770.26953125	63.0119361877
1771.94714355	62.8101196289
1773.62487793	63.8346138
1775.30249023	63.2790374756
1776.98022461	62.651184082
1778.65783691	61.063205719
1780.33557129	61.8586387634
1782.01318359	61.8607406616
1783.69091797	62.0702857971
1785.36853027	61.364944458
1787.04626465	61.2976722717
1788.72387695	61.3345451355
1790.40148926	61.3263664246
1792.07922363	60.6292152405
1793.75683594	60.0771369934
1795.43457031	59.5069389343
1797.11218262	60.4862747192
1798.78991699	59.5003700256
1800.4675293	59.029800415
1802.14526367	59.7206268311
1803.82287598	59.3153877258
1805.50061035	60.0205879211
1807.17822266	59.673625946
1808.85583496	60.7806167603
1810.53356934	59.9590377808
1812.21118164	59.8225479126
1813.88891602	58.967918396
1815.56652832	58.9866981506
1817.2442627	59.5968208313
1818.921875	58.8645019531
1820.59960938	58.1478691101
1822.27722168	57.8901634216
1823.95495605	58.7469291687
1825.63256836	58.5721855164
1827.31018066	57.6363143921
1828.98791504	56.4087677002
1830.66552734	57.3050804138
1832.34326172	57.3046531677
1834.02087402	56.9872245789
1835.6986084	58.2352600098
1837.3762207	58.0916404724
1839.05395508	56.2400779724
1840.73156738	56.3171005249
1842.40930176	57.5235824585
1844.08691406	56.3530807495
1845.76452637	56.9634132385
1847.44226074	56.5382804871
1849.11987305	54.1457901001
1850.79760742	56.8416824341
1852.47521973	56.4224319458
1854.1529541	56.2217826843
1855.83056641	56.2278518677
1857.50830078	55.7964668274
1859.18591309	56.2522010803
1860.86352539	56.385093689
1862.54125977	56.0486488342
1864.21887207	55.871383667
1865.89660645	56.4994659424
1867.57421875	56.6674957275
1869.25195313	54.9743156433
1870.92956543	55.7176094055
1872.6072998	57.2763366699
1874.28491211	56.8991699219
1875.96264648	55.5037956238
1877.64025879	55.415397644
1879.31787109	57.1581192017
1880.99560547	57.0833930969
1882.67321777	57.8508415222
1884.35095215	56.6675682068
1886.02856445	56.3692626953
1887.70629883	55.5526695251
1889.38391113	54.4724349976
1891.06164551	57.5592002869
1892.73925781	56.9016952515
1894.41699219	55.9968948364
1896.09460449	57.347454071
1897.7722168	57.5111846924
1899.44995117	54.5635147095
1901.12756348	56.2811012268
1902.80529785	56.5447692871
1904.48291016	56.1168136597
1906.16064453	56.4078788757
1907.83825684	57.2407150269
1909.51599121	57.1210975647
1911.19360352	55.7654953003
1912.87133789	56.4645309448
1914.5489502	56.4628410339
1916.2265625	55.941734314
1917.90429688	55.5918235779
1919.58190918	55.6086044312
1921.25964355	55.4258918762
1922.93725586	55.3622627258
1924.61499023	56.2009963989
1926.29260254	57.4958190918
1927.97033691	56.7561073303
1929.64794922	54.305015564
1931.32568359	54.7910575867
1933.0032959	58.8510551453
1934.6809082	56.1602554321
1936.35864258	54.577419281
1938.03625488	56.337726593
1939.71398926	56.4092140198
1941.39160156	57.2837142944
1943.06933594	57.2095184326
1944.74694824	56.8842887878
1946.42468262	56.8456039429
1948.10229492	56.6168441772
1949.7800293	56.2292098999
1951.4576416	56.2168807983
1953.13525391	57.4482078552
1954.81298828	57.247341156
1956.49060059	57.466381073
1958.16833496	57.2072105408
1959.84594727	56.2048110962
1961.52368164	57.1054725647
1963.20129395	57.1968841553
1964.87902832	56.2573165894
1966.55664063	57.132434845
1968.234375	56.6075553894
1969.9119873	57.956111908
1971.58959961	57.5226249695
1973.26733398	58.3113899231
1974.94494629	57.7619476318
1976.62268066	58.2902984619
1978.30029297	57.8170394897
1979.97802734	58.2951812744
1981.65563965	57.8511734009
1983.33337402	57.3988952637
1985.01098633	58.8975296021
1986.6887207	57.4383811951
1988.36633301	57.1022491455
1990.04394531	58.0290870667
1991.72167969	56.4298934937
1993.39929199	58.1560134888
1995.07702637	58.1683349609
1996.75463867	55.9579277039
1998.43237305	57.7262611389
2000.10998535	58.6152572632
2001.78771973	58.6886672974
2003.46533203	58.3648872375
2005.14306641	57.0978927612
2006.82067871	58.2382698059
2008.49829102	58.3792724609
2010.17602539	57.3281440735
2011.8536377	57.6297912598
2013.53137207	57.3212776184
2015.20898438	56.0517921448
2016.88671875	56.691860199
2018.56433105	57.6930885315
2020.24206543	56.9867515564
2021.91967773	56.339225769
2023.59741211	55.4929428101
2025.27502441	57.0978736877
2026.95263672	55.7550544739
2028.63037109	55.8647956848
2030.3079834	55.9886665344
2031.98571777	55.6898612976
2033.66333008	54.5119781494
2035.34106445	56.0827255249
2037.01867676	56.0094413757
2038.69641113	55.0531463623
2040.37402344	55.1728057861
2042.05175781	54.7536087036
2043.72937012	56.1122207642
2045.40698242	55.0674743652
2047.0847168	54.7335968018
2048.76245117	54.8105926514
2050.43994141	54.691368103
2052.11767578	54.2877578735
2053.79541016	54.9663925171
2055.47314453	54.800907135
2057.15063477	54.2035675049
2058.82836914	53.8970375061
2060.50610352	55.5692596436
2062.18383789	53.3664131165
2063.86132813	54.6460189819
2065.5390625	54.7945175171
2067.21679688	54.5752754211
2068.89428711	53.649269104
2070.57202148	53.9641990662
2072.24975586	54.6408958435
2073.92749023	54.3897132874
2075.60498047	53.759513855
2077.28271484	53.158706665
2078.96044922	53.5365638733
2080.63818359	53.8926582336
2082.31567383	53.3920135498
2083.9934082	54.077507019
2085.67114258	54.782371521
2087.34863281	53.4718894958
2089.02636719	54.0372848511
2090.70410156	55.226272583
2092.38183594	54.9904060364
2094.05932617	55.1764984131
2095.73706055	54.6216011047
2097.41479492	53.6630744934
2099.0925293	53.5890045166
2100.77001953	53.4577636719
2102.44775391	53.1193466187
2104.12548828	54.1308517456
2105.80297852	52.6961097717
2107.48071289	53.4202575684
2109.15844727	54.1366004944
2110.83618164	53.4299926758
2112.51367188	53.7687263489
2114.19140625	53.2244491577
2115.86914063	54.1272392273
2117.546875	53.6076850891
2119.22436523	53.7444114685
2120.90209961	53.3121185303
2122.57983398	53.8933830261
2124.25732422	53.4398078918
2125.93505859	53.7768859863
2127.61279297	53.6672935486
2129.29052734	55.0395851135
2130.96801758	54.3197250366
2132.64575195	54.0330696106
2134.32348633	54.9621391296
2136.0012207	52.4315109253
2137.67871094	53.9534721375
2139.35644531	53.2076301575
2141.03417969	54.0182914734
2142.71166992	53.8869857788
2144.3894043	53.1621589661
2146.06713867	53.2893753052
2147.74487305	53.3220748901
2149.42236328	54.3620605469
2151.10009766	54.7934951782
2152.77783203	53.777507782
2154.45556641	52.4773864746
2156.13305664	54.0203170776
2157.81079102	54.5465278625
2159.48852539	55.3632583618
2161.16601563	55.021522522
2162.84375	54.2808914185
2164.52148438	53.0690116882
2166.19921875	54.6888809204
2167.87670898	54.4104690552
2169.55444336	54.3214073181
2171.23217773	53.8218727112
2172.90991211	53.7947311401
2174.58740234	53.3562774658
2176.26513672	53.6967582703
2177.94287109	53.7192192078
2179.62036133	54.1446380615
2181.2980957	53.9261360168
2182.97583008	53.3652687073
2184.65356445	53.4447746277
2186.33105469	53.8672294617
2188.00878906	54.2637786865
2189.68652344	53.9613800049
2191.36425781	53.6663169861
2193.04174805	53.6664810181
2194.71948242	55.2928504944
2196.3972168	54.5953903198
2198.07470703	53.1255111694
2199.75244141	53.5759429932
2201.43017578	55.2038536072
2203.10791016	55.8055992126
2204.78540039	52.9258117676
2206.46313477	54.3942565918
2208.14086914	54.2945632935
2209.81860352	53.0616226196
2211.49609375	54.220375061
2213.17382813	55.5559654236
2214.8515625	54.7471885681
2216.52905273	54.3088912964
2218.20678711	53.0463829041
2219.88452148	53.9763069153
2221.56225586	54.1835861206
2223.23974609	54.5305747986
2224.91748047	56.1517829895
2226.59521484	54.0412712097
2228.27294922	54.740737915
2229.95043945	54.4825248718
2231.62817383	54.0133781433
2233.3059082	53.4531669617
2234.98339844	53.4475402832
2236.66113281	54.1319847107
2238.33886719	53.9856109619
2240.01660156	53.987121582
2241.6940918	54.2779884338
2243.37182617	54.4538040161
2245.04956055	51.457572937
2246.72705078	54.8931388855
2248.40478516	53.8530311584
2250.08251953	54.1123008728
2251.76025391	54.6586990356
2253.43774414	54.392791748
2255.11547852	53.9180641174
2256.79321289	54.3260345459
2258.47094727	53.7102737427
2260.1484375	53.5183753967
2261.82617188	53.5147323608
2263.50390625	53.7467956543
2265.18139648	52.1148796082
2266.85913086	54.1820487976
2268.53686523	54.5800666809
2270.21459961	53.9670791626
2271.89208984	54.1756706238
2273.56982422	54.1618843079
2275.24755859	55.3316268921
2276.92529297	54.7500267029
2278.6027832	53.9210662842
2280.28051758	53.5206832886
2281.95825195	53.7031288147
2283.63574219	55.6002426147
2285.31347656	54.5088691711
2286.99121094	53.0293884277
2288.66894531	53.8711547852
2290.34643555	54.6108589172
2292.02416992	55.3256187439
2293.7019043	54.2879219055
2295.37963867	52.9812698364
2297.05712891	54.568862915
2298.73486328	53.8194503784
2300.41259766	52.7133293152
2302.09008789	54.7029724121
2303.76782227	53.7990188599
2305.44555664	53.6093025208
2307.12329102	53.2723388672
2308.80078125	53.7172660828
2310.47851563	53.858253479
2312.15625	54.4384231567
2313.83398438	53.7906532288
2315.51147461	54.6209793091
2317.18920898	53.4236984253
2318.86694336	53.4685211182
2320.54443359	53.7864379883
2322.22216797	54.0048408508
2323.89990234	55.3282356262
2325.57763672	54.7145805359
2327.25512695	54.6766357422
2328.93286133	55.21326828
2330.6105957	54.3538322449
2332.28833008	54.1024475098
2333.96582031	54.1621398926
2335.64355469	53.9751968384
2337.32128906	53.0678291321
2338.9987793	54.0646400452
2340.67651367	54.6986503601
2342.35424805	54.5062217712
2344.03198242	54.2643470764
2345.70947266	54.1638031006
2347.38720703	53.6443939209
2349.06494141	53.648853302
2350.74267578	55.12084198
2352.42016602	54.9497108459
2354.09790039	53.3327064514
2355.77563477	55.3290519714
2357.453125	55.8503875732
2359.13085938	55.8284568787
2360.80859375	55.8754806519
2362.48632813	56.4272766113
2364.16381836	55.5694770813
2365.84155273	54.521282196
2367.51928711	54.8752746582
2369.19702148	55.5659332275
2370.87451172	55.1143684387
2372.55224609	54.5202255249
2374.22998047	55.3816795349
2375.9074707	55.5405235291
2377.58520508	54.7557601929
2379.26293945	55.1450576782
2380.94067383	56.1814193726
2382.61816406	55.4943733215
2384.29589844	55.5863647461
2385.97363281	55.0762329102
2387.65136719	56.717880249
2389.32885742	54.8589439392
2391.0065918	55.519657135
2392.68432617	56.3761901855
2394.36181641	56.445930481
2396.03955078	56.0042724609
2397.71728516	56.6034126282
2399.39501953	57.6973381042
2401.07250977	55.8696937561
2402.75024414	56.0729179382
2404.42797852	56.4653511047
2406.10571289	56.7298545837
2407.78320313	57.7616348267
2409.4609375	57.1861801147
2411.13867188	57.2904586792
2412.81616211	58.1949996948
2414.49389648	56.7286872864
2416.17163086	58.2457580566
2417.84936523	59.5301017761
2419.52685547	57.5339431763
2421.20458984	58.055557251
2422.88232422	59.8936462402
2424.56005859	61.3979415894
2426.23754883	59.7222557068
2427.9152832	59.0733337402
2429.59301758	59.649646759
2431.27050781	59.8711738586
2432.94824219	59.3371925354
2434.62597656	62.3594589233
2436.30371094	62.3544311523
2437.98120117	62.8013534546
2439.65893555	63.765625
2441.33666992	63.345790863
2443.0144043	65.1503372192
2444.69189453	64.1450805664
2446.36962891	65.1084289551
2448.04736328	63.452091217
2449.72485352	62.837978363
2451.40258789	64.1779251099
2453.08032227	63.4208183289
2454.75805664	64.3859405518
2456.43554688	63.2564926147
2458.11328125	62.5138206482
2459.79101563	64.7661132813
2461.46875	65.0075683594
2463.14624023	64.0085830688
2464.82397461	63.4836044312
2466.50170898	62.6297302246
2468.17919922	62.9837150574
2469.85693359	64.0479888916
2471.53466797	62.8440246582
2473.21240234	63.378364563
2474.88989258	63.3900146484
2476.56762695	63.7022857666
2478.24536133	62.7304420471
2479.9230957	62.8977775574
2481.60058594	64.5346984863
2483.27832031	62.2758140564
2484.95605469	61.2324066162
2486.63354492	63.1614265442
2488.3112793	62.8108596802
2489.98901367	62.1995124817
2491.66674805	62.1120452881
2493.34423828	61.7299156189
2495.02197266	61.4244308472
2496.69970703	59.886505127
2498.37744141	61.8283958435
2500.05493164	61.8252716064
2501.73266602	62.4386062622
2503.41040039	60.7739715576
2505.08789063	62.6282463074
2506.765625	60.0061645508
2508.44335938	63.0181503296
2510.12109375	62.1608161926
2511.79858398	61.7270011902
2513.47631836	59.3391609192
2515.15405273	61.2852973938
2516.83178711	61.9396705627
2518.50927734	62.1842002869
2520.18701172	62.7451629639
2521.86474609	60.6445884705
2523.54223633	60.9747924805
2525.2199707	62.180103302
2526.89770508	61.842338562
2528.57543945	61.9321632385
2530.25292969	59.8561019897
2531.93066406	60.5880279541
2533.60839844	60.1054954529
2535.28613281	61.4884490967
2536.96362305	62.054649353
2538.64135742	63.0642051697
2540.3190918	63.4732551575
2541.99658203	61.8215675354
2543.67431641	60.6418151855
2545.35205078	62.402130127
2547.02978516	62.958240509
2548.70727539	62.3652801514
2550.38500977	62.6488037109
2552.06274414	62.232460022
2553.74047852	63.1554489136
2555.41796875	62.9092712402
2557.09570313	63.1786689758
2558.7734375	62.2459411621
2560.45092773	61.3343467712
2562.12866211	64.7265777588
2563.80639648	64.6950454712
2565.48413086	65.1490859985
2567.16162109	62.9273796082
2568.83935547	63.1587219238
2570.51708984	64.9808120728
2572.19482422	66.3072433472
2573.87231445	64.9386749268
2575.55004883	65.3700027466
2577.2277832	65.5579376221
2578.90527344	66.9775390625
2580.58300781	66.6972961426
2582.26074219	66.8221130371
2583.93847656	66.954284668
2585.6159668	67.6347885132
2587.29370117	67.0512695313
2588.97143555	70.0217819214
2590.64916992	71.5407485962
2592.32666016	71.777671814
2594.00439453	71.0172805786
2595.68212891	72.440612793
2597.35961914	73.9919967651
2599.03735352	76.5616760254
2600.71508789	75.6382675171
2602.39282227	74.4208908081
2604.0703125	76.3556594849
2605.74804688	77.939491272
2607.42578125	78.4709472656
2609.10351563	80.24949646
2610.78100586	81.808883667
2612.45874023	81.2627487183
2614.13647461	82.1155090332
2615.81396484	83.6681213379
2617.49169922	86.6631088257
2619.16943359	88.2154083252
2620.84716797	87.9456787109
2622.5246582	90.7744598389
2624.20239258	91.5657501221
2625.88012695	92.9747467041
2627.55786133	94.4052429199
2629.23535156	96.6814346313
2630.91308594	99.369682312
2632.59082031	99.3032150269
2634.26831055	104.558280945
2635.94604492	106.270324707
2637.6237793	107.172492981
2639.30151367	113.454582214
2640.97900391	116.271324158
2642.65673828	119.559738159
2644.33447266	121.506774902
2646.01220703	125.214950562
2647.68969727	127.686210632
2649.36743164	135.715866089
2651.04516602	142.171844482
2652.72265625	146.186676025
2654.40039063	151.134490967
2656.078125	158.912689209
2657.75585938	160.717727661
2659.43334961	170.964126587
2661.11108398	180.139312744
2662.78881836	188.526580811
2664.46655273	197.386169434
2666.14404297	206.316238403
2667.82177734	217.219985962
2669.49951172	226.388137817
2671.17700195	235.652694702
2672.85473633	245.776229858
2674.5324707	254.979553223
2676.21020508	263.154266357
2677.88769531	266.609161377
2679.56542969	274.999450684
2681.24316406	275.969665527
2682.92089844	275.546844482
2684.59838867	280.483276367
2686.27612305	277.411590576
2687.95385742	273.338806152
2689.63134766	261.801330566
2691.30908203	250.329574585
2692.98681641	246.240341187
2694.66455078	232.767211914
2696.34204102	216.280792236
2698.01977539	209.947906494
2699.69750977	202.06427002
2701.37524414	192.716964722
2703.05273438	183.22265625
2704.73046875	172.687316895
2706.40820313	165.671279907
2708.08569336	159.72895813
2709.76342773	151.083892822
2711.44116211	142.226760864
2713.11889648	133.698440552
2714.79638672	130.272140503
2716.47412109	124.028625488
2718.15185547	117.281997681
2719.82958984	114.853813171
2721.50708008	111.969947815
2723.18481445	106.708946228
2724.86254883	102.630073547
2726.54003906	101.905967712
2728.21777344	98.3028945923
2729.89550781	96.900177002
2731.57324219	94.8298721313
2733.25073242	91.824798584
2734.9284668	89.6660614014
2736.60620117	86.5660095215
2738.28393555	83.8003463745
2739.96142578	82.6167755127
2741.63916016	81.8708648682
2743.31689453	81.4880447388
2744.99438477	79.7340011597
2746.67211914	78.4337463379
2748.34985352	79.2424087524
2750.02758789	71.5783462524
2751.70507813	73.0613555908
2753.3828125	73.74584198
2755.06054688	71.2851638794
2756.73828125	70.1481628418
2758.41577148	69.5387954712
2760.09350586	68.1656570435
2761.77124023	69.2851715088
2763.44873047	68.7031173706
2765.12646484	67.1212387085
2766.80419922	67.1001663208
2768.48193359	66.9516448975
2770.15942383	64.6343307495
2771.8371582	65.4104614258
2773.51489258	65.309211731
2775.19262695	64.4560317993
2776.87011719	64.6180038452
2778.54785156	62.9675445557
2780.22558594	66.2414245605
2781.90307617	61.7860794067
2783.58081055	63.3182945251
2785.25854492	62.0163764954
2786.9362793	62.7684059143
2788.61376953	62.4289741516
2790.29150391	61.0969467163
2791.96923828	61.1615104675
2793.64697266	61.5794143677
2795.32446289	61.0751991272
2797.00219727	60.8414993286
2798.67993164	60.7546272278
2800.35742188	60.6484184265
2802.03515625	61.0511512756
2803.71289063	58.8524742126
2805.390625	59.9195747375
2807.06811523	59.5638694763
2808.74584961	59.3747062683
2810.42358398	59.9385223389
2812.10131836	59.0790786743
2813.77880859	60.3455352783
2815.45654297	58.35181427
2817.13427734	59.5761680603
2818.81176758	58.1022720337
2820.48950195	58.4007530212
2822.16723633	58.2302398682
2823.8449707	59.3319854736
2825.52246094	57.0018730164
2827.20019531	57.808971405
2828.87792969	57.1443328857
2830.55566406	58.4467582703
2832.2331543	58.04870224
2833.91088867	57.3306694031
2835.58862305	57.8508148193
2837.26611328	56.5097579956
2838.94384766	57.9272575378
2840.62158203	58.5177345276
2842.29931641	56.3728713989
2843.97680664	58.42004776
2845.65454102	57.0972671509
2847.33227539	57.7850570679
2849.01000977	56.7444915771
2850.6875	56.4197883606
2852.36523438	57.0798377991
2854.04296875	56.7688217163
2855.72045898	56.5558662415
2857.39819336	56.3971481323
2859.07592773	56.3130683899
2860.75366211	56.7232093811
2862.43115234	57.2698173523
2864.10888672	56.9571533203
2865.78662109	56.8215904236
2867.46435547	56.3838386536
2869.1418457	57.4145774841
2870.81958008	58.3779220581
2872.49731445	57.5266609192
2874.17480469	55.8570289612
2875.85253906	56.8961143494
2877.53027344	56.5962181091
2879.20800781	57.0234718323
2880.88549805	57.3109359741
2882.56323242	55.7091407776
2884.2409668	55.3393325806
2885.91870117	55.9932250977
2887.59619141	57.1400108337
2889.27392578	55.7828712463
2890.95166016	57.6965408325
2892.62915039	55.9408912659
2894.30688477	56.0319442749
2895.98461914	57.1382904053
2897.66235352	56.3131790161
2899.33984375	57.093875885
2901.01757813	54.9184341431
2902.6953125	56.9072647095
2904.37304688	56.6838378906
2906.05053711	57.204864502
2907.72827148	56.3960075378
2909.40600586	56.8866996765
2911.08349609	57.348323822
2912.76123047	56.536857605
2914.43896484	56.8214988708
2916.11669922	57.0162162781
2917.79418945	56.2313461304
2919.47192383	54.9360847473
2921.1496582	56.4469184875
2922.82739258	55.8357925415
2924.50488281	55.4385414124
2926.18261719	54.7895965576
2927.86035156	55.8949890137
2929.5378418	57.0015182495
2931.21557617	56.3482208252
2932.89331055	55.2834243774
2934.57104492	54.825553894
2936.24853516	56.0317802429
2937.92626953	55.6451148987
2939.60400391	54.9869995117
2941.28173828	55.2759933472
2942.95922852	55.7085723877
2944.63696289	53.9564933777
2946.31469727	56.3357048035
2947.9921875	54.5038948059
2949.66992188	55.8295402527
2951.34765625	54.8931236267
2953.02539063	55.1449623108
2954.70288086	54.4716529846
2956.38061523	55.9356498718
2958.05834961	55.740737915
2959.73608398	54.6309280396
2961.41357422	55.1306037903
2963.09130859	55.9155006409
2964.76904297	54.3033866882
2966.4465332	54.2873840332
2968.12426758	53.7233543396
2969.80200195	53.7164878845
2971.47973633	54.4549102783
2973.15722656	56.2327270508
2974.83496094	54.1515922546
2976.51269531	53.6814079285
2978.19042969	54.1858139038
2979.86791992	54.9946365356
2981.5456543	53.7913398743
2983.22338867	55.134262085
2984.90087891	54.3944320679
2986.57861328	54.8211250305
2988.25634766	54.4804344177
2989.93408203	54.2641716003
2991.61157227	53.7287712097
2993.28930664	55.0779190063
2994.96704102	54.5366859436
2996.64477539	55.435836792
2998.32226563	54.2515335083
3000	54.1572570801
