-50	50.103477478
-48.3223304749	50.966884613
-46.6446647644	51.6810264587
-44.9669952393	51.9157409668
-43.2893295288	49.4096069336
-41.6116600037	52.2605781555
-39.9339942932	52.4248008728
-38.2563247681	52.7366790771
-36.5786590576	54.31300354
-34.9009895325	56.436706543
-33.223323822	56.8144607544
-31.5456542969	53.4543380737
-29.8679866791	56.2805519104
-28.1903190613	58.2209205627
-26.5126514435	59.7959098816
-24.8349838257	62.3227958679
-23.1573162079	65.2465057373
-21.4796485901	67.3820495605
-19.8019809723	70.5902481079
-18.1243133545	74.9755706787
-16.4466438293	79.764465332
-14.7689771652	91.5027389526
-13.0913095474	127.343803406
-11.413640976	222.333114624
-9.73597335815	902.816162109
-8.05830574036	2266.54467773
-6.38063812256	3840.53051758
-4.70297050476	5430.30712891
-3.02530264854	6948.69482422
-1.34763479233	8125.10302734
0.330033004284	7428.76318359
2.00770068169	6005.00927734
3.6853685379	4009.16552734
5.3630361557	2264.75170898
7.04070425034	1117.3026123
8.7183713913	174.484146118
10.3960399628	96.4945678711
12.0737075806	73.8130874634
13.7513751984	64.7864761353
15.4290428162	61.7807426453
17.106710434	59.3280639648
18.7843780518	54.4088592529
20.4620456696	54.31640625
22.1397132874	53.1394691467
23.8173809052	52.6571235657
25.4950504303	52.6334724426
27.1727180481	51.7854576111
28.8503856659	49.9859466553
30.5280532837	49.0806350708
32.2057189941	47.793888092
33.8833885193	48.8026885986
35.5610542297	47.6192512512
37.2387237549	46.5210380554
38.91639328	46.4270324707
40.5940589905	46.3218002319
42.2717285156	45.8565826416
43.9493942261	45.6485404968
45.6270637512	44.0147476196
47.3047294617	44.7409515381
48.9823989868	45.5491638184
50.6600646973	44.9766616821
52.3377342224	45.6280593872
54.0153999329	42.5209960938
55.693069458	42.7847442627
57.3707351685	43.6384162903
59.0484046936	43.8537559509
60.7260742188	44.604598999
62.4037399292	47.589138031
64.0814056396	51.8392295837
65.7590789795	61.5700912476
67.4367446899	77.2549438477
69.1144104004	96.6364746094
70.7920761108	113.870140076
72.4697494507	125.825485229
74.1474151611	134.070678711
75.8250808716	140.600219727
77.502746582	139.324478149
79.1804199219	137.515670776
80.8580856323	135.793136597
82.5357513428	136.892089844
84.2134246826	139.958343506
85.8910903931	137.486968994
87.5687561035	137.591156006
89.246421814	136.841934204
90.9240951538	137.868713379
92.6017608643	137.308120728
94.2794265747	135.608200073
95.9570922852	135.475204468
97.634765625	135.972640991
99.3124313354	139.067138672
100.990097046	142.888717651
102.667770386	144.874053955
104.345436096	144.229125977
106.023101807	142.910140991
107.700767517	143.735519409
109.378440857	144.92767334
111.056106567	142.622116089
112.733772278	147.294296265
114.411437988	149.878936768
116.089111328	150.088516235
117.766777039	150.889831543
119.444442749	152.974700928
121.122108459	149.472747803
122.799781799	153.866912842
124.47744751	157.340377808
126.15511322	160.882049561
127.83278656	162.794494629
129.510452271	162.789398193
131.18812561	163.8359375
132.865783691	161.554626465
134.543457031	164.191299438
136.221115112	163.4559021
137.898788452	164.385787964
139.576461792	168.489944458
141.254119873	172.952697754
142.931793213	173.568664551
144.609466553	173.699874878
146.287124634	180.160324097
147.964797974	182.488311768
149.642471313	185.562728882
151.320129395	185.663665771
152.997802734	181.654953003
154.675460815	184.603546143
156.353134155	183.630523682
158.030807495	177.929779053
159.708465576	173.868789673
161.386138916	170.646820068
163.063812256	166.119552612
164.741470337	160.684524536
166.419143677	158.473022461
168.096817017	156.814559937
169.774475098	154.138015747
171.452148438	155.052932739
173.129806519	157.073532104
174.807479858	154.984848022
176.485153198	150.67149353
178.162811279	154.457702637
179.840484619	149.049118042
181.518157959	150.952987671
183.19581604	149.598236084
184.87348938	148.429428101
186.55116272	150.007492065
188.228820801	151.286605835
189.906494141	146.753494263
191.584152222	149.559631348
193.261825562	148.737350464
194.939498901	147.623977661
196.617156982	146.31388855
198.294830322	144.432235718
199.972503662	143.478302002
201.650161743	146.029449463
203.327835083	150.149291992
205.005493164	145.146179199
206.683166504	143.755111694
208.360839844	142.413391113
210.038497925	141.223327637
211.716171265	141.128829956
213.393844604	141.898147583
215.071502686	141.664215088
216.749176025	146.32220459
218.426849365	141.089889526
220.104507446	140.595199585
221.782180786	144.760421753
223.459838867	146.126480103
225.137512207	142.186447144
226.815185547	143.318817139
228.492843628	143.283950806
230.170516968	144.296737671
231.848190308	145.15713501
233.525848389	144.686386108
235.203521729	144.317001343
236.881195068	146.001449585
238.558853149	148.783691406
240.236526489	144.286575317
241.91418457	146.297576904
243.59185791	148.610717773
245.26953125	149.845657349
246.947189331	151.400482178
248.624862671	150.249359131
250.302536011	145.554428101
251.980194092	150.926010132
253.657867432	149.273300171
255.335540771	148.452438354
257.013214111	148.444152832
258.690856934	148.380447388
260.368530273	150.165939331
262.046203613	152.241455078
263.723876953	148.729568481
265.401550293	148.748764038
267.079193115	152.225509644
268.756866455	150.214614868
270.434539795	153.350509644
272.112213135	150.662567139
273.789886475	144.801742554
275.467559814	147.563186646
277.145202637	149.075469971
278.822875977	151.815643311
280.500549316	151.152435303
282.178222656	146.813430786
283.855895996	145.246643066
285.533538818	147.001281738
287.211212158	149.360046387
288.888885498	150.79473877
290.566558838	152.279556274
292.244232178	146.41255188
293.921905518	151.023193359
295.59954834	152.80708313
297.27722168	151.334472656
298.95489502	153.052536011
300.632568359	156.879745483
302.310241699	150.422210693
303.987884521	151.673690796
305.665557861	151.86958313
307.343231201	150.522628784
309.020904541	152.27973938
310.698577881	152.457168579
312.376251221	151.704650879
314.053894043	153.847244263
315.731567383	153.967315674
317.409240723	151.042022705
319.086914063	152.436187744
320.764587402	151.73210144
322.442230225	151.389648438
324.119903564	151.644882202
325.797576904	152.105392456
327.475250244	152.809631348
329.152923584	153.13822937
330.830596924	150.626419067
332.508239746	154.545410156
334.185913086	156.918106079
335.863586426	155.719665527
337.541259766	155.751098633
339.218933105	158.053543091
340.896575928	158.309997559
342.574249268	157.386001587
344.251922607	157.984008789
345.929595947	157.938278198
347.607269287	158.036773682
349.284942627	160.124191284
350.962585449	161.715103149
352.640258789	160.854171753
354.317932129	158.52923584
355.995605469	156.101715088
357.673278809	162.248626709
359.350921631	158.262313843
361.028594971	157.43762207
362.706268311	160.099990845
364.38394165	160.172317505
366.06161499	158.201873779
367.73928833	159.451538086
369.416931152	159.171386719
371.094604492	161.522415161
372.772277832	158.32194519
374.449951172	158.55116272
376.127624512	160.197265625
377.805267334	159.783294678
379.482940674	159.506546021
381.160614014	161.50692749
382.838287354	158.999465942
384.515960693	161.677429199
386.193634033	160.224441528
387.871276855	159.917663574
389.548950195	159.005126953
391.226623535	160.488449097
392.904296875	162.066040039
394.581970215	160.458282471
396.259613037	159.290771484
397.937286377	160.045928955
399.614959717	166.715652466
401.292633057	163.628494263
402.970306396	163.717422485
404.647979736	163.280929565
406.325622559	162.103118896
408.003295898	161.000610352
409.680969238	158.714981079
411.358642578	160.193191528
413.036315918	163.518737793
414.71395874	164.102905273
416.39163208	163.980697632
418.06930542	163.957901001
419.74697876	165.366424561
421.4246521	167.071182251
423.102325439	166.625946045
424.779968262	164.773376465
426.457641602	166.404052734
428.135314941	162.039306641
429.812988281	165.639785767
431.490661621	165.099395752
433.168304443	166.142288208
434.845977783	168.065734863
436.523651123	167.414093018
438.201324463	166.425720215
439.878997803	166.827072144
441.556640625	166.344390869
443.234313965	164.016418457
444.911987305	167.550704956
446.589660645	168.233459473
448.267333984	168.057525635
449.945007324	168.67225647
451.622650146	168.407485962
453.300323486	167.025863647
454.977996826	163.337234497
456.655670166	165.120483398
458.333343506	168.008651733
460.010986328	166.454055786
461.688659668	165.237350464
463.366333008	166.559234619
465.044006348	169.177108765
466.721679688	169.495483398
468.399353027	164.602783203
470.07699585	167.938674927
471.754669189	168.807113647
473.432342529	169.858001709
475.110015869	171.450454712
476.787689209	173.464492798
478.465332031	172.891113281
480.143005371	171.158233643
481.820678711	171.866470337
483.498352051	169.730224609
485.176025391	170.185623169
486.85369873	175.468963623
488.531341553	173.796691895
490.209014893	172.183364868
491.886688232	171.277801514
493.564361572	172.642318726
495.242034912	174.548400879
496.919677734	173.010238647
498.597351074	171.367706299
500.275024414	171.006515503
501.952697754	172.795455933
503.630371094	174.888549805
505.308044434	172.242706299
506.985687256	173.759048462
508.663360596	176.997131348
510.341033936	174.969772339
512.018676758	170.917434692
513.696350098	177.154052734
515.374023438	181.540802002
517.051696777	172.549545288
518.729370117	171.723388672
520.407043457	172.952270508
522.084716797	177.127365112
523.762390137	179.41078186
525.440063477	175.951919556
527.117736816	173.021133423
528.795349121	179.44883728
530.473022461	172.543411255
532.150695801	170.255874634
533.828369141	176.731903076
535.50604248	175.693374634
537.18371582	173.588088989
538.86138916	173.950561523
540.5390625	174.798553467
542.21673584	173.834884644
543.89440918	172.545394897
545.57208252	173.690933228
547.249694824	174.962753296
548.927368164	177.799072266
550.605041504	177.728317261
552.282714844	178.417221069
553.960388184	175.572662354
555.638061523	173.442749023
557.315734863	175.409973145
558.993408203	177.904815674
560.671081543	178.924850464
562.348754883	179.233093262
564.026428223	175.982345581
565.704040527	177.427627563
567.381713867	176.73034668
569.059387207	179.664260864
570.737060547	181.42868042
572.414733887	181.101760864
574.092407227	179.894088745
575.770080566	178.183837891
577.447753906	184.218826294
579.125427246	178.6900177
580.803100586	177.001159668
582.480773926	178.64364624
584.15838623	179.304016113
585.83605957	181.099731445
587.51373291	182.190155029
589.19140625	182.191467285
590.86907959	182.513656616
592.54675293	182.104263306
594.22442627	179.508087158
595.902099609	176.473175049
597.579772949	177.294448853
599.257446289	178.501998901
600.935119629	178.955383301
602.612731934	180.198425293
604.290405273	180.167327881
605.968078613	180.207244873
607.645751953	181.568939209
609.323425293	180.614334106
611.001098633	181.744354248
612.678771973	185.276168823
614.356445313	177.850372314
616.034118652	179.776031494
617.711791992	179.212371826
619.389465332	178.260177612
621.067077637	180.207061768
622.744750977	182.942398071
624.422424316	182.65461731
626.100097656	180.585128784
627.777770996	181.809143066
629.455444336	178.749572754
631.133117676	181.170730591
632.810791016	186.016372681
634.488464355	182.684509277
636.166137695	184.281265259
637.843811035	186.830749512
639.52142334	186.980895996
641.19909668	186.713180542
642.87677002	187.464599609
644.554443359	189.92590332
646.232116699	182.787231445
647.909790039	186.855300903
649.587463379	188.335769653
651.265136719	186.704986572
652.942810059	186.594940186
654.620483398	186.907943726
656.298156738	188.515945435
657.975769043	189.308776855
659.653442383	187.388626099
661.331115723	187.098312378
663.008789063	186.069824219
664.686462402	189.137268066
666.364135742	191.739730835
668.041809082	185.318008423
669.719482422	188.410934448
671.397155762	191.940170288
673.074829102	190.655700684
674.752502441	188.343551636
676.430114746	187.49180603
678.107788086	187.737716675
679.785461426	191.388458252
681.463134766	188.208526611
683.140808105	183.758773804
684.818481445	190.843933105
686.496154785	185.997940063
688.173828125	189.780227661
689.851501465	192.012878418
691.529174805	190.425933838
693.206848145	191.966400146
694.884460449	192.863082886
696.562133789	188.150772095
698.239807129	192.962265015
699.917480469	183.931518555
701.595153809	191.838119507
703.272827148	185.121063232
704.950500488	187.11869812
706.628173828	188.852462769
708.305847168	187.422714233
709.983520508	190.702606201
711.661193848	193.301864624
713.338806152	191.590621948
715.016479492	192.522964478
716.694152832	192.937683105
718.371826172	193.430084229
720.049499512	189.173278809
721.727172852	187.969619751
723.404846191	189.615356445
725.082519531	195.017715454
726.760192871	190.869995117
728.437866211	189.257492065
730.115539551	191.799560547
731.793151855	192.752243042
733.470825195	194.529876709
735.148498535	198.460617065
736.826171875	193.924789429
738.503845215	197.177154541
740.181518555	192.44593811
741.859191895	196.430160522
743.536865234	192.735412598
745.214538574	194.778549194
746.892211914	195.190612793
748.569885254	195.52015686
750.247497559	195.421676636
751.925170898	193.270812988
753.602844238	194.063430786
755.280517578	198.950180054
756.958190918	196.810211182
758.635864258	194.028594971
760.313537598	201.079986572
761.991210938	200.454742432
763.668884277	198.834075928
765.346557617	194.400924683
767.024230957	195.352142334
768.701843262	199.264053345
770.379516602	200.476898193
772.057189941	200.76574707
773.734863281	200.855484009
775.412536621	195.077926636
777.090209961	199.124542236
778.767883301	203.211273193
780.445556641	199.405410767
782.12322998	198.078979492
783.80090332	199.819046021
785.47857666	198.42767334
787.156188965	197.13734436
788.833862305	198.832382202
790.511535645	199.813964844
792.189208984	197.055587769
793.866882324	194.738952637
795.544555664	196.30039978
797.222229004	195.597167969
798.899902344	205.593597412
800.577575684	200.660949707
802.255249023	198.960693359
803.932922363	202.726104736
805.610534668	200.303985596
807.288208008	197.06086731
808.965881348	199.225982666
810.643554688	200.663726807
812.321228027	198.210021973
813.998901367	198.119293213
815.676574707	200.336380005
817.354248047	197.032073975
819.031921387	202.832763672
820.709594727	201.467147827
822.387268066	200.97895813
824.064880371	200.93812561
825.742553711	198.061325073
827.420227051	202.338989258
829.097900391	201.884841919
830.77557373	203.268615723
832.45324707	204.202041626
834.13092041	202.968917847
835.80859375	204.275177002
837.48626709	204.366439819
839.16394043	204.213470459
840.84161377	200.144378662
842.519226074	204.260223389
844.196899414	202.468460083
845.874572754	198.029922485
847.552246094	198.744277954
849.229919434	205.805709839
850.907592773	206.662536621
852.585266113	204.73399353
854.262939453	202.858306885
855.940612793	204.760192871
857.618286133	208.649749756
859.295959473	205.136489868
860.973571777	203.087905884
862.651245117	213.134963989
864.328918457	203.513656616
866.006591797	209.528961182
867.684265137	197.079971313
869.361938477	203.539474487
871.039611816	201.641708374
872.717285156	204.591781616
874.394958496	201.698791504
876.072631836	201.16519165
877.750305176	204.704330444
879.42791748	206.353164673
881.10559082	207.942596436
882.78326416	209.220840454
884.4609375	206.994140625
886.13861084	205.575286865
887.81628418	199.180633545
889.49395752	204.5884552
891.171630859	209.232910156
892.849304199	207.702148438
894.526977539	201.995162964
896.204650879	205.387771606
897.882263184	208.973434448
899.559936523	206.064239502
901.237609863	204.548492432
902.915283203	207.534988403
904.592956543	208.196624756
906.270629883	207.300628662
907.948303223	210.260238647
909.625976563	208.069732666
911.303649902	208.330551147
912.981323242	205.305252075
914.658935547	208.566207886
916.336608887	211.023529053
918.014282227	212.156158447
919.691955566	202.153640747
921.369628906	208.121246338
923.047302246	212.595199585
924.724975586	210.774017334
926.402648926	212.32170105
928.080322266	213.485839844
929.757995605	211.153259277
931.435668945	211.506362915
933.11328125	207.315597534
934.79095459	214.167907715
936.46862793	214.721801758
938.14630127	211.016662598
939.823974609	212.651397705
941.501647949	209.874847412
943.179321289	212.329330444
944.856994629	218.993301392
946.534667969	216.987014771
948.212341309	212.705383301
949.890014648	211.436965942
951.567626953	213.597473145
953.245300293	213.832489014
954.922973633	210.311416626
956.600646973	212.002532959
958.278320313	217.247970581
959.955993652	216.366531372
961.633666992	214.688247681
963.311340332	214.856216431
964.989013672	211.055938721
966.666687012	216.561355591
968.344360352	210.480010986
970.021972656	211.233337402
971.699645996	212.416061401
973.377319336	213.915267944
975.054992676	215.205276489
976.732666016	215.28276062
978.410339355	213.417221069
980.088012695	211.046386719
981.765686035	212.322891235
983.443359375	214.056549072
985.121032715	209.159667969
986.798706055	215.38381958
988.476318359	215.415740967
990.153991699	208.511398315
991.831665039	214.90788269
993.509338379	217.838424683
995.187011719	212.832092285
996.864685059	211.302474976
998.542358398	216.662841797
1000.22003174	213.207427979
1001.89770508	210.693450928
1003.57537842	213.074295044
1005.25305176	212.198684692
1006.93066406	211.010925293
1008.6083374	215.387634277
1010.28601074	219.613372803
1011.96368408	221.225982666
1013.64135742	222.428543091
1015.31903076	219.267883301
1016.9967041	224.243255615
1018.67437744	218.723937988
1020.35205078	214.723449707
1022.02972412	226.93170166
1023.70739746	224.21736145
1025.38500977	215.287460327
1027.06274414	218.577331543
1028.74035645	218.958511353
1030.41809082	218.834442139
1032.09570313	220.966583252
1033.7734375	221.730392456
1035.4510498	220.215393066
1037.12866211	217.313293457
1038.80639648	215.971130371
1040.48400879	218.027008057
1042.16174316	219.532196045
1043.83935547	224.320281982
1045.51708984	225.226455688
1047.19470215	220.488769531
1048.87243652	214.748596191
1050.55004883	217.012268066
1052.2277832	225.517593384
1053.90539551	220.815765381
1055.58300781	223.366973877
1057.26074219	221.137207031
1058.93835449	224.562561035
1060.61608887	226.344955444
1062.29370117	223.170608521
1063.97143555	221.337860107
1065.64904785	223.470092773
1067.32678223	225.484100342
1069.00439453	225.711975098
1070.68212891	224.788711548
1072.35974121	221.059585571
1074.03735352	219.167694092
1075.71508789	225.06022644
1077.3927002	223.041427612
1079.07043457	223.024459839
1080.74804688	225.83303833
1082.42578125	223.506774902
1084.10339355	224.142822266
1085.78112793	215.71244812
1087.45874023	224.547164917
1089.13647461	227.338638306
1090.81408691	224.653060913
1092.49169922	222.808303833
1094.16943359	224.265441895
1095.8470459	224.606552124
1097.52478027	226.27053833
1099.20239258	228.355270386
1100.88012695	227.213485718
1102.55773926	225.013519287
1104.23547363	224.441085815
1105.91308594	224.128479004
1107.59069824	224.46395874
1109.26843262	225.363861084
1110.94604492	219.896743774
1112.6237793	226.403411865
1114.3013916	231.787002563
1115.97912598	232.307067871
1117.65673828	222.421234131
1119.33447266	223.123184204
1121.01208496	224.069747925
1122.68981934	226.437026978
1124.36743164	231.047805786
1126.04504395	224.63092041
1127.72277832	224.75453186
1129.40039063	223.674057007
1131.078125	227.344055176
1132.7557373	227.985092163
1134.43347168	227.957458496
1136.11108398	231.354248047
1137.78881836	231.475891113
1139.46643066	228.104415894
1141.14416504	228.313049316
1142.82177734	231.370834351
1144.49938965	230.877746582
1146.17712402	229.493103027
1147.85473633	225.691299438
1149.5324707	225.970245361
1151.21008301	229.545669556
1152.88781738	235.483108521
1154.56542969	226.49041748
1156.24316406	228.277053833
1157.92077637	229.576675415
1159.59851074	235.134552002
1161.27612305	231.135787964
1162.95373535	227.631332397
1164.63146973	229.354293823
1166.30908203	232.295410156
1167.98681641	231.341247559
1169.66442871	228.999954224
1171.34216309	225.800491333
1173.01977539	228.167221069
1174.69750977	232.568939209
1176.37512207	233.946044922
1178.05285645	233.135131836
1179.73046875	232.38684082
1181.40808105	231.678665161
1183.08581543	229.595306396
1184.76342773	231.20072937
1186.44116211	228.043884277
1188.11877441	229.617828369
1189.79650879	234.275772095
1191.47412109	232.731369019
1193.15185547	231.66003418
1194.82946777	230.504653931
1196.50720215	234.061386108
1198.18481445	236.834640503
1199.86242676	229.173400879
1201.54016113	235.112167358
1203.21777344	226.821762085
1204.89550781	231.294876099
1206.57312012	229.113647461
1208.25085449	229.849182129
1209.9284668	229.314788818
1211.60620117	226.434692383
1213.28381348	227.402984619
1214.96154785	230.538116455
1216.63916016	229.458145142
1218.31677246	233.124282837
1219.99450684	235.399719238
1221.67211914	232.963272095
1223.34985352	234.701766968
1225.02746582	237.42427063
1226.7052002	238.935119629
1228.3828125	238.600769043
1230.06054688	236.228683472
1231.73815918	236.731796265
1233.41589355	235.096694946
1235.09350586	233.418273926
1236.77111816	239.414871216
1238.44885254	238.973602295
1240.12646484	237.767608643
1241.80419922	237.044692993
1243.48181152	241.965621948
1245.1595459	241.797348022
1246.8371582	240.902862549
1248.51489258	238.662734985
1250.19250488	242.456192017
1251.87023926	244.236114502
1253.54785156	240.691375732
1255.22546387	241.643112183
1256.90319824	241.837265015
1258.58081055	236.506195068
1260.25854492	240.847869873
1261.93615723	238.754806519
1263.6138916	239.409072876
1265.29150391	242.386383057
1266.96923828	243.336196899
1268.64685059	241.176818848
1270.32458496	244.401885986
1272.00219727	244.022445679
1273.67980957	240.281036377
1275.35754395	241.407852173
1277.03515625	243.505142212
1278.71289063	245.678924561
1280.39050293	243.747817993
1282.0682373	243.558105469
1283.74584961	242.377548218
1285.42358398	242.296783447
1287.10119629	246.362915039
1288.77893066	241.320755005
1290.45654297	241.84223938
1292.13415527	243.232559204
1293.81188965	246.663421631
1295.48950195	245.938308716
1297.16723633	239.546081543
1298.84484863	242.743103027
1300.52258301	243.414367676
1302.20019531	248.710327148
1303.87792969	242.406906128
1305.55554199	240.612731934
1307.23327637	247.72605896
1308.91088867	242.91809082
1310.58850098	246.134841919
1312.26623535	244.383544922
1313.94384766	245.776245117
1315.62158203	244.589508057
1317.29919434	248.930938721
1318.97692871	252.454376221
1320.65454102	252.954452515
1322.33227539	251.101928711
1324.0098877	255.391937256
1325.68762207	254.467285156
1327.36523438	255.799728394
1329.04284668	252.298202515
1330.72058105	252.022628784
1332.39819336	256.533935547
1334.07592773	254.638626099
1335.75354004	258.562530518
1337.43127441	262.33102417
1339.10888672	261.105010986
1340.78662109	263.035186768
1342.4642334	263.013793945
1344.14196777	265.815307617
1345.81958008	270.529968262
1347.49719238	268.437011719
1349.17492676	264.400299072
1350.85253906	263.059020996
1352.53027344	260.077453613
1354.20788574	256.066009521
1355.88562012	256.953460693
1357.56323242	258.386810303
1359.2409668	257.320465088
1360.9185791	257.94317627
1362.59631348	255.456283569
1364.27392578	258.406921387
1365.95153809	257.244567871
1367.62927246	259.280059814
1369.30688477	258.050018311
1370.98461914	247.117935181
1372.66223145	256.802886963
1374.33996582	254.715087891
1376.01757813	250.562454224
1377.6953125	251.013031006
1379.3729248	251.485321045
1381.05065918	256.672424316
1382.72827148	248.884674072
1384.40588379	254.689819336
1386.08361816	247.830184937
1387.76123047	247.903594971
1389.43896484	250.094360352
1391.11657715	249.498336792
1392.79431152	252.873641968
1394.47192383	257.515136719
1396.1496582	251.250946045
1397.82727051	251.458068848
1399.50500488	247.093185425
1401.18261719	253.479721069
1402.86022949	253.00680542
1404.53796387	251.859085083
1406.21557617	250.698638916
1407.89331055	249.461639404
1409.57092285	253.968353271
1411.24865723	250.833679199
1412.92626953	254.416229248
1414.60400391	256.084014893
1416.28161621	248.912246704
1417.95935059	249.929733276
1419.63696289	254.680725098
1421.3145752	257.094512939
1422.99230957	255.140014648
1424.66992188	252.082138062
1426.34765625	255.077545166
1428.02526855	255.008285522
1429.70300293	255.502761841
1431.38061523	256.483398438
1433.05834961	255.291915894
1434.73596191	259.317932129
1436.41369629	258.976196289
1438.09130859	258.027374268
1439.7689209	256.470153809
1441.44665527	251.903656006
1443.12426758	255.394546509
1444.80200195	259.462158203
1446.47961426	258.482971191
1448.15734863	257.971099854
1449.83496094	261.29510498
1451.51269531	261.582427979
1453.19030762	258.293151855
1454.86804199	263.280456543
1456.5456543	267.646362305
1458.2232666	266.293273926
1459.90100098	267.628082275
1461.57861328	265.586486816
1463.25634766	261.566772461
1464.93395996	268.011260986
1466.61169434	267.668487549
1468.28930664	267.190032959
1469.96704102	264.772247314
1471.64465332	261.727172852
1473.3223877	268.766387939
1475	265.402435303
1476.6776123	266.87512207
1478.35534668	266.754333496
1480.03295898	264.437042236
1481.71069336	265.144226074
1483.38830566	264.922241211
1485.06604004	266.597900391
1486.74365234	268.75378418
1488.42138672	271.952331543
1490.09899902	265.840393066
1491.7767334	272.369110107
1493.4543457	269.516479492
1495.13195801	273.689025879
1496.80969238	272.414672852
1498.48730469	269.841064453
1500.16503906	269.469512939
1501.84265137	268.13470459
1503.52038574	271.801055908
1505.19799805	276.65725708
1506.87573242	276.311828613
1508.55334473	274.096343994
1510.2310791	273.298675537
1511.90869141	278.335388184
1513.58630371	284.076477051
1515.26403809	282.571868896
1516.94165039	282.720489502
1518.61938477	278.169891357
1520.29699707	283.967041016
1521.97473145	285.733581543
1523.65234375	288.147247314
1525.33007813	292.568908691
1527.00769043	296.410644531
1528.6854248	300.768096924
1530.36303711	301.014648438
1532.04064941	307.838348389
1533.71838379	312.070251465
1535.39599609	316.038269043
1537.07373047	324.625091553
1538.75134277	333.356170654
1540.42907715	335.623016357
1542.10668945	341.697265625
1543.78442383	356.307495117
1545.46203613	362.105895996
1547.13977051	374.039794922
1548.81738281	387.470275879
1550.49499512	409.251220703
1552.17272949	416.704437256
1553.8503418	442.864105225
1555.52807617	460.52130127
1557.20568848	486.541564941
1558.88342285	515.612792969
1560.56103516	541.677856445
1562.23876953	570.869934082
1563.91638184	606.859558105
1565.59411621	633.754150391
1567.27172852	668.057434082
1568.94934082	701.468444824
1570.6270752	741.74810791
1572.3046875	765.18762207
1573.98242188	787.011474609
1575.66003418	787.823730469
1577.33776855	784.369384766
1579.01538086	780.599304199
1580.69311523	789.132507324
1582.37072754	829.377258301
1584.04846191	924.54699707
1585.72607422	1073.95043945
1587.40368652	1256.62194824
1589.0814209	1446.7902832
1590.7590332	1576.43945313
1592.43676758	1591.66784668
1594.11437988	1503.86413574
1595.79211426	1377.67028809
1597.46972656	1227.94763184
1599.14746094	1077.00488281
1600.82507324	936.20904541
1602.50280762	816.421203613
1604.18041992	722.118347168
1605.85803223	650.521911621
1607.5357666	585.269348145
1609.21337891	529.021911621
1610.89111328	488.782287598
1612.56872559	459.822845459
1614.24645996	429.001068115
1615.92407227	400.705871582
1617.60180664	382.205505371
1619.27941895	367.716400146
1620.95715332	352.614135742
1622.63476563	339.311248779
1624.31237793	330.989135742
1625.9901123	325.644683838
1627.66772461	312.753753662
1629.34545898	308.03237915
1631.02307129	308.194488525
1632.70080566	300.970611572
1634.37841797	297.464202881
1636.05615234	292.731201172
1637.73376465	288.956756592
1639.41149902	286.353118896
1641.08911133	286.608764648
1642.76672363	282.105712891
1644.44445801	277.149627686
1646.12207031	278.348999023
1647.79980469	280.149963379
1649.47741699	281.408355713
1651.15515137	277.895385742
1652.83276367	274.535736084
1654.51049805	277.873840332
1656.18811035	278.99911499
1657.86584473	273.343231201
1659.54345703	279.39151001
1661.22106934	270.891448975
1662.89880371	271.200592041
1664.57641602	275.16229248
1666.25415039	270.3621521
1667.9317627	272.846313477
1669.60949707	275.457611084
1671.28710938	271.373291016
1672.96484375	275.441040039
1674.64245605	267.680511475
1676.32019043	267.240692139
1677.99780273	271.905700684
1679.67541504	273.227203369
1681.35314941	274.947509766
1683.03076172	272.489654541
1684.70849609	272.243469238
1686.3861084	272.330444336
1688.06384277	273.558837891
1689.74145508	273.09588623
1691.41918945	272.228973389
1693.09680176	269.058349609
1694.77453613	268.782623291
1696.45214844	273.297363281
1698.12976074	270.944793701
1699.80749512	272.871063232
1701.48510742	276.4112854
1703.1628418	275.174987793
1704.8404541	277.697174072
1706.51818848	275.494720459
1708.19580078	278.526153564
1709.87353516	275.169494629
1711.55114746	273.897888184
1713.22888184	278.251190186
1714.90649414	277.809906006
1716.58410645	274.492919922
1718.26184082	274.326873779
1719.93945313	275.968658447
1721.6171875	274.161804199
1723.2947998	275.932067871
1724.97253418	279.025756836
1726.65014648	279.628967285
1728.32788086	280.737518311
1730.00549316	276.524597168
1731.68322754	277.525146484
1733.36083984	279.312469482
1735.03845215	283.592224121
1736.71618652	284.292877197
1738.39379883	281.412261963
1740.0715332	283.127319336
1741.74914551	284.487701416
1743.42687988	285.036895752
1745.10449219	282.210418701
1746.78222656	282.352905273
1748.45983887	282.123321533
1750.13757324	279.43548584
1751.81518555	277.93649292
1753.49279785	277.447723389
1755.17053223	277.50567627
1756.84814453	277.027282715
1758.52587891	277.296234131
1760.20349121	278.315673828
1761.88122559	278.91897583
1763.55883789	279.059417725
1765.23657227	278.492370605
1766.91418457	275.916351318
1768.59191895	276.582366943
1770.26953125	274.262573242
1771.94714355	272.571502686
1773.62487793	274.07901001
1775.30249023	273.214324951
1776.98022461	273.99407959
1778.65783691	275.632110596
1780.33557129	272.757385254
1782.01318359	270.401062012
1783.69091797	272.310058594
1785.36853027	270.90524292
1787.04626465	276.552764893
1788.72387695	272.01953125
1790.40148926	266.495758057
1792.07922363	282.572784424
1793.75683594	264.280273438
1795.43457031	271.464660645
1797.11218262	279.369995117
1798.78991699	274.10144043
1800.4675293	269.285186768
1802.14526367	270.192321777
1803.82287598	272.566070557
1805.50061035	271.066497803
1807.17822266	273.43737793
1808.85583496	272.581176758
1810.53356934	270.608978271
1812.21118164	269.495849609
1813.88891602	271.573791504
1815.56652832	270.598815918
1817.2442627	273.430175781
1818.921875	271.984161377
1820.59960938	271.484069824
1822.27722168	271.238647461
1823.95495605	272.934814453
1825.63256836	271.535491943
1827.31018066	269.593505859
1828.98791504	270.869049072
1830.66552734	269.748931885
1832.34326172	269.836090088
1834.02087402	271.402801514
1835.6986084	270.416564941
1837.3762207	272.046600342
1839.05395508	268.518218994
1840.73156738	268.854187012
1842.40930176	267.640136719
1844.08691406	264.282897949
1845.76452637	271.628845215
1847.44226074	269.840942383
1849.11987305	266.424072266
1850.79760742	266.803253174
1852.47521973	265.81817627
1854.1529541	272.558563232
1855.83056641	275.088928223
1857.50830078	272.510131836
1859.18591309	268.435272217
1860.86352539	270.920318604
1862.54125977	268.415344238
1864.21887207	267.26776123
1865.89660645	268.488769531
1867.57421875	269.266998291
1869.25195313	268.114624023
1870.92956543	268.759521484
1872.6072998	270.532104492
1874.28491211	268.414703369
1875.96264648	269.332458496
1877.64025879	263.285827637
1879.31787109	267.543914795
1880.99560547	267.12878418
1882.67321777	267.125823975
1884.35095215	269.625305176
1886.02856445	270.195892334
1887.70629883	267.847351074
1889.38391113	266.821502686
1891.06164551	272.489593506
1892.73925781	267.392303467
1894.41699219	266.816345215
1896.09460449	273.883026123
1897.7722168	273.004455566
1899.44995117	270.513031006
1901.12756348	268.866973877
1902.80529785	267.370788574
1904.48291016	265.093902588
1906.16064453	265.750427246
1907.83825684	264.068237305
1909.51599121	263.13494873
1911.19360352	263.217468262
1912.87133789	266.691009521
1914.5489502	267.88482666
1916.2265625	267.403106689
1917.90429688	264.717834473
1919.58190918	266.439453125
1921.25964355	266.751037598
1922.93725586	267.634033203
1924.61499023	271.208892822
1926.29260254	269.029174805
1927.97033691	264.660705566
1929.64794922	271.735687256
1931.32568359	269.862915039
1933.0032959	263.037261963
1934.6809082	266.342407227
1936.35864258	267.967895508
1938.03625488	270.652984619
1939.71398926	268.620574951
1941.39160156	268.783752441
1943.06933594	268.134002686
1944.74694824	266.989440918
1946.42468262	268.962158203
1948.10229492	269.308502197
1949.7800293	270.328033447
1951.4576416	268.472595215
1953.13525391	268.307128906
1954.81298828	264.520111084
1956.49060059	267.96182251
1958.16833496	269.527038574
1959.84594727	268.634490967
1961.52368164	267.774993896
1963.20129395	268.753295898
1964.87902832	265.039825439
1966.55664063	276.133178711
1968.234375	266.637420654
1969.9119873	270.982086182
1971.58959961	269.599456787
1973.26733398	267.724060059
1974.94494629	271.669799805
1976.62268066	271.234130859
1978.30029297	268.961669922
1979.97802734	265.835388184
1981.65563965	263.958831787
1983.33337402	264.288970947
1985.01098633	268.032897949
1986.6887207	265.25302124
1988.36633301	265.835632324
1990.04394531	267.068450928
1991.72167969	266.903015137
1993.39929199	270.030090332
1995.07702637	265.159667969
1996.75463867	263.048156738
1998.43237305	270.127563477
2000.10998535	266.622741699
2001.78771973	266.358551025
2003.46533203	267.301727295
2005.14306641	267.439453125
2006.82067871	270.31439209
2008.49829102	264.781646729
2010.17602539	264.453948975
2011.8536377	265.551269531
2013.53137207	269.627166748
2015.20898438	269.957366943
2016.88671875	267.295349121
2018.56433105	268.089294434
2020.24206543	267.763702393
2021.91967773	267.292999268
2023.59741211	259.053405762
2025.27502441	268.899291992
2026.95263672	268.102294922
2028.63037109	263.656768799
2030.3079834	264.919433594
2031.98571777	262.359283447
2033.66333008	264.800506592
2035.34106445	266.066589355
2037.01867676	261.604980469
2038.69641113	264.966461182
2040.37402344	268.484832764
2042.05175781	263.917755127
2043.72937012	261.440765381
2045.40698242	263.156005859
2047.0847168	261.227142334
2048.76245117	263.230163574
2050.43994141	266.029937744
2052.11767578	258.394287109
2053.79541016	266.331817627
2055.47314453	264.102752686
2057.15063477	261.740203857
2058.82836914	264.405487061
2060.50610352	267.533508301
2062.18383789	262.08581543
2063.86132813	266.790130615
2065.5390625	266.635040283
2067.21679688	265.755432129
2068.89428711	267.26373291
2070.57202148	266.08001709
2072.24975586	266.070251465
2073.92749023	262.191833496
2075.60498047	261.848999023
2077.28271484	261.758911133
2078.96044922	265.09487915
2080.63818359	261.435089111
2082.31567383	269.150878906
2083.9934082	261.622497559
2085.67114258	261.501281738
2087.34863281	268.426177979
2089.02636719	271.271270752
2090.70410156	260.696014404
2092.38183594	259.025604248
2094.05932617	265.78302002
2095.73706055	265.163146973
2097.41479492	263.145019531
2099.0925293	260.710571289
2100.77001953	262.043823242
2102.44775391	265.160064697
2104.12548828	265.233093262
2105.80297852	265.504699707
2107.48071289	264.907653809
2109.15844727	266.27746582
2110.83618164	264.475646973
2112.51367188	259.140899658
2114.19140625	267.75302124
2115.86914063	264.283172607
2117.546875	264.573486328
2119.22436523	260.998840332
2120.90209961	261.890014648
2122.57983398	262.420501709
2124.25732422	263.9737854
2125.93505859	264.084472656
2127.61279297	263.063079834
2129.29052734	265.496887207
2130.96801758	266.87713623
2132.64575195	266.440490723
2134.32348633	266.378601074
2136.0012207	262.294586182
2137.67871094	265.639678955
2139.35644531	264.679077148
2141.03417969	265.440460205
2142.71166992	264.800354004
2144.3894043	263.596740723
2146.06713867	263.928771973
2147.74487305	264.786010742
2149.42236328	264.02822876
2151.10009766	265.57598877
2152.77783203	263.413787842
2154.45556641	270.782806396
2156.13305664	261.697662354
2157.81079102	263.539855957
2159.48852539	262.820953369
2161.16601563	261.068725586
2162.84375	261.424621582
2164.52148438	266.777587891
2166.19921875	268.114776611
2167.87670898	265.543426514
2169.55444336	263.676757813
2171.23217773	265.500061035
2172.90991211	262.963470459
2174.58740234	262.765350342
2176.26513672	263.539428711
2177.94287109	265.108947754
2179.62036133	262.24911499
2181.2980957	263.540344238
2182.97583008	263.000274658
2184.65356445	266.159454346
2186.33105469	261.864013672
2188.00878906	261.26763916
2189.68652344	261.366088867
2191.36425781	263.868743896
2193.04174805	260.80178833
2194.71948242	264.013061523
2196.3972168	266.111785889
2198.07470703	262.85534668
2199.75244141	261.643951416
2201.43017578	261.016937256
2203.10791016	261.442138672
2204.78540039	259.886322021
2206.46313477	264.113800049
2208.14086914	260.203765869
2209.81860352	265.361877441
2211.49609375	266.533935547
2213.17382813	265.266143799
2214.8515625	262.23815918
2216.52905273	264.287384033
2218.20678711	263.260803223
2219.88452148	258.796813965
2221.56225586	262.304260254
2223.23974609	264.093902588
2224.91748047	260.278930664
2226.59521484	254.62612915
2228.27294922	262.492523193
2229.95043945	262.135986328
2231.62817383	263.083190918
2233.3059082	265.718231201
2234.98339844	262.508300781
2236.66113281	263.89944458
2238.33886719	264.964172363
2240.01660156	264.259490967
2241.6940918	261.571746826
2243.37182617	262.884796143
2245.04956055	262.780426025
2246.72705078	263.315002441
2248.40478516	262.747558594
2250.08251953	260.665710449
2251.76025391	263.013031006
2253.43774414	263.950592041
2255.11547852	263.8152771
2256.79321289	258.463134766
2258.47094727	258.80456543
2260.1484375	260.534729004
2261.82617188	258.057769775
2263.50390625	260.773223877
2265.18139648	254.206192017
2266.85913086	258.202606201
2268.53686523	257.584991455
2270.21459961	260.724212646
2271.89208984	259.475769043
2273.56982422	261.390563965
2275.24755859	262.312530518
2276.92529297	260.534301758
2278.6027832	261.664733887
2280.28051758	259.244018555
2281.95825195	265.549102783
2283.63574219	262.431976318
2285.31347656	264.144897461
2286.99121094	260.921386719
2288.66894531	258.582061768
2290.34643555	260.276977539
2292.02416992	260.128540039
2293.7019043	259.9375
2295.37963867	262.581390381
2297.05712891	258.829376221
2298.73486328	258.734771729
2300.41259766	261.614440918
2302.09008789	256.510223389
2303.76782227	256.271453857
2305.44555664	260.669494629
2307.12329102	259.030609131
2308.80078125	258.994598389
2310.47851563	257.356048584
2312.15625	261.864105225
2313.83398438	262.063293457
2315.51147461	254.415618896
2317.18920898	258.080566406
2318.86694336	257.02911377
2320.54443359	260.830566406
2322.22216797	256.687225342
2323.89990234	258.063842773
2325.57763672	258.311676025
2327.25512695	257.04196167
2328.93286133	260.027923584
2330.6105957	263.686279297
2332.28833008	264.344024658
2333.96582031	256.271850586
2335.64355469	261.456604004
2337.32128906	253.910476685
2338.9987793	256.967498779
2340.67651367	260.002441406
2342.35424805	260.85836792
2344.03198242	261.650878906
2345.70947266	258.335693359
2347.38720703	253.698501587
2349.06494141	257.621002197
2350.74267578	261.220062256
2352.42016602	253.914215088
2354.09790039	258.379516602
2355.77563477	257.513275146
2357.453125	253.09286499
2359.13085938	257.640136719
2360.80859375	260.340820313
2362.48632813	261.830413818
2364.16381836	258.113555908
2365.84155273	260.871124268
2367.51928711	255.582702637
2369.19702148	256.039398193
2370.87451172	256.342712402
2372.55224609	256.054046631
2374.22998047	259.927429199
2375.9074707	258.269104004
2377.58520508	259.921112061
2379.26293945	261.670776367
2380.94067383	259.862976074
2382.61816406	255.352355957
2384.29589844	253.391098022
2385.97363281	264.817260742
2387.65136719	254.838104248
2389.32885742	254.30682373
2391.0065918	253.835159302
2392.68432617	255.806640625
2394.36181641	257.398895264
2396.03955078	261.366638184
2397.71728516	260.814025879
2399.39501953	258.01675415
2401.07250977	260.206237793
2402.75024414	255.105178833
2404.42797852	259.332641602
2406.10571289	257.295562744
2407.78320313	260.836700439
2409.4609375	257.302520752
2411.13867188	255.573394775
2412.81616211	258.525268555
2414.49389648	264.107055664
2416.17163086	261.390869141
2417.84936523	252.692276001
2419.52685547	256.887573242
2421.20458984	260.434051514
2422.88232422	258.125244141
2424.56005859	256.026947021
2426.23754883	263.613494873
2427.9152832	262.13885498
2429.59301758	259.952636719
2431.27050781	260.089660645
2432.94824219	258.192047119
2434.62597656	262.752441406
2436.30371094	260.011962891
2437.98120117	261.4347229
2439.65893555	261.541015625
2441.33666992	263.137084961
2443.0144043	262.19052124
2444.69189453	260.410644531
2446.36962891	261.591644287
2448.04736328	267.286560059
2449.72485352	264.54776001
2451.40258789	263.632904053
2453.08032227	261.814056396
2454.75805664	261.264343262
2456.43554688	264.730651855
2458.11328125	256.379272461
2459.79101563	254.808258057
2461.46875	262.707580566
2463.14624023	259.059082031
2464.82397461	261.444519043
2466.50170898	261.208740234
2468.17919922	260.200317383
2469.85693359	262.081695557
2471.53466797	262.940338135
2473.21240234	258.797302246
2474.88989258	258.889556885
2476.56762695	259.785797119
2478.24536133	266.188079834
2479.9230957	260.608612061
2481.60058594	258.920043945
2483.27832031	258.701660156
2484.95605469	261.646148682
2486.63354492	263.30078125
2488.3112793	263.514770508
2489.98901367	262.361785889
2491.66674805	254.105560303
2493.34423828	255.455917358
2495.02197266	258.752319336
2496.69970703	260.21762085
2498.37744141	261.119659424
2500.05493164	258.346099854
2501.73266602	258.702270508
2503.41040039	256.294158936
2505.08789063	258.033813477
2506.765625	259.966308594
2508.44335938	254.012680054
2510.12109375	253.860656738
2511.79858398	255.39125061
2513.47631836	258.767913818
2515.15405273	255.476501465
2516.83178711	254.699157715
2518.50927734	261.842315674
2520.18701172	262.711700439
2521.86474609	255.993515015
2523.54223633	259.064422607
2525.2199707	255.17640686
2526.89770508	256.941680908
2528.57543945	256.104644775
2530.25292969	259.337310791
2531.93066406	260.837921143
2533.60839844	255.180099487
2535.28613281	249.97265625
2536.96362305	256.442199707
2538.64135742	259.159088135
2540.3190918	254.337814331
2541.99658203	257.452026367
2543.67431641	258.586730957
2545.35205078	259.439331055
2547.02978516	258.929748535
2548.70727539	259.382232666
2550.38500977	256.208099365
2552.06274414	254.574081421
2553.74047852	251.984390259
2555.41796875	254.265884399
2557.09570313	257.622039795
2558.7734375	258.715789795
2560.45092773	259.444000244
2562.12866211	259.866271973
2563.80639648	253.31640625
2565.48413086	252.470092773
2567.16162109	254.873184204
2568.83935547	254.560684204
2570.51708984	257.322052002
2572.19482422	258.266784668
2573.87231445	258.333770752
2575.55004883	256.907073975
2577.2277832	254.260910034
2578.90527344	258.585235596
2580.58300781	258.953643799
2582.26074219	258.109436035
2583.93847656	259.338439941
2585.6159668	256.90838623
2587.29370117	259.72454834
2588.97143555	261.262420654
2590.64916992	261.180938721
2592.32666016	260.932647705
2594.00439453	258.506774902
2595.68212891	258.466308594
2597.35961914	262.97543335
2599.03735352	262.49029541
2600.71508789	261.22543335
2602.39282227	260.029998779
2604.0703125	260.939971924
2605.74804688	263.254699707
2607.42578125	267.377441406
2609.10351563	260.015563965
2610.78100586	269.875549316
2612.45874023	263.786102295
2614.13647461	264.294677734
2615.81396484	268.218048096
2617.49169922	267.572235107
2619.16943359	268.164428711
2620.84716797	270.403961182
2622.5246582	268.068328857
2624.20239258	271.063934326
2625.88012695	273.236083984
2627.55786133	272.954620361
2629.23535156	274.945068359
2630.91308594	277.41204834
2632.59082031	281.476745605
2634.26831055	282.325653076
2635.94604492	282.004272461
2637.6237793	285.4637146
2639.30151367	286.369537354
2640.97900391	290.432861328
2642.65673828	288.509094238
2644.33447266	292.072967529
2646.01220703	297.5987854
2647.68969727	307.037567139
2649.36743164	304.171447754
2651.04516602	305.213378906
2652.72265625	313.848602295
2654.40039063	319.494781494
2656.078125	323.059844971
2657.75585938	329.977813721
2659.43334961	331.057922363
2661.11108398	336.257873535
2662.78881836	340.703918457
2664.46655273	355.281738281
2666.14404297	362.673797607
2667.82177734	371.151367188
2669.49951172	378.342468262
2671.17700195	390.158935547
2672.85473633	397.097106934
2674.5324707	401.16607666
2676.21020508	401.388671875
2677.88769531	417.559509277
2679.56542969	420.428070068
2681.24316406	419.338653564
2682.92089844	422.24395752
2684.59838867	429.287567139
2686.27612305	424.130401611
2687.95385742	421.99798584
2689.63134766	412.889282227
2691.30908203	407.996734619
2692.98681641	396.42401123
2694.66455078	396.769042969
2696.34204102	379.156707764
2698.01977539	372.072540283
2699.69750977	360.546783447
2701.37524414	353.470001221
2703.05273438	343.798583984
2704.73046875	333.288116455
2706.40820313	331.87109375
2708.08569336	323.46887207
2709.76342773	315.273956299
2711.44116211	307.230499268
2713.11889648	304.939208984
2714.79638672	305.818572998
2716.47412109	294.538360596
2718.15185547	293.824432373
2719.82958984	284.601074219
2721.50708008	281.423828125
2723.18481445	284.038391113
2724.86254883	277.73336792
2726.54003906	272.412994385
2728.21777344	270.457336426
2729.89550781	273.38269043
2731.57324219	271.4246521
2733.25073242	269.003875732
2734.9284668	263.999603271
2736.60620117	263.745178223
2738.28393555	259.217681885
2739.96142578	255.664016724
2741.63916016	258.321411133
2743.31689453	262.217559814
2744.99438477	257.833343506
2746.67211914	252.86882019
2748.34985352	253.19821167
2750.02758789	257.400390625
2751.70507813	256.485870361
2753.3828125	251.735412598
2755.06054688	252.129013062
2756.73828125	252.287353516
2758.41577148	248.609451294
2760.09350586	248.430114746
2761.77124023	242.880142212
2763.44873047	249.861465454
2765.12646484	244.510513306
2766.80419922	242.130233765
2768.48193359	246.215560913
2770.15942383	244.206192017
2771.8371582	248.050964355
2773.51489258	246.323944092
2775.19262695	244.951324463
2776.87011719	242.509399414
2778.54785156	245.792541504
2780.22558594	245.380874634
2781.90307617	243.532226563
2783.58081055	243.175704956
2785.25854492	240.669418335
2786.9362793	239.996536255
2788.61376953	239.84854126
2790.29150391	240.950500488
2791.96923828	239.414474487
2793.64697266	243.495407104
2795.32446289	240.940063477
2797.00219727	239.506988525
2798.67993164	237.509719849
2800.35742188	235.22769165
2802.03515625	235.792663574
2803.71289063	235.482299805
2805.390625	239.020996094
2807.06811523	238.558181763
2808.74584961	238.765579224
2810.42358398	235.431167603
2812.10131836	241.570846558
2813.77880859	238.500762939
2815.45654297	237.788925171
2817.13427734	235.897247314
2818.81176758	236.04006958
2820.48950195	238.807022095
2822.16723633	240.668258667
2823.8449707	233.888595581
2825.52246094	237.158355713
2827.20019531	238.099822998
2828.87792969	237.079788208
2830.55566406	235.277114868
2832.2331543	235.850006104
2833.91088867	232.682769775
2835.58862305	235.84602356
2837.26611328	235.127182007
2838.94384766	235.787338257
2840.62158203	236.916885376
2842.29931641	235.567230225
2843.97680664	237.900878906
2845.65454102	235.333465576
2847.33227539	235.834503174
2849.01000977	238.265869141
2850.6875	234.233886719
2852.36523438	238.978912354
2854.04296875	234.672775269
2855.72045898	239.401565552
2857.39819336	236.333129883
2859.07592773	236.547821045
2860.75366211	239.752288818
2862.43115234	234.011764526
2864.10888672	237.183914185
2865.78662109	241.089706421
2867.46435547	237.166488647
2869.1418457	238.483856201
2870.81958008	240.254653931
2872.49731445	240.154876709
2874.17480469	238.788284302
2875.85253906	240.215957642
2877.53027344	239.225814819
2879.20800781	239.098709106
2880.88549805	233.865341187
2882.56323242	236.363128662
2884.2409668	236.581390381
2885.91870117	235.59161377
2887.59619141	235.672683716
2889.27392578	237.525726318
2890.95166016	234.459716797
2892.62915039	232.347122192
2894.30688477	236.428283691
2895.98461914	232.045303345
2897.66235352	236.945770264
2899.33984375	235.662475586
2901.01757813	236.429504395
2902.6953125	238.545654297
2904.37304688	234.085021973
2906.05053711	234.874282837
2907.72827148	237.179885864
2909.40600586	236.905029297
2911.08349609	237.728622437
2912.76123047	235.84324646
2914.43896484	234.029464722
2916.11669922	235.27243042
2917.79418945	236.508636475
2919.47192383	240.005172729
2921.1496582	234.051574707
2922.82739258	236.316146851
2924.50488281	238.193572998
2926.18261719	237.461181641
2927.86035156	235.869827271
2929.5378418	234.356872559
2931.21557617	231.81086731
2932.89331055	235.276519775
2934.57104492	233.054962158
2936.24853516	234.3565979
2937.92626953	236.253921509
2939.60400391	231.874084473
2941.28173828	236.683990479
2942.95922852	233.406448364
2944.63696289	229.962432861
2946.31469727	232.605636597
2947.9921875	235.568206787
2949.66992188	234.804656982
2951.34765625	233.77545166
2953.02539063	232.762496948
2954.70288086	231.771713257
2956.38061523	231.621047974
2958.05834961	234.037841797
2959.73608398	235.584487915
2961.41357422	230.955184937
2963.09130859	234.36000061
2964.76904297	227.915252686
2966.4465332	232.313430786
2968.12426758	227.797164917
2969.80200195	229.107131958
2971.47973633	233.932495117
2973.15722656	226.494537354
2974.83496094	233.608123779
2976.51269531	234.190933228
2978.19042969	228.920837402
2979.86791992	227.73991394
2981.5456543	228.06968689
2983.22338867	229.528839111
2984.90087891	225.351074219
2986.57861328	226.157592773
2988.25634766	224.217056274
2989.93408203	224.286682129
2991.61157227	221.720092773
2993.28930664	225.784790039
2994.96704102	223.381561279
2996.64477539	225.482589722
2998.32226563	224.650146484
3000	224.038223267
