-50	50.7005577087
-48.6593399048	50.2385368347
-47.3186798096	50.9388809204
-45.9780235291	51.9562454224
-44.6373634338	51.4951858521
-43.2967033386	54.1796798706
-41.9560432434	55.3711280823
-40.6153831482	54.4107475281
-39.2747268677	52.8561019897
-37.9340667725	54.4676361084
-36.5934066772	56.8265266418
-35.252746582	57.5114364624
-33.9120864868	57.3426742554
-32.5714302063	57.2094459534
-31.2307701111	57.6198692322
-29.8901100159	57.3943099976
-28.5494499207	59.0508918762
-27.2087917328	60.9179267883
-25.8681316376	62.5183372498
-24.5274734497	63.6496315002
-23.1868133545	64.3807754517
-21.8461532593	67.2607727051
-20.5054950714	67.8807525635
-19.1648349762	71.1849975586
-17.824174881	76.8986434937
-16.4835166931	83.1304626465
-15.1428575516	89.1530151367
-13.8021974564	98.3818130493
-12.4615383148	123.804077148
-11.1208791733	175.396911621
-9.78022003174	298.81350708
-8.4395608902	719.530761719
-7.09890127182	2620.14697266
-5.75824165344	11757.4326172
-4.4175825119	12188.8427734
-3.07692313194	10419.5742188
-1.73626375198	10059.4716797
-0.395604401827	7062.34423828
0.94505494833	8597.65820313
2.28571438789	6149.11865234
3.62637352943	3336.16699219
4.96703290939	1453.50280762
6.30769252777	628.91986084
7.64835166931	161.6144104
8.98901081085	101.924972534
10.3296699524	83.0659713745
11.6703300476	74.2747268677
13.0109891891	66.6636123657
14.3516483307	62.5528869629
15.6923074722	63.2025871277
17.0329666138	60.3780326843
18.373626709	59.2733879089
19.7142848969	59.0917625427
21.0549449921	58.1216430664
22.3956050873	55.4636573792
23.7362632751	56.8956718445
25.0769233704	54.0959243774
26.4175815582	53.0269927979
27.7582416534	52.4470977783
29.0989017487	51.3571395874
30.4395599365	50.4342155457
31.7802200317	49.2471656799
33.120880127	49.6573410034
34.4615402222	49.8107757568
35.8021965027	49.6962661743
37.1428565979	49.0455436707
38.4835166931	46.6602363586
39.8241767883	47.4126358032
41.1648368835	47.2338142395
42.5054931641	47.0317993164
43.8461532593	46.4272193909
45.1868133545	45.2749404907
46.5274734497	44.868309021
47.8681335449	43.3630180359
49.2087898254	43.6440658569
50.5494499207	43.9299507141
51.8901100159	44.0025024414
53.2307701111	44.1467514038
54.5714302063	43.8494873047
55.9120864868	43.3919906616
57.252746582	43.7308235168
58.5934066772	43.5312004089
59.9340667725	42.8779792786
61.2747268677	42.523651123
62.6153831482	42.502910614
63.9560432434	43.4526634216
65.2966995239	43.329372406
66.6373596191	42.8434371948
67.9780197144	42.3790893555
69.3186798096	41.9658622742
70.6593399048	41.5961952209
72	41.7008972168
73.3406600952	42.5159454346
74.6813201904	42.926410675
76.0219802856	42.6813812256
77.3626403809	42.2793540955
78.7033004761	42.3383407593
80.0439529419	41.3140449524
81.3846130371	41.7976226807
82.7252731323	42.0874328613
84.0659332275	41.9257240295
85.4065933228	42.0560417175
86.747253418	41.8282852173
88.0879135132	42.3684158325
89.4285736084	42.1512374878
90.7692337036	42.0879974365
92.1098937988	42.1009254456
93.4505462646	41.6191558838
94.7912063599	41.485244751
96.1318664551	42.5713310242
97.4725265503	42.0762290955
98.8131866455	41.6597251892
100.153846741	41.5082244873
101.494506836	41.1989898682
102.835166931	42.5489845276
104.175827026	41.5237083435
105.516487122	41.3491363525
106.857139587	41.5691986084
108.197799683	41.4811897278
109.538459778	41.0307693481
110.879119873	42.006565094
112.219779968	41.5296134949
113.560440063	41.7978782654
114.901100159	41.8184089661
116.241760254	41.6201248169
117.582420349	41.5444641113
118.923080444	41.2134132385
120.26373291	40.4299888611
121.604393005	40.4446258545
122.945053101	41.418598175
124.285713196	42.1462898254
125.626373291	42.0102272034
126.967033386	42.4894790649
128.307693481	42.17004776
129.648345947	42.9613304138
130.989013672	43.3250846863
132.329666138	43.4322814941
133.670333862	43.7605247498
135.010986328	44.3605499268
136.351654053	45.2746009827
137.692306519	46.2566337585
139.032974243	47.776676178
140.373626709	49.6234474182
141.714279175	51.3023986816
143.054946899	52.7006645203
144.395599365	56.9203224182
145.73626709	61.0920906067
147.076919556	67.7444763184
148.41758728	75.317855835
149.758239746	84.7602005005
151.098907471	99.0790176392
152.439559937	119.768013
153.780212402	143.322509766
155.120880127	168.286315918
156.461532593	203.006698608
157.802200317	237.524276733
159.142852783	262.093688965
160.483520508	291.62310791
161.824172974	307.259918213
163.164840698	317.899749756
164.505493164	327.594573975
165.846160889	327.955291748
167.186813354	318.163909912
168.52746582	313.197143555
169.868133545	305.721710205
171.208786011	292.101348877
172.549453735	282.160125732
173.890106201	267.321807861
175.230773926	247.127624512
176.571426392	230.021728516
177.912094116	212.890090942
179.252746582	200.052001953
180.593399048	185.668823242
181.934066772	175.273651123
183.274719238	166.04069519
184.615386963	154.049972534
185.956039429	145.542907715
187.296707153	137.963439941
188.637359619	135.346221924
189.978027344	131.442932129
191.31867981	127.821495056
192.659347534	124.601150513
194	118.381614685
195.340652466	120.075683594
196.68132019	118.792922974
198.021972656	116.229621887
199.362640381	113.959106445
200.703292847	113.23550415
202.043960571	114.338760376
203.384613037	115.706298828
204.725280762	112.230506897
206.065933228	110.657928467
207.406600952	110.369667053
208.747253418	110.066017151
210.087905884	109.993606567
211.428573608	112.572738647
212.769226074	117.329399109
214.109893799	122.441719055
215.450546265	123.586112976
216.791213989	120.66292572
218.131866455	117.00125885
219.47253418	116.420181274
220.813186646	118.140892029
222.153839111	120.339385986
223.494506836	125.310958862
224.835159302	127.486244202
226.175827026	128.157409668
227.516479492	127.714851379
228.857147217	123.10093689
230.197799683	122.805366516
231.538467407	118.937408447
232.879119873	117.472312927
234.219787598	117.587875366
235.560440063	117.033157349
236.901092529	115.092529297
238.241760254	115.091789246
239.58241272	112.432174683
240.923080444	111.153808594
242.26373291	113.001609802
243.604400635	113.605224609
244.945053101	109.8724823
246.285720825	103.248054504
247.626373291	99.7305526733
248.967025757	97.6776351929
250.307693481	93.6614151001
251.648345947	89.9090423584
252.989013672	88.6070785522
254.329666138	90.2356643677
255.670333862	92.4912872314
257.010986328	88.6820144653
258.351654053	89.2558059692
259.692321777	88.6705551147
261.032958984	88.2612380981
262.373626709	88.5311355591
263.714294434	88.7392272949
265.054931641	88.5058822632
266.395599365	90.5924911499
267.73626709	89.4178161621
269.076934814	88.5454788208
270.417572021	86.4470291138
271.758239746	85.1485748291
273.098907471	88.0082092285
274.439575195	87.8947219849
275.780212402	87.569480896
277.120880127	88.4709854126
278.461547852	86.8969268799
279.802185059	84.2591781616
281.142852783	83.2266311646
282.483520508	84.8219146729
283.824188232	86.9293518066
285.164825439	84.0961303711
286.505493164	84.4251327515
287.846160889	85.8067092896
289.186798096	86.2432556152
290.52746582	85.004776001
291.868133545	83.2203063965
293.20880127	85.8739776611
294.549438477	83.5571060181
295.890106201	83.8164520264
297.230773926	82.7337417603
298.57144165	81.6569290161
299.912078857	81.5463790894
301.252746582	78.3689422607
302.593414307	79.8922576904
303.934051514	81.4131164551
305.274719238	82.3833847046
306.615386963	84.0806808472
307.956054688	85.1275405884
309.296691895	83.962928772
310.637359619	82.0898513794
311.978027344	83.4343261719
313.318695068	81.792098999
314.659332275	81.8214187622
316	81.7798309326
317.340667725	81.2086105347
318.681304932	80.7032165527
320.021972656	80.2785491943
321.362640381	81.1161193848
322.703308105	80.4036636353
324.043945313	81.1666641235
325.384613037	80.8723144531
326.725280762	80.2874984741
328.065948486	80.9630203247
329.406585693	81.4538574219
330.747253418	82.9288864136
332.087921143	79.5089111328
333.42855835	79.151725769
334.769226074	79.8558349609
336.109893799	79.805267334
337.450561523	79.791557312
338.79119873	81.9973297119
340.131866455	78.4821853638
341.47253418	76.8101501465
342.813201904	78.4361953735
344.153839111	79.456237793
345.494506836	79.2188339233
346.835174561	78.7374649048
348.175811768	78.1846618652
349.516479492	76.6060333252
350.857147217	77.1258163452
352.197814941	79.923789978
353.538452148	78.8672790527
354.879119873	75.9187164307
356.219787598	75.1923370361
357.560424805	77.5280075073
358.901092529	79.4830093384
360.241760254	76.9344329834
361.582427979	78.2072525024
362.923065186	77.1379623413
364.26373291	76.7217102051
365.604400635	77.9541931152
366.945068359	77.5867538452
368.285705566	75.6279907227
369.626373291	74.6488342285
370.967041016	77.4035949707
372.307678223	76.4944915771
373.648345947	75.917137146
374.989013672	76.6572570801
376.329681396	76.7952194214
377.670318604	77.4736099243
379.010986328	77.1951446533
380.351654053	78.517074585
381.692321777	76.0386657715
383.032958984	75.0362625122
384.373626709	74.4260559082
385.714294434	73.7356185913
387.054931641	77.2482528687
388.395599365	76.0618667603
389.73626709	75.3508682251
391.076934814	75.6743240356
392.417572021	76.4698028564
393.758239746	76.6546325684
395.098907471	76.9596862793
396.439575195	78.3007354736
397.780212402	76.8441238403
399.120880127	76.1426925659
400.461547852	78.3397445679
401.802185059	78.3107757568
403.142852783	77.6157989502
404.483520508	78.3480148315
405.824188232	79.571144104
407.164825439	77.5138626099
408.505493164	76.5549240112
409.846160889	74.8046646118
411.186798096	75.1632537842
412.52746582	75.6446762085
413.868133545	76.0734634399
415.20880127	77.0667953491
416.549438477	78.6770248413
417.890106201	79.7763137817
419.230773926	79.6494674683
420.57144165	77.3334655762
421.912078857	76.2641067505
423.252746582	75.6373291016
424.593414307	76.2132644653
425.934051514	77.7355041504
427.274719238	76.8771514893
428.615386963	76.3241577148
429.956054688	73.5445861816
431.296691895	73.6515274048
432.637359619	75.2359848022
433.978027344	75.3449249268
435.318695068	75.1264572144
436.659332275	76.688835144
438	75.5395431519
439.340667725	76.7280044556
440.681304932	75.9917907715
442.021972656	75.4496307373
443.362640381	74.7434158325
444.703308105	74.5134963989
446.043945313	74.1929244995
447.384613037	73.0852890015
448.725280762	76.8283004761
450.065948486	74.3823165894
451.406585693	74.3275299072
452.747253418	73.7935028076
454.087921143	73.1512832642
455.42855835	73.3528137207
456.769226074	73.7449493408
458.109893799	72.5642318726
459.450561523	73.2052993774
460.79119873	72.7878112793
462.131866455	73.7730255127
463.47253418	72.7768325806
464.813201904	73.9833526611
466.153839111	75.1085205078
467.494506836	73.243522644
468.835174561	74.0476837158
470.175811768	72.3741607666
471.516479492	74.3556747437
472.857147217	74.5179977417
474.197814941	73.9923019409
475.538452148	73.3105163574
476.879119873	73.5909576416
478.219787598	74.8908004761
479.560424805	74.4404754639
480.901092529	73.532585144
482.241760254	73.8284988403
483.582427979	71.9587860107
484.923065186	72.885307312
486.26373291	74.0854415894
487.604400635	74.5030517578
488.945068359	75.1608505249
490.285705566	74.2331085205
491.626373291	73.2806777954
492.967041016	75.74269104
494.307678223	75.0997009277
495.648345947	73.2537841797
496.989013672	73.0519866943
498.329681396	73.3373947144
499.670318604	71.8790664673
501.010986328	70.9637298584
502.351654053	71.9730987549
503.692321777	73.0003967285
505.032958984	71.8835983276
506.373626709	70.5281295776
507.714294434	71.561050415
509.054931641	72.7756881714
510.395599365	72.4356613159
511.73626709	74.3744888306
513.076904297	72.5160217285
514.417602539	72.1695404053
515.758239746	72.2970123291
517.098876953	71.2515335083
518.439575195	71.3838806152
519.780212402	72.2113342285
521.120849609	72.0778579712
522.461547852	71.5726699829
523.802185059	71.3256454468
525.142883301	71.8444137573
526.483520508	69.2755432129
527.824157715	69.5893173218
529.164855957	71.601890564
530.505493164	71.47631073
531.846130371	69.8842849731
533.186828613	71.1355667114
534.52746582	72.2822952271
535.868103027	69.2568511963
537.20880127	70.363494873
538.549438477	71.5447692871
539.890136719	72.6365966797
541.230773926	71.9404525757
542.571411133	69.9719543457
543.912109375	69.2902679443
545.252746582	70.3348236084
546.593383789	69.9554977417
547.934082031	70.4250946045
549.274719238	69.8129119873
550.615356445	70.7042999268
551.956054688	71.0371398926
553.296691895	69.5526504517
554.637390137	68.7413253784
555.978027344	70.9481124878
557.318664551	68.2236709595
558.659362793	70.164352417
560	70.8501739502
561.340637207	69.8082199097
562.681335449	68.6165466309
564.021972656	69.222038269
565.362609863	70.4485015869
566.703308105	70.0136642456
568.043945313	69.3483200073
569.384643555	68.9699554443
570.725280762	70.1227874756
572.065917969	70.1626434326
573.406616211	70.4077682495
574.747253418	69.4378128052
576.087890625	69.0207443237
577.428588867	69.9526596069
578.769226074	69.6684265137
580.109863281	68.2320861816
581.450561523	67.0008544922
582.79119873	69.8802719116
584.131896973	68.9887008667
585.47253418	69.5450744629
586.813171387	70.3831710815
588.153869629	70.1295852661
589.494506836	69.4635772705
590.835144043	69.2504882813
592.175842285	69.8875961304
593.516479492	69.154876709
594.857116699	69.2982406616
596.197814941	68.3859786987
597.538452148	68.2646789551
598.879150391	68.6833343506
600.219787598	69.0717697144
601.560424805	70.1573791504
602.901123047	72.3221511841
604.241760254	70.2393951416
605.582397461	70.2414245605
606.923095703	69.0938720703
608.26373291	68.2745361328
609.604370117	69.1211929321
610.945068359	68.967590332
612.285705566	68.4330062866
613.626403809	69.7983093262
614.967041016	69.9803314209
616.307678223	68.5423812866
617.648376465	67.9805908203
618.989013672	67.494102478
620.329650879	66.2528839111
621.670349121	68.8269119263
623.010986328	70.0546035767
624.351623535	68.7620544434
625.692321777	69.2428207397
627.032958984	70.0042114258
628.373596191	67.7587890625
629.714294434	68.700378418
631.054931641	69.8248519897
632.395629883	69.5127029419
633.73626709	69.4800033569
635.076904297	68.5970077515
636.417602539	67.958732605
637.758239746	68.2990875244
639.098876953	66.9928741455
640.439575195	69.8447952271
641.780212402	67.67137146
643.120849609	70.5562896729
644.461547852	69.1083374023
645.802185059	70.5500183105
647.142883301	71.1656570435
648.483520508	69.2367630005
649.824157715	68.8689193726
651.164855957	71.6784362793
652.505493164	69.9745254517
653.846130371	70.0823745728
655.186828613	69.9594497681
656.52746582	69.2070007324
657.868103027	67.9817504883
659.20880127	68.4966888428
660.549438477	69.2096481323
661.890136719	68.7808151245
663.230773926	68.8848648071
664.571411133	70.3924789429
665.912109375	70.2166824341
667.252746582	70.1342773438
668.593383789	69.6718292236
669.934082031	70.9211730957
671.274719238	69.4657821655
672.615356445	68.8400039673
673.956054688	69.0347061157
675.296691895	68.9309921265
676.637390137	71.4136199951
677.978027344	69.1291885376
679.318664551	67.0509796143
680.659362793	67.908706665
682	68.0046005249
683.340637207	68.3635101318
684.681335449	69.4525375366
686.021972656	70.9969787598
687.362609863	71.3664398193
688.703308105	70.3043670654
690.043945313	70.5391769409
691.384643555	67.4427261353
692.725280762	71.2679595947
694.065917969	71.2416152954
695.406616211	70.3130340576
696.747253418	69.7439651489
698.087890625	69.4588165283
699.428588867	69.6108093262
700.769226074	69.7533950806
702.109863281	69.0617904663
703.450561523	68.8396148682
704.79119873	71.1804733276
706.131896973	69.0375976563
707.47253418	68.6684417725
708.813171387	71.2975845337
710.153869629	70.5922851563
711.494506836	69.0414581299
712.835144043	68.8301696777
714.175842285	68.7006454468
715.516479492	67.7515869141
716.857116699	67.763092041
718.197814941	71.9858474731
719.538452148	68.3335342407
720.879150391	70.8788070679
722.219787598	70.2887191772
723.560424805	70.4348144531
724.901123047	70.8265075684
726.241760254	70.4349060059
727.582397461	69.8647842407
728.923095703	69.6745681763
730.26373291	69.6533203125
731.604370117	70.6089401245
732.945068359	70.2829360962
734.285705566	69.5676879883
735.626403809	67.4686050415
736.967041016	67.2067108154
738.307678223	66.8389434814
739.648376465	67.5567092896
740.989013672	68.6004562378
742.329650879	67.4463195801
743.670349121	68.6763458252
745.010986328	72.7710494995
746.351623535	70.8762817383
747.692321777	69.4090576172
749.032958984	68.4182815552
750.373596191	66.8020095825
751.714294434	66.2452163696
753.054931641	66.2437286377
754.395629883	66.045249939
755.73626709	66.2506866455
757.076904297	67.0688247681
758.417602539	67.281539917
759.758239746	68.997718811
761.098876953	67.8289489746
762.439575195	67.9814300537
763.780212402	68.2690353394
765.120849609	68.1529998779
766.461547852	67.4806289673
767.802185059	67.004486084
769.142883301	67.1460418701
770.483520508	67.1756515503
771.824157715	66.6936721802
773.164855957	67.2659225464
774.505493164	67.4518356323
775.846130371	68.7279968262
777.186828613	67.8526382446
778.52746582	68.0203933716
779.868103027	67.6616287231
781.20880127	66.3157958984
782.549438477	65.3646697998
783.890136719	65.9771575928
785.230773926	67.2702560425
786.571411133	67.1065826416
787.912109375	67.9588928223
789.252746582	67.6594848633
790.593383789	66.9044952393
791.934082031	65.0525970459
793.274719238	66.1442260742
794.615356445	66.8502197266
795.956054688	66.9303512573
797.296691895	66.7615966797
798.637390137	66.6419219971
799.978027344	67.456741333
801.318664551	66.7594223022
802.659362793	66.7871551514
804	68.4820175171
805.340637207	67.629486084
806.681335449	68.9245834351
808.021972656	68.4221420288
809.362609863	68.0135803223
810.703308105	67.5467224121
812.043945313	68.4248123169
813.384643555	70.2692947388
814.725280762	69.5763015747
816.065917969	68.7998733521
817.406616211	67.8441696167
818.747253418	69.6480407715
820.087890625	70.1545791626
821.428588867	69.1550216675
822.769226074	69.6392440796
824.109863281	70.318107605
825.450561523	69.6593933105
826.79119873	68.3761749268
828.131896973	68.331993103
829.47253418	69.868598938
830.813171387	70.7266082764
832.153869629	68.6492156982
833.494506836	67.6728057861
834.835144043	71.4474105835
836.175842285	68.5836105347
837.516479492	67.6870880127
838.857116699	68.5253753662
840.197814941	69.2815933228
841.538452148	68.5287857056
842.879150391	68.4093856812
844.219787598	69.9310379028
845.560424805	69.9216308594
846.901123047	68.9393005371
848.241760254	69.7395553589
849.582397461	68.9813308716
850.923095703	70.9107208252
852.26373291	68.5996246338
853.604370117	69.109085083
854.945068359	70.1220169067
856.285705566	70.7398757935
857.626403809	71.6867523193
858.967041016	73.1451950073
860.307678223	75.122756958
861.648376465	76.7511062622
862.989013672	74.5790710449
864.329650879	73.7160873413
865.670349121	74.1360321045
867.010986328	73.236831665
868.351623535	68.2082290649
869.692321777	68.364982605
871.032958984	67.3977203369
872.373596191	68.4554443359
873.714294434	69.114364624
875.054931641	68.9699783325
876.395629883	69.6172866821
877.73626709	68.185218811
879.076904297	68.4608840942
880.417602539	69.5499267578
881.758239746	70.609161377
883.098876953	68.5389328003
884.439575195	70.2058181763
885.780212402	69.6479644775
887.120849609	68.5653305054
888.461547852	68.6959228516
889.802185059	69.1218490601
891.142883301	68.7772827148
892.483520508	69.0645904541
893.824157715	70.0491790771
895.164855957	68.1425476074
896.505493164	67.7836914063
897.846130371	69.3389587402
899.186828613	69.1180038452
900.52746582	69.5665740967
901.868103027	69.6270294189
903.20880127	69.6659393311
904.549438477	70.0406417847
905.890136719	69.2553100586
907.230773926	69.7769699097
908.571411133	70.356842041
909.912109375	70.4033966064
911.252746582	72.0577697754
912.593383789	68.0615997314
913.934082031	70.0037612915
915.274719238	69.9251708984
916.615356445	71.1948547363
917.956054688	70.4769439697
919.296691895	70.1480178833
920.637390137	70.6694030762
921.978027344	69.8323898315
923.318664551	70.4177246094
924.659362793	70.1823806763
926	69.2636184692
927.340637207	70.1078948975
928.681335449	70.3624191284
930.021972656	69.8090209961
931.362609863	67.6110992432
932.703308105	69.2691040039
934.043945313	68.4884109497
935.384643555	65.1672515869
936.725280762	68.6359481812
938.065917969	69.6079483032
939.406616211	68.809173584
940.747253418	69.0521774292
942.087890625	67.9773864746
943.428588867	66.7972946167
944.769226074	67.5729904175
946.109863281	68.2283782959
947.450561523	68.9004440308
948.79119873	68.8692626953
950.131896973	66.4399032593
951.47253418	65.5572433472
952.813171387	65.9257354736
954.153869629	67.3705596924
955.494506836	65.254234314
956.835144043	65.7672042847
958.175842285	65.5063247681
959.516479492	65.0658416748
960.857116699	65.4711532593
962.197814941	65.2416000366
963.538452148	64.7788314819
964.879150391	65.4355316162
966.219787598	64.6416549683
967.560424805	63.9692268372
968.901123047	63.4932823181
970.241760254	64.552116394
971.582397461	63.3310279846
972.923095703	61.8565139771
974.26373291	63.1861763
975.604370117	62.3805122375
976.945068359	62.9250106812
978.285705566	63.8844146729
979.626403809	63.2169685364
980.967041016	62.9727172852
982.307678223	63.327583313
983.648376465	62.0341949463
984.989013672	61.4883804321
986.329650879	61.1912460327
987.670349121	62.2871856689
989.010986328	62.0033493042
990.351623535	59.5759086609
991.692321777	62.6554985046
993.032958984	63.4627723694
994.373596191	62.5999717712
995.714294434	62.1871681213
997.054931641	62.5578727722
998.395629883	60.8057899475
999.73626709	60.4286270142
1001.0769043	61.8631744385
1002.41760254	62.2576179504
1003.75823975	63.5815467834
1005.09887695	63.4248924255
1006.4395752	62.0059204102
1007.7802124	61.0797386169
1009.12084961	58.8156471252
1010.46154785	61.2803840637
1011.80218506	62.2345657349
1013.1428833	62.8496780396
1014.48352051	61.2218437195
1015.82415771	60.6708145142
1017.16485596	61.7317581177
1018.50549316	61.6460838318
1019.84613037	61.8777160645
1021.18682861	62.3071250916
1022.52746582	61.136516571
1023.86810303	60.7907218933
1025.20874023	61.9286422729
1026.54943848	62.1219100952
1027.89013672	63.7729568481
1029.23071289	61.7390480042
1030.57141113	62.0791130066
1031.91210938	60.8884544373
1033.25280762	61.0975227356
1034.59338379	61.9137954712
1035.93408203	62.0021820068
1037.27478027	61.2603912354
1038.61535645	60.8846511841
1039.95605469	61.9463500977
1041.29675293	62.7886619568
1042.6373291	62.0921440125
1043.97802734	60.9403266907
1045.31872559	60.8163604736
1046.65930176	62.1780319214
1048	62.4334716797
1049.34069824	62.9153060913
1050.68127441	62.33543396
1052.02197266	63.0077133179
1053.3626709	61.5637931824
1054.70324707	63.656452179
1056.04394531	61.8409538269
1057.38464355	62.702205658
1058.72521973	63.1467208862
1060.06591797	61.2643089294
1061.40661621	63.8903999329
1062.74719238	65.3156509399
1064.08789063	63.8919334412
1065.42858887	64.4078063965
1066.76928711	64.6625518799
1068.10986328	65.1610183716
1069.45056152	65.4348297119
1070.79125977	67.1911392212
1072.13183594	68.4175491333
1073.47253418	67.8173828125
1074.81323242	68.822052002
1076.15380859	67.1085205078
1077.49450684	69.1136169434
1078.83520508	66.5995025635
1080.17578125	66.4197998047
1081.51647949	66.6565170288
1082.85717773	66.8287506104
1084.19775391	64.7436218262
1085.53845215	63.7027435303
1086.87915039	64.3061065674
1088.21972656	64.0776901245
1089.5604248	64.7418518066
1090.90112305	65.6714553833
1092.24169922	63.9249992371
1093.58239746	64.3827590942
1094.9230957	65.340461731
1096.26379395	65.2571640015
1097.60437012	63.870464325
1098.94506836	64.2669296265
1100.2857666	62.7040252686
1101.62634277	62.5118522644
1102.96704102	61.694229126
1104.30773926	62.7819633484
1105.64831543	62.4006614685
1106.98901367	62.3748512268
1108.32971191	62.0125427246
1109.67028809	61.8585739136
1111.01098633	62.8359298706
1112.35168457	62.8214988708
1113.69226074	61.8359336853
1115.03295898	62.1214027405
1116.37365723	62.3095397949
1117.7142334	63.0744438171
1119.05493164	59.135848999
1120.39562988	61.8490066528
1121.73620605	61.3796920776
1123.0769043	60.233505249
1124.41760254	60.3313217163
1125.75830078	61.4492149353
1127.09887695	60.8839111328
1128.4395752	60.7497940063
1129.78027344	60.561580658
1131.12084961	60.649017334
1132.46154785	60.1771583557
1133.80224609	59.5945892334
1135.14282227	59.7348136902
1136.48352051	59.0220069885
1137.82421875	58.3939285278
1139.16479492	60.6017379761
1140.50549316	62.047492981
1141.84619141	60.202457428
1143.18676758	61.6385536194
1144.52746582	62.0529556274
1145.86816406	60.1623039246
1147.20874023	61.0410194397
1148.54943848	61.6069564819
1149.89013672	60.1531448364
1151.23071289	61.1324272156
1152.57141113	59.8783912659
1153.91210938	59.863494873
1155.25280762	60.4915542603
1156.59338379	60.9949226379
1157.93408203	58.9955787659
1159.27478027	59.178653717
1160.61535645	59.7320594788
1161.95605469	60.3249053955
1163.29675293	60.8797416687
1164.6373291	61.2206115723
1165.97802734	61.1548881531
1167.31872559	60.0591621399
1168.65930176	60.1474189758
1170	60.2254295349
1171.34069824	60.6580276489
1172.68127441	59.8093986511
1174.02197266	61.087097168
1175.3626709	62.317489624
1176.70324707	60.5679969788
1178.04394531	61.2162895203
1179.38464355	63.2707214355
1180.72521973	61.3534049988
1182.06591797	59.8511276245
1183.40661621	59.6308288574
1184.74719238	62.1407661438
1186.08789063	60.522895813
1187.42858887	58.8929138184
1188.76928711	60.061466217
1190.10986328	61.3921699524
1191.45056152	61.3611183167
1192.79125977	60.9343910217
1194.13183594	61.260017395
1195.47253418	61.9878959656
1196.81323242	62.1243209839
1198.15380859	61.3829307556
1199.49450684	59.9199295044
1200.83520508	60.6035804749
1202.17578125	62.5202560425
1203.51647949	60.3231964111
1204.85717773	61.0188980103
1206.19775391	60.9641075134
1207.53845215	59.4205627441
1208.87915039	59.4611053467
1210.21972656	60.28150177
1211.5604248	60.1663246155
1212.90112305	60.9973144531
1214.24169922	60.6938095093
1215.58239746	59.8385047913
1216.9230957	61.5569458008
1218.26379395	60.8655471802
1219.60437012	60.2714271545
1220.94506836	60.8903541565
1222.2857666	61.4172058105
1223.62634277	61.9791717529
1224.96704102	61.8777160645
1226.30773926	61.1992492676
1227.64831543	61.6176452637
1228.98901367	62.1975212097
1230.32971191	61.4434890747
1231.67028809	61.1042671204
1233.01098633	61.41822052
1234.35168457	60.4526672363
1235.69226074	61.5513381958
1237.03295898	62.8741798401
1238.37365723	61.7608566284
1239.7142334	62.448928833
1241.05493164	64.1162338257
1242.39562988	61.2130012512
1243.73620605	63.6836700439
1245.0769043	63.3718986511
1246.41760254	62.4582366943
1247.75830078	63.5609741211
1249.09887695	62.1772117615
1250.4395752	63.6630554199
1251.78027344	64.3092269897
1253.12084961	63.8721389771
1254.46154785	63.2446899414
1255.80224609	63.3526687622
1257.14282227	64.1253814697
1258.48352051	64.4478302002
1259.82421875	64.5921020508
1261.16479492	65.7761611938
1262.50549316	66.220123291
1263.84619141	65.0870361328
1265.18676758	65.2460327148
1266.52746582	66.0406723022
1267.86816406	65.3184890747
1269.20874023	64.1784896851
1270.54943848	64.3740158081
1271.89013672	64.8709030151
1273.23071289	65.2268753052
1274.57141113	66.0320053101
1275.91210938	64.8748703003
1277.25280762	64.2540283203
1278.59338379	66.5207061768
1279.93408203	66.8642883301
1281.27478027	66.2751083374
1282.61535645	66.0782470703
1283.95605469	66.9577255249
1285.29675293	66.3439178467
1286.6373291	68.8367080688
1287.97802734	65.5997467041
1289.31872559	65.7747268677
1290.65930176	66.7477493286
1292	69.8046646118
1293.34069824	70.8215179443
1294.68127441	70.7329330444
1296.02197266	71.6652450562
1297.3626709	72.9471435547
1298.70324707	72.8195495605
1300.04394531	71.5799942017
1301.38464355	71.7269363403
1302.72521973	71.7936859131
1304.06591797	72.4395217896
1305.40661621	74.6855316162
1306.74719238	73.4212493896
1308.08789063	72.7679901123
1309.42858887	75.4471511841
1310.76928711	74.844543457
1312.10986328	75.3344955444
1313.45056152	76.7143096924
1314.79125977	77.8293991089
1316.13183594	79.2869110107
1317.47253418	80.2566070557
1318.81323242	80.0517883301
1320.15380859	79.732460022
1321.49450684	79.9764862061
1322.83520508	84.3975067139
1324.17578125	88.0419158936
1325.51647949	91.9172744751
1326.85717773	92.6531219482
1328.19775391	92.5945205688
1329.53845215	94.7795715332
1330.87915039	99.142326355
1332.21972656	102.13508606
1333.5604248	104.903633118
1334.90112305	103.293930054
1336.24169922	102.432815552
1337.58239746	103.947914124
1338.9230957	101.834037781
1340.26379395	99.3548965454
1341.60437012	98.5986862183
1342.94506836	95.402961731
1344.2857666	92.9668960571
1345.62634277	90.0003128052
1346.96704102	86.3819732666
1348.30773926	83.4499435425
1349.64831543	80.8570327759
1350.98901367	79.7127838135
1352.32971191	78.4711380005
1353.67028809	77.7979278564
1355.01098633	78.2188186646
1356.35168457	75.9073944092
1357.69226074	75.0000915527
1359.03295898	76.9428863525
1360.37365723	76.6442489624
1361.7142334	75.6243896484
1363.05493164	74.8449401855
1364.39562988	74.6526260376
1365.73620605	73.2938613892
1367.0769043	72.6792297363
1368.41760254	74.6913986206
1369.75830078	73.7043762207
1371.09887695	73.8247833252
1372.4395752	71.3533935547
1373.78027344	70.4685134888
1375.12084961	71.5933151245
1376.46154785	73.0646286011
1377.80224609	70.3083648682
1379.14282227	70.415512085
1380.48352051	71.3141174316
1381.82421875	71.313041687
1383.16479492	69.5405426025
1384.50549316	71.1742782593
1385.84619141	71.3338928223
1387.18676758	69.3197555542
1388.52746582	69.0427093506
1389.86816406	70.0729522705
1391.20874023	69.1992416382
1392.54943848	70.4560165405
1393.89013672	69.5645980835
1395.23071289	69.2997741699
1396.57141113	70.4208145142
1397.91210938	69.2417221069
1399.25280762	67.5861968994
1400.59338379	71.191734314
1401.93408203	71.208984375
1403.27478027	71.8423080444
1404.61535645	69.4631500244
1405.95605469	70.4733428955
1407.29675293	71.5012207031
1408.6373291	71.3197174072
1409.97802734	71.3246536255
1411.31872559	71.3007202148
1412.65930176	71.0344924927
1414	71.2933959961
1415.34069824	73.725479126
1416.68127441	74.4228134155
1418.02197266	73.6862106323
1419.3626709	74.5639648438
1420.70324707	74.6167297363
1422.04394531	74.8091430664
1423.38464355	74.5344772339
1424.72521973	75.8276596069
1426.06591797	79.0237884521
1427.40661621	77.1448364258
1428.74719238	76.7203826904
1430.08789063	77.6698608398
1431.42858887	76.7296905518
1432.76928711	77.0137634277
1434.10986328	76.9913635254
1435.45056152	77.4235839844
1436.79125977	77.3684234619
1438.13183594	79.5975646973
1439.47253418	80.8986587524
1440.81323242	78.9127044678
1442.15380859	79.5300750732
1443.49450684	78.7716369629
1444.83520508	78.6642532349
1446.17578125	80.0398788452
1447.51647949	79.4623641968
1448.85717773	78.7727127075
1450.19775391	81.6837234497
1451.53845215	81.555557251
1452.87915039	83.5997695923
1454.21972656	82.1315536499
1455.5604248	81.4213485718
1456.90112305	81.6712188721
1458.24169922	80.7734603882
1459.58239746	85.3901367188
1460.9230957	84.4433822632
1462.26379395	81.2136383057
1463.60437012	86.3724365234
1464.94506836	87.5607833862
1466.2857666	85.7465667725
1467.62634277	86.4365768433
1468.96704102	86.9923706055
1470.30773926	86.2940292358
1471.64831543	85.745300293
1472.98901367	85.3279190063
1474.32971191	85.2238769531
1475.67028809	87.1640014648
1477.01098633	88.6540603638
1478.35168457	88.9226303101
1479.69226074	88.2990722656
1481.03295898	89.0241699219
1482.37365723	91.23777771
1483.7142334	92.7971420288
1485.05493164	93.0639648438
1486.39562988	96.3497467041
1487.73620605	95.5241317749
1489.0769043	96.1057891846
1490.41760254	97.2247238159
1491.75830078	99.3535079956
1493.09887695	103.214866638
1494.4395752	105.517967224
1495.78027344	105.177650452
1497.12084961	105.512298584
1498.46154785	107.112709045
1499.80224609	109.91317749
1501.14282227	112.001113892
1502.48352051	113.769309998
1503.82421875	116.834594727
1505.16479492	118.890167236
1506.50549316	122.53012085
1507.84619141	125.955116272
1509.18676758	128.103729248
1510.52746582	129.9427948
1511.86816406	136.667556763
1513.20874023	139.470794678
1514.54943848	142.441116333
1515.89013672	149.212814331
1517.23071289	157.841949463
1518.57141113	160.368270874
1519.91210938	171.09854126
1521.25280762	172.386123657
1522.59338379	179.212173462
1523.93408203	188.781326294
1525.27478027	199.340408325
1526.61535645	204.024536133
1527.95605469	213.29548645
1529.29675293	223.14402771
1530.6373291	232.081161499
1531.97802734	246.42868042
1533.31872559	259.109191895
1534.65930176	271.311676025
1536	288.940063477
1537.34069824	309.759735107
1538.68127441	338.983947754
1540.02197266	357.791625977
1541.3626709	375.243164063
1542.70324707	395.676086426
1544.04394531	425.228271484
1545.38464355	446.771575928
1546.72521973	466.761993408
1548.06591797	488.328491211
1549.40661621	519.251953125
1550.74719238	558.393493652
1552.08789063	602.405334473
1553.42858887	644.745544434
1554.76928711	729.241333008
1556.10986328	793.483032227
1557.45056152	896.840148926
1558.79125977	985.85723877
1560.13183594	1082.65698242
1561.47253418	1164.32373047
1562.81323242	1266.25500488
1564.15380859	1339.39379883
1565.49450684	1411.30419922
1566.83520508	1488.10839844
1568.17578125	1558.15124512
1569.51647949	1638.05908203
1570.85717773	1686.22583008
1572.19775391	1739.00549316
1573.53845215	1783.5057373
1574.87915039	1825.47912598
1576.21972656	1872.78552246
1577.5604248	1861.94372559
1578.90112305	1843.17871094
1580.24169922	1815.01867676
1581.58239746	1823.68188477
1582.9230957	1875.95092773
1584.26379395	2052.89770508
1585.60437012	2329.12280273
1586.94506836	2750.95507813
1588.2857666	3268.66601563
1589.62634277	3819.10693359
1590.96704102	4282.78955078
1592.30773926	4547.06982422
1593.64831543	4577.67529297
1594.98901367	4460.12060547
1596.32971191	4187.13427734
1597.67028809	3829.42700195
1599.01098633	3468.04052734
1600.35168457	3103.953125
1601.69226074	2748.73706055
1603.03295898	2437.23144531
1604.37365723	2154.39086914
1605.7142334	1896.11962891
1607.05493164	1686.57214355
1608.39562988	1490.19128418
1609.73620605	1316.87194824
1611.0769043	1173.68408203
1612.41760254	1041.66564941
1613.75830078	930.19909668
1615.09887695	839.126342773
1616.4395752	737.588745117
1617.78027344	661.640075684
1619.12084961	593.646972656
1620.46154785	535.766906738
1621.80224609	486.957702637
1623.14282227	429.611877441
1624.48352051	409.415283203
1625.82421875	364.94909668
1627.16479492	331.230010986
1628.50549316	305.276245117
1629.84619141	287.562408447
1631.18676758	263.62991333
1632.52746582	241.41003418
1633.86816406	229.751678467
1635.20874023	212.961791992
1636.54943848	201.27456665
1637.89013672	187.884155273
1639.23071289	176.427368164
1640.57141113	165.433288574
1641.91210938	160.752365112
1643.25280762	153.3775177
1644.59338379	143.496582031
1645.93408203	139.462402344
1647.27478027	134.465866089
1648.61535645	127.593086243
1649.95605469	122.319389343
1651.29675293	118.75756073
1652.6373291	117.282302856
1653.97802734	115.089485168
1655.31872559	112.893531799
1656.65930176	108.148605347
1658	104.967514038
1659.34069824	105.436408997
1660.68127441	102.602905273
1662.02197266	95.8261413574
1663.3626709	97.1478500366
1664.70324707	97.6433410645
1666.04394531	97.347984314
1667.38464355	94.2488174438
1668.72521973	89.9248580933
1670.06591797	87.6039276123
1671.40661621	87.661026001
1672.74719238	86.3652191162
1674.08789063	84.6093215942
1675.42858887	83.1085128784
1676.76928711	84.6651306152
1678.10986328	85.1055908203
1679.45056152	83.0173339844
1680.79125977	81.0726318359
1682.13183594	82.1162872314
1683.47253418	81.8508071899
1684.81323242	81.5777816772
1686.15380859	80.4701080322
1687.49450684	79.412399292
1688.83520508	79.7859573364
1690.17578125	78.1875152588
1691.51647949	76.4132385254
1692.85717773	79.8715896606
1694.19775391	78.9437408447
1695.53845215	76.8219451904
1696.87915039	76.2968063354
1698.21972656	75.598487854
1699.5604248	74.4119491577
1700.90112305	76.7194366455
1702.24169922	74.646987915
1703.58239746	75.886932373
1704.9230957	77.1286087036
1706.26379395	76.8673477173
1707.60437012	77.8179473877
1708.94506836	78.7481765747
1710.2857666	80.220199585
1711.62634277	78.0936889648
1712.96704102	79.576385498
1714.30773926	77.6627578735
1715.64831543	81.9113922119
1716.98901367	82.5302047729
1718.32971191	80.1738433838
1719.67028809	81.3971481323
1721.01098633	82.3720932007
1722.35168457	82.5043334961
1723.69226074	84.1075363159
1725.03295898	81.0984725952
1726.37365723	80.42137146
1727.7142334	78.9735565186
1729.05493164	84.4346008301
1730.39562988	83.3070907593
1731.73620605	84.8302688599
1733.0769043	85.4381866455
1734.41760254	87.5817184448
1735.75830078	87.4948043823
1737.09887695	86.3488922119
1738.4395752	90.4675979614
1739.78027344	93.5849151611
1741.12084961	93.9196090698
1742.46154785	93.1675415039
1743.80224609	94.7894363403
1745.14282227	98.9909362793
1746.48352051	99.8977508545
1747.82421875	101.992393494
1749.16479492	105.487632751
1750.50549316	107.771087646
1751.84619141	106.407470703
1753.18676758	108.176795959
1754.52746582	108.793548584
1755.86816406	107.369812012
1757.20874023	108.404167175
1758.54943848	106.63936615
1759.89013672	102.935188293
1761.23071289	100.481292725
1762.57141113	100.015197754
1763.91210938	99.7251586914
1765.25280762	99.5989990234
1766.59338379	97.6232452393
1767.93408203	86.1017303467
1769.27478027	95.9838638306
1770.61535645	94.0028076172
1771.95605469	93.0495529175
1773.29675293	90.1476974487
1774.6373291	90.7912979126
1775.97802734	87.6943435669
1777.31872559	88.2607345581
1778.65930176	85.5115737915
1780	87.0984191895
1781.34069824	84.5103683472
1782.68127441	82.9332199097
1784.02197266	83.8646850586
1785.3626709	80.9963302612
1786.70324707	80.5722045898
1788.04394531	78.632270813
1789.38464355	80.623550415
1790.72521973	79.7634277344
1792.06591797	77.2563552856
1793.40661621	76.0484161377
1794.74719238	77.2683029175
1796.08789063	76.5852966309
1797.42858887	73.8034591675
1798.76928711	73.4555740356
1800.10986328	73.4024124146
1801.45056152	73.3862304688
1802.79125977	72.8201065063
1804.13183594	72.3407897949
1805.47253418	72.3447494507
1806.81323242	70.9655303955
1808.15380859	70.1211547852
1809.49450684	70.7082138062
1810.83520508	71.9611816406
1812.17578125	71.1433334351
1813.51647949	69.7361755371
1814.85717773	70.1702194214
1816.19775391	67.6072158813
1817.53845215	65.8631439209
1818.87915039	63.9800758362
1820.21972656	64.2976455688
1821.5604248	66.1818161011
1822.90112305	64.7663726807
1824.24169922	64.3103256226
1825.58239746	63.918712616
1826.9230957	62.1165885925
1828.26379395	65.1155853271
1829.60437012	62.7678260803
1830.94506836	61.084602356
1832.2857666	63.0121421814
1833.62634277	61.1958694458
1834.96704102	61.6538200378
1836.30773926	62.1500320435
1837.64831543	61.3822174072
1838.98901367	61.0669364929
1840.32971191	60.3213195801
1841.67028809	58.7255439758
1843.01098633	58.5318145752
1844.35168457	59.3921203613
1845.69226074	59.4013977051
1847.03295898	58.4683799744
1848.37365723	59.6420707703
1849.7142334	61.4485778809
1851.05493164	59.9263458252
1852.39562988	59.4717292786
1853.73620605	58.8363723755
1855.0769043	58.1834487915
1856.41760254	59.1135940552
1857.75830078	60.3244590759
1859.09887695	60.480758667
1860.4395752	58.8858985901
1861.78027344	57.3111534119
1863.12084961	61.0251846313
1864.46154785	58.6384162903
1865.80224609	58.4471244812
1867.14282227	56.921005249
1868.48352051	57.3068275452
1869.82421875	57.6150245667
1871.16479492	58.2075653076
1872.50549316	58.4169006348
1873.84619141	58.8671455383
1875.18676758	59.4940032959
1876.52746582	58.9073600769
1877.86816406	59.373550415
1879.20874023	58.4878768921
1880.54943848	58.0150032043
1881.89013672	58.4876670837
1883.23071289	58.1364822388
1884.57141113	58.8096580505
1885.91210938	59.1483345032
1887.25280762	56.901676178
1888.59338379	58.2651863098
1889.93408203	55.4690971375
1891.27478027	58.6323280334
1892.61535645	58.133808136
1893.95605469	57.5344963074
1895.29675293	56.7949447632
1896.6373291	59.3779716492
1897.97802734	59.1861457825
1899.31872559	57.8919067383
1900.65930176	58.8272743225
1902	58.3126182556
1903.34069824	57.4188232422
1904.68127441	59.4662475586
1906.02197266	58.7178421021
1907.3626709	58.9646644592
1908.70324707	58.5038108826
1910.04394531	58.369808197
1911.38464355	58.8390693665
1912.72521973	58.9921379089
1914.06591797	58.0125389099
1915.40661621	60.4571266174
1916.74719238	60.0653877258
1918.08789063	58.5454444885
1919.42858887	58.2067985535
1920.76928711	60.016960144
1922.10986328	60.3106498718
1923.45056152	58.680393219
1924.79125977	61.5344543457
1926.13183594	61.4446296692
1927.47253418	59.9087562561
1928.81323242	61.6809997559
1930.15380859	63.3155479431
1931.49450684	62.5783843994
1932.83520508	63.3239364624
1934.17578125	63.5498886108
1935.51647949	62.6024932861
1936.85717773	61.7016639709
1938.19775391	63.7673110962
1939.53845215	65.0121917725
1940.87915039	65.1753234863
1942.21972656	64.8550338745
1943.5604248	65.0021972656
1944.90112305	65.6224594116
1946.24169922	65.9793777466
1947.58239746	67.458114624
1948.9230957	65.5898208618
1950.26379395	66.0600509644
1951.60437012	65.5221481323
1952.94506836	67.534828186
1954.2857666	67.4325866699
1955.62634277	66.1287155151
1956.96704102	67.0475997925
1958.30773926	67.3737258911
1959.64831543	67.7035369873
1960.98901367	70.175239563
1962.32971191	68.6795272827
1963.67028809	68.3079528809
1965.01098633	69.6982650757
1966.35168457	68.8420791626
1967.69226074	68.9857406616
1969.03295898	68.0564956665
1970.37365723	69.1563339233
1971.7142334	66.7073364258
1973.05493164	71.536567688
1974.39562988	68.9263076782
1975.73620605	68.2024536133
1977.0769043	68.0886383057
1978.41760254	69.037147522
1979.75830078	67.634223938
1981.09887695	68.7599945068
1982.4395752	67.0159835815
1983.78027344	66.0651092529
1985.12084961	66.2167510986
1986.46154785	67.3284454346
1987.80224609	67.0247192383
1989.14282227	66.6113357544
1990.48352051	65.4491195679
1991.82421875	63.702999115
1993.16479492	61.5841026306
1994.50549316	60.8653488159
1995.84619141	60.6118927002
1997.18676758	62.8991622925
1998.52746582	59.7943000793
1999.86816406	60.5145606995
2001.20874023	60.706577301
2002.54943848	60.059627533
2003.89013672	59.5880966187
2005.23071289	59.2333526611
2006.57141113	58.2377853394
2007.91210938	58.6757469177
2009.25280762	58.4825897217
2010.59338379	59.1901664734
2011.93408203	57.6112518311
2013.27478027	56.6970863342
2014.61535645	55.9605751038
2015.95605469	56.4262886047
2017.29675293	55.203502655
2018.6373291	57.1614875793
2019.97802734	57.842502594
2021.31872559	55.3692321777
2022.65930176	54.7293052673
2024	54.7455482483
2025.34069824	55.9639587402
2026.68127441	54.4930763245
2028.02197266	53.942111969
2029.3626709	54.0600509644
2030.70324707	54.2291984558
2032.04394531	54.1728134155
2033.38464355	53.6186485291
2034.72521973	53.0020141602
2036.06591797	52.9096641541
2037.40661621	53.9134483337
2038.74719238	53.4407310486
2040.08789063	52.7498550415
2041.42858887	52.813419342
2042.76928711	52.5860023499
2044.10986328	52.8408737183
2045.45056152	52.5397987366
2046.79125977	52.5578346252
2048.13183594	51.7980499268
2049.47241211	53.0940971375
2050.81323242	52.2430801392
2052.15380859	52.4142723083
2053.49438477	51.6423110962
2054.83520508	52.3847045898
2056.17578125	51.532283783
2057.51660156	52.4370422363
2058.85717773	53.2532348633
2060.19775391	52.168926239
2061.53857422	51.4641609192
2062.87915039	52.2606124878
2064.21972656	51.8781967163
2065.56054688	51.8008956909
2066.90112305	52.2897567749
2068.24169922	51.6126022339
2069.58251953	50.4527130127
2070.9230957	51.5280303955
2072.26367188	51.0986862183
2073.60449219	51.329158783
2074.94506836	51.5601196289
2076.28564453	53.3305053711
2077.62646484	51.1594352722
2078.96704102	48.6640396118
2080.30761719	52.8933982849
2081.6484375	51.5961227417
2082.98901367	51.6094055176
2084.32958984	51.2817726135
2085.67041016	51.8407669067
2087.01098633	51.7856483459
2088.3515625	51.5793075562
2089.69238281	51.0269508362
2091.03295898	50.1275138855
2092.37353516	51.0127563477
2093.71435547	52.4565963745
2095.05493164	52.2859039307
2096.39550781	51.534236908
2097.73632813	51.0463066101
2099.0769043	51.9276275635
2100.41748047	50.8538742065
2101.75830078	53.2838935852
2103.09887695	53.2603721619
2104.43945313	50.6887130737
2105.78027344	51.0976905823
2107.12084961	51.3827896118
2108.46142578	50.9500198364
2109.80224609	50.5610847473
2111.14282227	51.9398803711
2112.48339844	50.8734893799
2113.82421875	51.8570327759
2115.16479492	52.5413017273
2116.50561523	49.5448417664
2117.84619141	52.0341339111
2119.18676758	51.5503425598
2120.52758789	51.5746574402
2121.86816406	51.9312095642
2123.20874023	51.843372345
2124.54956055	51.7521591187
2125.89013672	50.7777290344
2127.23071289	49.7785263062
2128.5715332	50.8736610413
2129.91210938	50.5921401978
2131.25268555	50.7176513672
2132.59350586	50.9368247986
2133.93408203	50.2023124695
2135.2746582	49.5504455566
2136.61547852	50.8022613525
2137.95605469	50.130027771
2139.29663086	50.7108078003
2140.63745117	50.1315116882
2141.97802734	50.3674888611
2143.31860352	50.8998908997
2144.65942383	51.8975753784
2146	50.8901290894
2147.34057617	50.5747947693
2148.68139648	52.0178756714
2150.02197266	51.0422401428
2151.36254883	51.9058227539
2152.70336914	50.0931625366
2154.04394531	50.3942070007
2155.38452148	51.2772712708
2156.7253418	50.3858566284
2158.06591797	51.6797065735
2159.40649414	51.2047309875
2160.74731445	50.3637771606
2162.08789063	50.1953697205
2163.4284668	50.9574584961
2164.76928711	51.1763725281
2166.10986328	52.5533905029
2167.45043945	51.6380996704
2168.79125977	50.3887443542
2170.13183594	51.3878173828
2171.47241211	50.6447601318
2172.81323242	50.1530151367
2174.15380859	50.6954956055
2175.49438477	49.9437217712
2176.83520508	50.3446350098
2178.17578125	51.0017471313
2179.51660156	50.1541976929
2180.85717773	50.5308036804
2182.19775391	50.8438148499
2183.53857422	51.8377838135
2184.87915039	51.1422424316
2186.21972656	51.0354576111
2187.56054688	52.0584716797
2188.90112305	52.048034668
2190.24169922	51.9121131897
2191.58251953	51.7189025879
2192.9230957	51.2651824951
2194.26367188	51.0690345764
2195.60449219	51.379196167
2196.94506836	49.5293960571
2198.28564453	52.0839691162
2199.62646484	52.0146789551
2200.96704102	50.909236908
2202.30761719	52.8964004517
2203.6484375	50.6198387146
2204.98901367	51.1784439087
2206.32958984	52.4379196167
2207.67041016	53.1225471497
2209.01098633	50.5697860718
2210.3515625	49.6678504944
2211.69238281	51.5832366943
2213.03295898	53.8704452515
2214.37353516	51.4079818726
2215.71435547	51.2634735107
2217.05493164	52.5939674377
2218.39550781	51.5351867676
2219.73632813	52.3265571594
2221.0769043	52.8829803467
2222.41748047	52.6506385803
2223.75830078	52.0626678467
2225.09887695	52.0040397644
2226.43945313	52.1215934753
2227.78027344	51.8248405457
2229.12084961	54.8128814697
2230.46142578	52.1263275146
2231.80224609	53.0335884094
2233.14282227	51.9819793701
2234.48339844	52.309589386
2235.82421875	52.9707946777
2237.16479492	51.3721961975
2238.50561523	51.1249275208
2239.84619141	52.8522262573
2241.18676758	51.4553489685
2242.52758789	52.7084655762
2243.86816406	52.6819458008
2245.20874023	50.5477523804
2246.54956055	51.0576934814
2247.89013672	51.7252616882
2249.23071289	52.1544570923
2250.5715332	51.4735832214
2251.91210938	51.7440948486
2253.25268555	51.7031745911
2254.59350586	52.6892318726
2255.93408203	51.4880256653
2257.2746582	51.988861084
2258.61547852	51.7589530945
2259.95605469	50.7075920105
2261.29663086	52.5888633728
2262.63745117	52.7197761536
2263.97802734	51.6412849426
2265.31860352	51.0560188293
2266.65942383	50.7737998962
2268	51.7329750061
2269.34057617	53.8322868347
2270.68139648	51.7053108215
2272.02197266	52.499546051
2273.36254883	52.7300605774
2274.70336914	52.2903671265
2276.04394531	51.8116989136
2277.38452148	51.5456237793
2278.7253418	51.8554496765
2280.06591797	52.0678977966
2281.40649414	52.3182487488
2282.74731445	54.0518608093
2284.08789063	52.1934814453
2285.4284668	51.9593505859
2286.76928711	52.4928207397
2288.10986328	52.4065895081
2289.45043945	52.6886825562
2290.79125977	51.1116523743
2292.13183594	52.9500198364
2293.47241211	52.4705696106
2294.81323242	51.0169448853
2296.15380859	52.7034568787
2297.49438477	52.9193763733
2298.83520508	51.49792099
2300.17578125	51.2784004211
2301.51660156	52.155708313
2302.85717773	52.4672279358
2304.19775391	51.8524513245
2305.53857422	52.9936599731
2306.87915039	53.0977630615
2308.21972656	52.423664093
2309.56054688	52.2366752625
2310.90112305	52.7817077637
2312.24169922	53.9129676819
2313.58251953	52.0621643066
2314.9230957	50.4233016968
2316.26367188	51.5593109131
2317.60449219	51.8035011292
2318.94506836	52.5405693054
2320.28564453	52.1805648804
2321.62646484	53.7608146667
2322.96704102	51.7171859741
2324.30761719	52.3293533325
2325.6484375	52.1839637756
2326.98901367	53.6509246826
2328.32958984	54.8163337708
2329.67041016	55.0284805298
2331.01098633	53.2505912781
2332.3515625	53.5652580261
2333.69238281	53.3477668762
2335.03295898	52.6464233398
2336.37353516	51.9682197571
2337.71435547	52.9818000793
2339.05493164	51.9059410095
2340.39550781	52.2230300903
2341.73632813	52.3581161499
2343.0769043	52.6578216553
2344.41748047	52.293346405
2345.75830078	53.4467544556
2347.09887695	54.1833114624
2348.43945313	53.4030952454
2349.78027344	52.5677909851
2351.12084961	51.9062004089
2352.46142578	52.0732421875
2353.80224609	52.3006706238
2355.14282227	53.8028259277
2356.48339844	52.7775268555
2357.82421875	53.6547431946
2359.16479492	52.3205604553
2360.50561523	55.0729179382
2361.84619141	54.3084068298
2363.18676758	55.5199661255
2364.52758789	55.1149635315
2365.86816406	54.3912315369
2367.20874023	54.4017410278
2368.54956055	55.2363586426
2369.89013672	54.8657951355
2371.23071289	55.5604705811
2372.5715332	54.3692092896
2373.91210938	54.103931427
2375.25268555	53.6328048706
2376.59350586	54.7319641113
2377.93408203	55.0636901855
2379.2746582	55.0676612854
2380.61547852	55.6255073547
2381.95605469	54.6254920959
2383.29663086	55.8453636169
2384.63745117	55.1033706665
2385.97802734	55.2038269043
2387.31860352	55.9316673279
2388.65942383	55.2459449768
2390	56.5676383972
2391.34057617	56.4611701965
2392.68139648	55.2946777344
2394.02197266	56.2678451538
2395.36254883	56.1900672913
2396.70336914	56.1833992004
2398.04394531	57.2322654724
2399.38452148	56.9461746216
2400.7253418	57.6389465332
2402.06591797	56.711730957
2403.40649414	58.4157295227
2404.74731445	59.178653717
2406.08789063	58.568195343
2407.4284668	60.215133667
2408.76928711	59.7804985046
2410.10986328	59.0346298218
2411.45043945	58.4606513977
2412.79125977	59.8773193359
2414.13183594	60.3546333313
2415.47241211	58.1717758179
2416.81323242	58.7063369751
2418.15380859	61.0927276611
2419.49438477	60.3794364929
2420.83520508	62.5106086731
2422.17578125	62.4332084656
2423.51660156	62.4962654114
2424.85717773	62.631980896
2426.19775391	62.9056739807
2427.53857422	63.9251594543
2428.87915039	64.7094955444
2430.21972656	65.1967849731
2431.56054688	65.6793060303
2432.90112305	65.8411407471
2434.24169922	66.1003570557
2435.58251953	66.4290161133
2436.9230957	66.5346298218
2438.26367188	67.42993927
2439.60449219	69.8826904297
2440.94506836	71.7114105225
2442.28564453	72.5177307129
2443.62646484	72.7135238647
2444.96704102	73.1896362305
2446.30761719	75.0450897217
2447.6484375	76.7847976685
2448.98901367	77.1142807007
2450.32958984	77.5953140259
2451.67041016	79.1912002563
2453.01098633	77.9185028076
2454.3515625	79.8439712524
2455.69238281	79.92162323
2457.03295898	80.7391967773
2458.37353516	79.9629135132
2459.71435547	79.4282531738
2461.05493164	77.1104278564
2462.39550781	78.9383926392
2463.73632813	79.7403945923
2465.0769043	78.1848907471
2466.41748047	78.7246932983
2467.75830078	78.2055282593
2469.09887695	78.2009658813
2470.43945313	77.8518676758
2471.78027344	77.9788742065
2473.12084961	79.7635269165
2474.46142578	78.1777038574
2475.80224609	78.1469421387
2477.14282227	77.6182022095
2478.48339844	78.3600692749
2479.82421875	78.3550796509
2481.16479492	78.1407318115
2482.50561523	77.0167999268
2483.84619141	77.914855957
2485.18676758	76.6767120361
2486.52758789	76.3677825928
2487.86816406	77.4321136475
2489.20874023	75.8638916016
2490.54956055	75.1101379395
2491.89013672	76.3759460449
2493.23071289	75.290802002
2494.5715332	76.8319625854
2495.91210938	76.2275466919
2497.25268555	74.5717163086
2498.59350586	76.3910293579
2499.93408203	75.7240142822
2501.2746582	75.6072998047
2502.61547852	76.381729126
2503.95605469	76.1576538086
2505.29663086	76.8998336792
2506.63745117	77.0753326416
2507.97802734	74.3205184937
2509.31860352	76.8833465576
2510.65942383	76.6421585083
2512	75.8727111816
2513.34057617	75.6293106079
2514.68139648	76.3513870239
2516.02197266	75.1312255859
2517.36254883	76.1989212036
2518.70336914	75.3115997314
2520.04394531	78.5853118896
2521.38452148	78.0642623901
2522.7253418	77.2182617188
2524.06591797	78.9589157104
2525.40649414	76.6145858765
2526.74731445	78.0348205566
2528.08789063	79.1359405518
2529.4284668	78.8663024902
2530.76928711	76.2879104614
2532.10986328	78.1510696411
2533.45043945	77.3723678589
2534.79125977	78.4548110962
2536.13183594	77.6561737061
2537.47241211	79.8860702515
2538.81323242	80.4874572754
2540.15380859	79.1094284058
2541.49438477	79.1036300659
2542.83520508	80.6027832031
2544.17578125	82.4065856934
2545.51660156	80.6819458008
2546.85717773	82.4575119019
2548.19775391	81.6198272705
2549.53857422	82.88646698
2550.87915039	82.9228591919
2552.21972656	83.4993972778
2553.56054688	85.4494552612
2554.90112305	86.2104492188
2556.24169922	85.4163208008
2557.58251953	86.7627029419
2558.9230957	86.7257232666
2560.26367188	87.1666870117
2561.60449219	89.4215393066
2562.94506836	90.0999298096
2564.28564453	90.468788147
2565.62646484	91.5928573608
2566.96704102	95.0104751587
2568.30761719	95.4536972046
2569.6484375	99.3524093628
2570.98901367	98.384147644
2572.32958984	99.9646224976
2573.67041016	100.294120789
2575.01098633	102.723358154
2576.3515625	104.892112732
2577.69238281	106.616645813
2579.03295898	110.725288391
2580.37353516	109.79132843
2581.71435547	110.78263092
2583.05493164	114.807655334
2584.39550781	118.279998779
2585.73632813	118.259376526
2587.0769043	123.133140564
2588.41748047	125.637359619
2589.75830078	126.558738708
2591.09887695	129.403961182
2592.43945313	132.845916748
2593.78027344	136.466491699
2595.12084961	141.099609375
2596.46142578	140.806167603
2597.80224609	146.954620361
2599.14282227	149.083435059
2600.48339844	150.14692688
2601.82421875	154.182296753
2603.16479492	157.058410645
2604.50561523	162.596237183
2605.84619141	166.792175293
2607.18676758	171.262557983
2608.52758789	176.303741455
2609.86816406	180.319900513
2611.20874023	182.003768921
2612.54956055	192.727325439
2613.89013672	196.778091431
2615.23071289	203.850616455
2616.5715332	210.964630127
2617.91210938	217.823120117
2619.25268555	229.662139893
2620.59350586	235.913604736
2621.93408203	239.196487427
2623.2746582	247.347793579
2624.61547852	254.992431641
2625.95605469	267.407348633
2627.29663086	273.574645996
2628.63745117	278.004089355
2629.97802734	287.140258789
2631.31860352	297.231231689
2632.65942383	313.243652344
2634	325.958557129
2635.34057617	335.449310303
2636.68139648	345.659881592
2638.02197266	359.365447998
2639.36254883	372.564605713
2640.70336914	386.824157715
2642.04394531	402.13104248
2643.38452148	418.250213623
2644.7253418	438.595794678
2646.06591797	449.86541748
2647.40649414	477.581298828
2648.74731445	492.703369141
2650.08789063	515.709655762
2651.4284668	530.937438965
2652.76928711	548.30456543
2654.10986328	575.428894043
2655.45043945	586.250610352
2656.79125977	611.493041992
2658.13183594	629.636657715
2659.47241211	640.109985352
2660.81323242	660.27532959
2662.15380859	666.528137207
2663.49438477	669.881164551
2664.83520508	672.605712891
2666.17578125	673.72467041
2667.51660156	662.14239502
2668.85717773	650.301574707
2670.19775391	640.680114746
2671.53857422	621.586120605
2672.87915039	605.101074219
2674.21972656	582.955627441
2675.56054688	559.558837891
2676.90112305	534.37121582
2678.24169922	506.051605225
2679.58251953	484.623535156
2680.9230957	458.571746826
2682.26367188	441.889678955
2683.60449219	415.717803955
2684.94506836	395.20401001
2686.28564453	375.95300293
2687.62646484	362.514221191
2688.96704102	342.699859619
2690.30761719	326.936462402
2691.6484375	307.642791748
2692.98901367	294.805145264
2694.32958984	281.542022705
2695.67041016	273.762390137
2697.01098633	258.347869873
2698.3515625	246.450759888
2699.69238281	239.065246582
2701.03295898	223.72857666
2702.37353516	214.98840332
2703.71435547	204.707473755
2705.05493164	196.590789795
2706.39550781	193.066085815
2707.73632813	184.747589111
2709.0769043	173.428237915
2710.41748047	169.805328369
2711.75830078	163.591156006
2713.09887695	159.854644775
2714.43945313	152.692123413
2715.78027344	146.303771973
2717.12084961	142.935409546
2718.46142578	139.401077271
2719.80224609	136.5597229
2721.14282227	131.109695435
2722.48339844	126.059234619
2723.82421875	125.063613892
2725.16479492	124.157203674
2726.50561523	120.515533447
2727.84619141	116.838096619
2729.18676758	112.66343689
2730.52758789	112.734146118
2731.86816406	110.309616089
2733.20874023	108.258453369
2734.54956055	104.749473572
2735.89013672	102.524459839
2737.23071289	100.521621704
2738.5715332	102.037139893
2739.91210938	97.4316101074
2741.25268555	96.2353515625
2742.59350586	95.8521728516
2743.93408203	93.627281189
2745.2746582	92.0472717285
2746.61547852	89.1584625244
2747.95605469	90.4170303345
2749.29663086	85.5335693359
2750.63745117	85.4851837158
2751.97802734	84.1294631958
2753.31860352	79.69947052
2754.65942383	80.9864730835
2756	82.6384811401
2757.34057617	81.0221710205
2758.68139648	80.91796875
2760.02197266	80.3784790039
2761.36254883	78.656288147
2762.70336914	78.3194122314
2764.04394531	75.1455307007
2765.38452148	74.4658966064
2766.7253418	75.6647872925
2768.06591797	75.2833404541
2769.40649414	74.3727493286
2770.74731445	72.9916229248
2772.08789063	73.80519104
2773.4284668	72.9398498535
2774.76928711	72.5156555176
2776.10986328	70.3488540649
2777.45043945	70.6379623413
2778.79125977	72.2548751831
2780.13183594	74.2875289917
2781.47241211	72.0045776367
2782.81323242	71.9014282227
2784.15380859	70.2593765259
2785.49438477	69.7446594238
2786.83520508	70.3414077759
2788.17578125	69.5302429199
2789.51660156	69.6489334106
2790.85717773	70.2704544067
2792.19775391	69.9339523315
2793.53857422	69.4934692383
2794.87915039	68.3121795654
2796.21972656	67.3802185059
2797.56054688	67.2661743164
2798.90112305	65.6728591919
2800.24169922	67.0823974609
2801.58251953	68.188621521
2802.9230957	66.2645492554
2804.26367188	67.8559570313
2805.60449219	67.0605773926
2806.94506836	64.5661468506
2808.28564453	66.9129486084
2809.62646484	65.6300430298
2810.96704102	64.8951416016
2812.30761719	64.2116165161
2813.6484375	66.1098861694
2814.98901367	69.6020507813
2816.32958984	65.904045105
2817.67041016	64.7845993042
2819.01098633	62.847984314
2820.3515625	63.8752632141
2821.69238281	63.3822479248
2823.03295898	62.2698860168
2824.37353516	63.2484359741
2825.71435547	63.1101455688
2827.05493164	61.7665939331
2828.39550781	61.7284355164
2829.73632813	59.8804092407
2831.0769043	61.6231384277
2832.41748047	62.7262496948
2833.75830078	62.9217033386
2835.09887695	61.2782249451
2836.43945313	62.3068122864
2837.78027344	60.5014686584
2839.12084961	61.1793937683
2840.46142578	60.4416313171
2841.80224609	59.892780304
2843.14282227	59.8872070313
2844.48339844	58.8739929199
2845.82421875	59.4740867615
2847.16479492	59.3950119019
2848.50561523	58.2421379089
2849.84619141	58.7001342773
2851.18676758	61.9410591125
2852.52758789	57.252784729
2853.86816406	59.639755249
2855.20874023	58.7269554138
2856.54956055	58.700176239
2857.89013672	58.9276542664
2859.23071289	57.6664772034
2860.5715332	59.2940406799
2861.91210938	58.0743484497
2863.25268555	57.9791793823
2864.59350586	53.9119377136
2865.93408203	57.1779441833
2867.2746582	55.2901420593
2868.61547852	56.2918624878
2869.95605469	56.4557723999
2871.29663086	55.4666213989
2872.63745117	55.9882125854
2873.97802734	56.1044769287
2875.31860352	56.7780075073
2876.65942383	56.8211898804
2878	57.192276001
2879.34057617	58.2170639038
2880.68139648	57.7863540649
2882.02197266	56.7937736511
2883.36254883	54.2269821167
2884.70336914	55.2708625793
2886.04394531	53.5643692017
2887.38452148	53.514995575
2888.7253418	55.508480072
2890.06591797	55.8958206177
2891.40649414	56.6681632996
2892.74731445	55.6103973389
2894.08789063	56.3861808777
2895.4284668	55.7779312134
2896.76928711	53.7959098816
2898.10986328	56.6607971191
2899.45043945	55.6540374756
2900.79125977	54.7028617859
2902.13183594	54.4119529724
2903.47241211	54.5426902771
2904.81323242	56.0081939697
2906.15380859	56.5338935852
2907.49438477	54.9590911865
2908.83520508	55.5805053711
2910.17578125	55.6372566223
2911.51660156	55.0177955627
2912.85717773	55.7111778259
2914.19775391	54.9379959106
2915.53857422	55.0239486694
2916.87915039	54.8529586792
2918.21972656	56.3858604431
2919.56054688	55.9159431458
2920.90112305	56.7748908997
2922.24169922	56.8110084534
2923.58251953	56.8207130432
2924.9230957	57.1965332031
2926.26367188	51.7520179749
2927.60449219	54.7603149414
2928.94506836	56.2484931946
2930.28564453	55.2758827209
2931.62646484	53.5168457031
2932.96704102	55.4264717102
2934.30761719	54.3695869446
2935.6484375	52.9334945679
2936.98901367	53.3881072998
2938.32958984	55.4380645752
2939.67041016	53.5937080383
2941.01098633	53.7069206238
2942.3515625	54.6717758179
2943.69238281	53.3816452026
2945.03295898	54.2890625
2946.37353516	55.0342521667
2947.71435547	52.9498634338
2949.05493164	53.1552963257
2950.39550781	54.703754425
2951.73632813	53.911693573
2953.0769043	52.1377868652
2954.41748047	54.0731391907
2955.75830078	53.0453834534
2957.09887695	53.898147583
2958.43945313	53.1931304932
2959.78027344	55.4805870056
2961.12084961	52.169380188
2962.46142578	51.9799690247
2963.80224609	52.5320892334
2965.14282227	52.022644043
2966.48339844	51.7247924805
2967.82421875	51.7950897217
2969.16479492	52.6383857727
2970.50561523	51.0156517029
2971.84619141	53.1511993408
2973.18676758	53.2312202454
2974.52758789	51.6656265259
2975.86816406	52.0687675476
2977.20874023	52.8906021118
2978.54956055	50.0767631531
2979.89013672	51.3386230469
2981.23071289	51.1722755432
2982.5715332	51.9292564392
2983.91210938	51.6710510254
2985.25268555	52.2702484131
2986.59350586	51.8149108887
2987.93408203	51.9691200256
2989.2746582	50.6202125549
2990.61547852	50.8448867798
2991.95605469	51.7744750977
2993.29663086	53.3390541077
2994.63745117	52.8652381897
2995.97802734	51.7314529419
2997.31860352	48.5464820862
2998.65942383	51.1519813538
3000	52.5303459167
