-50	73.4648742676
-48.3767700195	74.5911407471
-46.7535438538	75.2199707031
-45.1303138733	74.0498504639
-43.5070877075	75.1737823486
-41.8838577271	76.6199493408
-40.2606315613	78.1859817505
-38.6374015808	80.5251617432
-37.014175415	84.2939682007
-35.3909454346	86.6963424683
-33.7677192688	88.8343811035
-32.1444892883	91.4804153442
-30.5212612152	94.5557250977
-28.8980331421	97.4605636597
-27.274805069	98.7573623657
-25.6515769958	103.376426697
-24.0283489227	108.803031921
-22.4051208496	113.768280029
-20.7818927765	119.99055481
-19.1586647034	131.951889038
-17.5354366302	138.674301147
-15.9122085571	145.793411255
-14.288980484	179.009994507
-12.6657524109	240.131393433
-11.0425243378	372.973632813
-9.41929626465	930.483154297
-7.79606771469	4753.00488281
-6.17283964157	9998.12011719
-4.54961156845	19971.0683594
-2.92638325691	29753.3125
-1.30315506458	18004.4765625
0.320073157549	23383.0703125
1.94330132008	24978.828125
3.56652951241	18324.7324219
5.18975782394	8115.04248047
6.81298589706	3894.32299805
8.43621444702	1639.72387695
10.0594425201	556.443786621
11.6826705933	186.014663696
13.3058986664	135.919219971
14.9291267395	115.616516113
16.5523548126	106.800842285
18.1755828857	102.127815247
19.7988109589	95.457069397
21.422039032	89.8507156372
23.0452671051	86.8463821411
24.6684951782	85.6637268066
26.2917232513	80.9415512085
27.9149513245	78.0256576538
29.5381793976	74.2953643799
31.1614074707	70.4561233521
32.7846374512	68.3318481445
34.4078636169	70.0335083008
36.0310935974	64.9441223145
37.6543197632	61.8843650818
39.2775497437	60.8946151733
40.9007759094	60.7539596558
42.5240058899	59.8840942383
44.1472320557	59.2512016296
45.7704620361	56.3656997681
47.3936882019	56.351398468
49.0169181824	56.3220214844
50.6401481628	54.0121002197
52.2633743286	53.456363678
53.8866043091	53.7556152344
55.5098304749	54.1507415771
57.1330604553	55.1147689819
58.7562866211	57.3247108459
60.3795166016	61.486038208
62.0027427673	68.3120040894
63.6259727478	77.9237213135
65.2491989136	88.2549285889
66.872428894	97.1703186035
68.4956588745	103.449806213
70.1188812256	107.464828491
71.7421112061	110.588859558
73.3653411865	111.611656189
74.988571167	110.891571045
76.6117935181	110.503074646
78.2350234985	112.1639328
79.858253479	113.614509583
81.4814834595	111.595329285
83.1047134399	109.032485962
84.727935791	109.129615784
86.3511657715	110.304534912
87.974395752	107.858703613
89.5976257324	111.495147705
91.2208480835	112.008071899
92.844078064	111.788619995
94.4673080444	111.431762695
96.0905380249	111.718399048
97.713760376	114.357818604
99.3369903564	113.064323425
100.960220337	114.563476563
102.583450317	117.086883545
104.206672668	119.995811462
105.829902649	122.781333923
107.453132629	123.266403198
109.07636261	123.725982666
110.699584961	128.112335205
112.322814941	134.209030151
113.946044922	140.59513855
115.569274902	147.201843262
117.192504883	154.993331909
118.815727234	166.587600708
120.438957214	176.582290649
122.062187195	183.823287964
123.685417175	190.224243164
125.308639526	199.847763062
126.931869507	206.435531616
128.555099487	208.560546875
130.178329468	210.626327515
131.801559448	211.513549805
133.424789429	210.43309021
135.04800415	210.596359253
136.671234131	212.687698364
138.294464111	217.102462769
139.917694092	221.70362854
141.540924072	226.985519409
143.164154053	234.592391968
144.787384033	245.709686279
146.410614014	251.728118896
148.033828735	254.963806152
149.657058716	252.915023804
151.280288696	247.279006958
152.903518677	240.356323242
154.526748657	224.869766235
156.149978638	209.291732788
157.773208618	194.388885498
159.396438599	180.012710571
161.019668579	167.220901489
162.642883301	157.168563843
164.266113281	145.931442261
165.889343262	142.133590698
167.512573242	136.478149414
169.135803223	130.80267334
170.759033203	126.323188782
172.382263184	122.732521057
174.005493164	125.710014343
175.628707886	125.250244141
177.251937866	124.005592346
178.875167847	123.728721619
180.498397827	125.237037659
182.121627808	128.183700562
183.744857788	130.687088013
185.368087769	133.589508057
186.991317749	132.042800903
188.614547729	127.628845215
190.237762451	121.2137146
191.860992432	111.611228943
193.484222412	104.229568481
195.107452393	96.370552063
196.730682373	91.8009338379
198.353912354	88.4889907837
199.977142334	85.5917510986
201.600372314	85.2691192627
203.223587036	87.2312316895
204.846817017	87.4178237915
206.470046997	87.0352020264
208.093276978	84.6817779541
209.716506958	80.9507064819
211.339736938	78.9457550049
212.962966919	76.0436019897
214.586196899	73.4439620972
216.20942688	72.8444671631
217.832641602	72.0872802734
219.455871582	70.469833374
221.079101563	69.7683029175
222.702331543	70.0394515991
224.325561523	70.5835952759
225.948791504	68.9769363403
227.572021484	68.2543563843
229.195251465	68.5728530884
230.818466187	67.1541061401
232.441696167	68.4203186035
234.064926147	67.1979064941
235.688156128	66.6825180054
237.311386108	67.5160903931
238.934616089	68.8521575928
240.557846069	69.3352432251
242.18107605	69.7612304688
243.804290771	70.9269943237
245.427520752	71.5414352417
247.050750732	70.455116272
248.673980713	69.5120620728
250.297210693	70.6890335083
251.920440674	69.2376174927
253.543670654	70.4995574951
255.166900635	71.3037643433
256.790130615	70.9891815186
258.413360596	71.0832519531
260.036590576	71.8112106323
261.659820557	67.6727294922
263.283050537	69.048576355
264.90625	68.0886230469
266.52947998	68.1916656494
268.152709961	67.2279968262
269.775939941	64.6329650879
271.399169922	65.8426132202
273.022399902	65.5567550659
274.645629883	65.9522781372
276.268859863	65.6080856323
277.892089844	65.244140625
279.515319824	65.4495162964
281.138549805	65.6236877441
282.761779785	62.9027938843
284.385009766	63.3489837646
286.008239746	63.628326416
287.631469727	63.8425178528
289.254699707	63.828666687
290.877929688	63.0747146606
292.50112915	62.0334320068
294.124359131	63.6397476196
295.747589111	65.6845092773
297.370819092	66.1995010376
298.994049072	65.5329208374
300.617279053	64.8330612183
302.240509033	64.1542053223
303.863739014	62.9939575195
305.486968994	63.6355133057
307.110198975	63.1507797241
308.733428955	63.2920341492
310.356658936	64.4296798706
311.979888916	63.9176177979
313.603118896	62.9702072144
315.226348877	63.6118164063
316.849578857	63.8783454895
318.472808838	63.0912284851
320.096008301	62.7334213257
321.719238281	64.0944366455
323.342468262	63.5801048279
324.965698242	63.1305923462
326.588928223	62.7613067627
328.212158203	62.4999809265
329.835388184	62.141254425
331.458618164	61.3639144897
333.081848145	60.1483383179
334.705078125	61.8760375977
336.328308105	62.1454620361
337.951538086	62.7063331604
339.574768066	63.4166221619
341.197998047	63.1529502869
342.821228027	61.4217796326
344.444458008	61.3918151855
346.067657471	61.496383667
347.690887451	61.5910148621
349.314117432	61.6224021912
350.937347412	61.9117507935
352.560577393	62.6620178223
354.183807373	63.3843994141
355.807037354	60.949596405
357.430267334	60.7943115234
359.053497314	62.0980834961
360.676727295	62.0813179016
362.299957275	61.5472869873
363.923187256	62.4212379456
365.546417236	61.1784553528
367.169647217	61.1369094849
368.792877197	62.8851203918
370.416107178	62.9509353638
372.039337158	62.2713127136
373.662536621	62.2204818726
375.285766602	62.5110282898
376.908996582	62.3236198425
378.532226563	62.9047393799
380.155456543	62.8878707886
381.778686523	63.1264038086
383.401916504	63.9412727356
385.025146484	64.2246780396
386.648376465	61.6750946045
388.271606445	62.6863975525
389.894836426	62.4643249512
391.518066406	62.4890060425
393.141296387	61.5538787842
394.764526367	60.8143386841
396.387756348	62.2107810974
398.010986328	62.8414802551
399.634216309	62.6579093933
401.257415771	61.8178253174
402.880645752	61.4721870422
404.503875732	61.2186927795
406.127105713	60.8384666443
407.750335693	60.7489128113
409.373565674	60.4292564392
410.996795654	61.8593521118
412.620025635	62.4563484192
414.243255615	61.6608314514
415.866485596	60.4750823975
417.489715576	60.2218933105
419.112945557	61.2730712891
420.736175537	61.4929885864
422.359405518	60.587928772
423.982635498	59.9308395386
425.605865479	60.0400695801
427.229095459	60.5492095947
428.852294922	60.7897872925
430.475524902	60.5336837769
432.098754883	60.7793045044
433.721984863	60.7717323303
435.345214844	59.9036407471
436.968444824	59.9947853088
438.591674805	60.4623718262
440.214904785	59.9392929077
441.838134766	59.3473052979
443.461364746	60.3738098145
445.084594727	59.5254669189
446.707824707	60.4892120361
448.331054688	60.8135223389
449.954284668	60.3726806641
451.577514648	60.182926178
453.200744629	58.4899597168
454.823974609	59.5562477112
456.447174072	60.6309051514
458.070404053	61.2226638794
459.693634033	60.9261474609
461.316864014	59.9233818054
462.940093994	59.0699081421
464.563323975	59.5531768799
466.186553955	60.1119728088
467.809783936	60.8577690125
469.433013916	60.620098114
471.056243896	60.7609100342
472.679473877	60.7682952881
474.302703857	59.8969535828
475.925933838	60.2527313232
477.549163818	60.0377693176
479.172393799	60.718788147
480.795623779	61.1031494141
482.41885376	60.5294265747
484.042053223	59.6351661682
485.665283203	59.5607147217
487.288513184	60.4559135437
488.911743164	58.7561836243
490.534973145	59.3097572327
492.158203125	60.2788085938
493.781433105	60.9202384949
495.404663086	60.5655441284
497.027893066	59.5061645508
498.651123047	59.2769546509
500.274353027	59.6875152588
501.897583008	59.3016662598
503.520812988	59.9030838013
505.144042969	60.602848053
506.767272949	60.9377479553
508.39050293	60.6342124939
510.013702393	59.6731185913
511.636932373	59.8114051819
513.260192871	59.5972480774
514.883422852	58.9902496338
516.506652832	58.658203125
518.129882813	58.64012146
519.753112793	59.1441001892
521.376342773	60.2092781067
522.999572754	60.2958908081
524.622741699	59.9939994812
526.24597168	59.6531219482
527.86920166	59.6685905457
529.492431641	60.6978340149
531.115661621	61.0574455261
532.738891602	59.6466217041
534.362121582	59.5379867554
535.985351563	59.4582901001
537.608581543	58.5946044922
539.231811523	58.5938568115
540.855041504	59.0055732727
542.478271484	59.5830612183
544.101501465	60.1043663025
545.724731445	60.1546897888
547.347961426	59.7262878418
548.971191406	60.1478385925
550.594421387	60.5671730042
552.217651367	59.8269119263
553.840881348	59.90102005
555.464111328	60.5730514526
557.087341309	60.0051193237
558.710571289	59.3200721741
560.33380127	58.7306251526
561.95703125	59.5446243286
563.58026123	60.1491584778
565.203491211	59.5416603088
566.826721191	59.2134819031
568.449951172	59.6161689758
570.073181152	58.7312736511
571.696411133	58.4539070129
573.319641113	59.86510849
574.942871094	60.0064735413
576.566101074	59.9135398865
578.18927002	59.1966552734
579.8125	58.7215194702
581.43572998	59.2432861328
583.058959961	58.6266059875
584.682189941	58.3214530945
586.305419922	59.5124320984
587.928649902	59.2513656616
589.551879883	58.8816947937
591.175109863	59.4652557373
592.798339844	60.0663490295
594.421569824	59.4438743591
596.044799805	60.9056053162
597.668029785	59.9292602539
599.291259766	60.4259643555
600.914489746	59.9959640503
602.537719727	59.7934989929
604.160949707	59.6309661865
605.784179688	59.1579246521
607.407409668	59.3433074951
609.030639648	59.4784622192
610.653869629	59.0885734558
612.277099609	59.7632522583
613.90032959	59.0213546753
615.52355957	58.5124359131
617.146789551	58.962726593
618.770019531	59.6746940613
620.393249512	60.2344284058
622.016479492	59.4006996155
623.639709473	58.8837776184
625.262939453	60.7099838257
626.886169434	60.3545265198
628.509399414	59.1311073303
630.132629395	58.5666389465
631.755859375	58.6921386719
633.37902832	59.648979187
635.002258301	59.0350418091
636.625488281	59.2995605469
638.248718262	61.2837257385
639.871948242	61.5528373718
641.495178223	60.6005973816
643.118408203	59.7165374756
644.741638184	59.447479248
646.364868164	60.183807373
647.988098145	60.5247764587
649.611328125	60.5620193481
651.234558105	60.4009971619
652.857788086	60.1320571899
654.481018066	60.7393722534
656.104248047	61.5489959717
657.727478027	61.0654335022
659.350708008	60.1086616516
660.973937988	61.4365653992
662.597167969	63.0667037964
664.220397949	62.0481872559
665.84362793	60.7451553345
667.46685791	60.8277168274
669.090087891	61.3631858826
670.713317871	61.156578064
672.336547852	61.5871505737
673.959777832	61.2535476685
675.583007813	61.6922836304
677.206237793	62.5430183411
678.829467773	62.3972320557
680.452697754	61.6803092957
682.075927734	60.9048805237
683.699157715	60.772895813
685.322387695	61.8734436035
686.945617676	60.669834137
688.568786621	61.1892242432
690.192016602	61.9676208496
691.815246582	62.7349128723
693.438476563	62.098033905
695.061706543	61.3254852295
696.684936523	61.8745155334
698.308166504	62.6561508179
699.931396484	61.3290100098
701.554626465	62.053276062
703.177856445	61.9191246033
704.801086426	62.0986785889
706.424316406	61.5613975525
708.047546387	60.8446578979
709.670776367	60.431388855
711.294006348	60.2612380981
712.917236328	60.8711395264
714.540466309	62.0902709961
716.163696289	61.4809570313
717.78692627	61.6009674072
719.41015625	61.7421646118
721.03338623	61.9116706848
722.656616211	62.0570449829
724.279846191	61.8734664917
725.903076172	61.3617286682
727.526306152	61.6764144897
729.149536133	62.4050064087
730.772766113	61.8403511047
732.395996094	61.5705108643
734.019226074	62.4758529663
735.642456055	62.1442565918
737.265686035	60.9225845337
738.888916016	60.9851951599
740.512145996	60.5588340759
742.135314941	62.1688156128
743.758544922	61.2852363586
745.381774902	61.072467804
747.005004883	61.4391326904
748.628234863	61.5413818359
750.251464844	61.5863304138
751.874694824	62.1347923279
753.497924805	62.8711585999
755.121154785	62.67420578
756.744384766	62.6529426575
758.367614746	63.2211990356
759.990844727	64.0280227661
761.614074707	63.4224014282
763.237304688	63.2724189758
764.860534668	63.7630844116
766.483764648	63.2057800293
768.106994629	61.4332923889
769.730224609	61.6768379211
771.35345459	60.7547073364
772.97668457	61.0825614929
774.599914551	62.8126831055
776.223144531	62.5765419006
777.846374512	63.0415306091
779.469604492	63.1931648254
781.092834473	61.5886230469
782.716064453	61.999206543
784.339294434	61.1836853027
785.962524414	62.4114379883
787.585754395	61.0148277283
789.208984375	60.8409194946
790.832214355	61.6235961914
792.455444336	62.4783172607
794.078674316	62.3910675049
795.701904297	61.9448165894
797.325073242	62.8563156128
798.948303223	61.7827224731
800.571533203	61.4350128174
802.194763184	60.6202316284
803.817993164	61.1186065674
805.441223145	61.4380226135
807.064453125	61.6238937378
808.687683105	61.8858909607
810.310913086	61.8166275024
811.934143066	61.3499526978
813.557373047	62.0503234863
815.180603027	61.2375564575
816.803833008	61.7535934448
818.427062988	62.2825431824
820.050292969	62.3726882935
821.673522949	62.2770080566
823.29675293	62.2579917908
824.91998291	62.5145454407
826.543212891	62.5195655823
828.166442871	60.6674385071
829.789672852	62.0218162537
831.412902832	60.4154853821
833.036132813	61.7434310913
834.659362793	61.9199829102
836.282592773	61.8522338867
837.905822754	61.9942893982
839.529052734	62.4656219482
841.152282715	62.9710884094
842.775512695	62.2191314697
844.398742676	62.2682647705
846.021972656	63.092338562
847.645202637	63.5654182434
849.268432617	63.6259384155
850.891662598	64.2484741211
852.514831543	66.0777282715
854.138061523	66.4327850342
855.761291504	64.9314041138
857.384521484	65.0709686279
859.007751465	64.4814300537
860.630981445	65.107963562
862.254211426	64.7800292969
863.877441406	66.245880127
865.500671387	64.6445388794
867.123901367	63.2279281616
868.747131348	63.5968132019
870.370361328	63.397857666
871.993591309	62.2211456299
873.616821289	63.5820159912
875.24005127	62.0187759399
876.86328125	62.9300537109
878.48651123	64.7722320557
880.109741211	63.6928901672
881.732971191	63.7181167603
883.356201172	63.026638031
884.979431152	62.6592102051
886.602661133	63.0209960938
888.225891113	63.0588760376
889.849121094	64.3928756714
891.472351074	64.4063110352
893.095581055	63.0353279114
894.718811035	62.8637046814
896.342041016	62.3674926758
897.965270996	62.8799362183
899.588500977	62.8590812683
901.211730957	62.465423584
902.834960938	62.8462982178
904.458190918	63.6170539856
906.081359863	63.4279441833
907.704589844	63.8003540039
909.327819824	64.0125198364
910.951049805	63.5869560242
912.574279785	62.5404243469
914.197509766	62.533405304
915.820739746	62.5859146118
917.443969727	62.9523010254
919.067199707	63.2320785522
920.690429688	63.0001029968
922.313659668	63.8886375427
923.936889648	63.8051795959
925.560119629	62.4287185669
927.183349609	62.4302253723
928.80657959	63.3462219238
930.42980957	65.2960586548
932.053039551	65.0576934814
933.676269531	65.0767364502
935.299499512	65.0032348633
936.922729492	63.6671218872
938.545959473	63.7863273621
940.169189453	62.5179824829
941.792419434	63.7821540833
943.415649414	64.5703277588
945.038879395	64.8366546631
946.662109375	63.8199272156
948.285339355	63.6633110046
949.908569336	64.5594406128
951.531799316	64.4572296143
953.155029297	63.6904563904
954.778259277	63.911403656
956.401489258	63.2781867981
958.024719238	64.5917510986
959.647949219	64.4724731445
961.271118164	63.6937103271
962.894348145	62.9497528076
964.517578125	62.7564468384
966.140808105	62.9240608215
967.764038086	62.6687507629
969.387268066	62.062702179
971.010498047	62.2963371277
972.633728027	63.1675872803
974.256958008	61.7606773376
975.880187988	61.8728713989
977.503417969	59.5282249451
979.126647949	61.4569320679
980.74987793	62.5386886597
982.37310791	61.4773025513
983.996337891	61.4527320862
985.619567871	61.0915184021
987.242797852	60.3610115051
988.866027832	60.3413009644
990.489257813	59.8630752563
992.112487793	60.4241523743
993.735717773	61.3116073608
995.358947754	60.1940345764
996.982177734	58.9832077026
998.605407715	59.703289032
1000.2286377	59.6489715576
1001.85186768	59.8427009583
1003.47509766	59.5917663574
1005.09832764	59.8576812744
1006.72155762	61.4662208557
1008.3447876	61.7487220764
1009.96801758	59.6064071655
1011.59124756	60.3706321716
1013.21447754	60.4327278137
1014.83770752	58.4718017578
1016.46087646	60.5959320068
1018.08410645	59.8822631836
1019.70733643	59.678527832
1021.33056641	60.7145576477
1022.95379639	60.8774490356
1024.57702637	59.9008216858
1026.20031738	59.8201904297
1027.82348633	60.9534111023
1029.44677734	60.7392921448
1031.06994629	59.2713394165
1032.6932373	60.79945755
1034.31640625	59.0922927856
1035.93969727	59.5583572388
1037.56286621	60.4836921692
1039.18615723	59.557926178
1040.80932617	59.5712432861
1042.43249512	61.1639518738
1044.05578613	61.8270645142
1045.67895508	61.4421958923
1047.30224609	61.8406410217
1048.92541504	62.4560508728
1050.54870605	61.9284515381
1052.171875	61.9903068542
1053.79516602	61.1586799622
1055.41833496	61.5030975342
1057.04162598	62.3893470764
1058.66479492	61.9580764771
1060.28808594	61.8238639832
1061.91125488	62.5659637451
1063.5345459	62.9588317871
1065.15771484	63.3246879578
1066.78100586	63.6934127808
1068.4041748	63.2070541382
1070.02746582	63.122882843
1071.65063477	62.9427909851
1073.27392578	65.56275177
1074.89709473	64.7291641235
1076.52038574	65.0080871582
1078.14355469	65.0658874512
1079.7668457	64.7040328979
1081.39001465	64.5986557007
1083.01330566	64.3948745728
1084.63647461	63.7939758301
1086.25976563	63.3503189087
1087.88293457	64.5539627075
1089.50622559	63.362953186
1091.12939453	63.6126899719
1092.75268555	63.1724700928
1094.37585449	63.0315322876
1095.99914551	63.3207015991
1097.62231445	63.3094520569
1099.2454834	62.5408973694
1100.86877441	62.326374054
1102.49194336	61.9428787231
1104.11523438	61.0641174316
1105.73840332	62.146396637
1107.36169434	60.7661247253
1108.98486328	60.2045211792
1110.6081543	60.2047157288
1112.23132324	60.2915611267
1113.85461426	61.1873855591
1115.4777832	60.5944099426
1117.10107422	60.5324668884
1118.72424316	61.5944595337
1120.34753418	61.875919342
1121.97070313	60.4517784119
1123.59399414	59.8442077637
1125.21716309	61.0165214539
1126.8404541	60.6786155701
1128.46362305	61.1348876953
1130.08691406	60.745136261
1131.71008301	61.5323181152
1133.33337402	60.259513855
1134.95654297	61.2211074829
1136.57983398	60.1088676453
1138.20300293	61.0234107971
1139.82629395	60.4960975647
1141.44946289	60.4635047913
1143.07275391	60.6868133545
1144.69592285	60.2743110657
1146.31921387	60.2443084717
1147.94238281	60.139591217
1149.56567383	61.2596244812
1151.18884277	59.8254814148
1152.81201172	60.7929992676
1154.43530273	60.0265045166
1156.05847168	61.4473381042
1157.6817627	60.1288108826
1159.30493164	61.0206031799
1160.92822266	60.8212966919
1162.5513916	60.1032905579
1164.17468262	60.2514839172
1165.79785156	61.3182945251
1167.42114258	61.7573471069
1169.04431152	60.6215744019
1170.66760254	60.1772232056
1172.29077148	61.1534233093
1173.9140625	60.7360229492
1175.53723145	60.656791687
1177.16052246	61.9712181091
1178.78369141	61.7496910095
1180.40698242	61.0655517578
1182.03015137	61.502784729
1183.65344238	61.0197639465
1185.27661133	59.6440353394
1186.89990234	60.2578010559
1188.52307129	61.1582450867
1190.1463623	60.7614974976
1191.76953125	61.3856124878
1193.39282227	61.7184371948
1195.01599121	59.9612541199
1196.63928223	60.6668777466
1198.26245117	59.8594703674
1199.88574219	61.3727073669
1201.50891113	62.2763175964
1203.13220215	61.3101577759
1204.75537109	61.1455955505
1206.37854004	61.5701904297
1208.00183105	62.542427063
1209.625	61.9782829285
1211.24829102	60.8421516418
1212.87145996	61.0489311218
1214.49475098	62.0163040161
1216.11791992	62.7013015747
1217.74121094	62.9572257996
1219.36437988	62.6182022095
1220.9876709	62.7668914795
1222.61083984	62.5651931763
1224.23413086	62.0949287415
1225.8572998	62.4663581848
1227.48059082	62.6486930847
1229.10375977	62.2533111572
1230.72705078	62.9655990601
1232.35021973	62.2471008301
1233.97351074	62.2088508606
1235.59667969	63.3550605774
1237.2199707	64.2184295654
1238.84313965	64.0947189331
1240.46643066	63.4705581665
1242.08959961	63.8990707397
1243.71289063	64.3409194946
1245.33605957	64.8036422729
1246.95935059	63.7205886841
1248.58251953	64.3011245728
1250.20581055	64.6600799561
1251.82897949	63.8186798096
1253.45227051	63.1709709167
1255.07543945	64.9084091187
1256.69873047	65.1824874878
1258.32189941	64.8861846924
1259.94519043	64.3207321167
1261.56835938	64.2029190063
1263.19152832	65.5350112915
1264.81481934	67.1888656616
1266.43798828	67.5128173828
1268.0612793	66.7003479004
1269.68444824	65.8535385132
1271.30773926	67.27318573
1272.9309082	66.1269226074
1274.55419922	69.4562072754
1276.17736816	66.9070663452
1277.80065918	67.4064178467
1279.42382813	67.8064651489
1281.04711914	66.3481826782
1282.67028809	69.2094421387
1284.2935791	68.2336578369
1285.91674805	67.5624237061
1287.54003906	68.6080856323
1289.16320801	69.795173645
1290.78649902	70.0649414063
1292.40966797	69.1934432983
1294.03295898	69.4231491089
1295.65612793	69.2526473999
1297.27941895	70.7785415649
1298.90258789	71.600479126
1300.52587891	74.8993377686
1302.14904785	72.988899231
1303.77233887	75.103553772
1305.39550781	75.6811523438
1307.01879883	75.9676437378
1308.64196777	78.188873291
1310.26525879	78.571182251
1311.88842773	78.3957748413
1313.51171875	79.3569564819
1315.1348877	81.3380508423
1316.75805664	82.6413955688
1318.38134766	83.0681381226
1320.0045166	83.6710891724
1321.62780762	84.8640289307
1323.25097656	86.3927841187
1324.87426758	86.9094467163
1326.49743652	90.2416534424
1328.12072754	88.985168457
1329.74389648	92.3628463745
1331.3671875	93.5210647583
1332.99035645	99.5526351929
1334.61364746	100.304359436
1336.23681641	102.302528381
1337.86010742	105.852111816
1339.48327637	110.237823486
1341.10656738	113.433609009
1342.72973633	114.093132019
1344.35302734	114.112380981
1345.97619629	113.217308044
1347.5994873	111.525863647
1349.22265625	109.510368347
1350.84594727	106.779151917
1352.46911621	102.842048645
1354.09240723	96.9275436401
1355.71557617	95.5257720947
1357.33886719	92.1133270264
1358.96203613	90.5942306519
1360.58532715	87.7955093384
1362.20849609	85.9178009033
1363.83178711	84.717376709
1365.45495605	84.9877471924
1367.07824707	85.8920059204
1368.70141602	85.1026611328
1370.32458496	84.1575698853
1371.94787598	83.6367340088
1373.57104492	83.7887420654
1375.19433594	83.4920120239
1376.81750488	81.8522720337
1378.4407959	80.3596496582
1380.06396484	79.8770523071
1381.68725586	79.0045776367
1383.3104248	78.8797454834
1384.93371582	80.2552566528
1386.55688477	78.9464263916
1388.18017578	79.9078292847
1389.80334473	79.8561172485
1391.42663574	79.1676330566
1393.04980469	79.2884063721
1394.6730957	77.1687927246
1396.29626465	78.2765197754
1397.91955566	79.0037765503
1399.54272461	79.2994155884
1401.16601563	79.1584701538
1402.78918457	80.2129821777
1404.41247559	79.8103561401
1406.03564453	79.2799682617
1407.65893555	79.4685897827
1409.28210449	80.0006713867
1410.90539551	79.9108352661
1412.52856445	80.1556854248
1414.15185547	80.9945831299
1415.77502441	81.694229126
1417.39831543	82.4342193604
1419.02148438	83.0354156494
1420.64477539	83.6148757935
1422.26794434	84.0945129395
1423.89123535	84.4210968018
1425.5144043	85.0243148804
1427.13757324	85.5073242188
1428.76086426	88.503036499
1430.3840332	85.8309555054
1432.00732422	86.8395690918
1433.63049316	87.4273071289
1435.25378418	88.1315460205
1436.87695313	88.2863006592
1438.50024414	88.6449356079
1440.12341309	89.0887756348
1441.7467041	91.3971939087
1443.36987305	90.8771896362
1444.99316406	90.7836608887
1446.61633301	92.4202804565
1448.23962402	93.1254882813
1449.86279297	92.9671325684
1451.48608398	95.2691268921
1453.10925293	96.267036438
1454.73254395	94.5918731689
1456.35571289	96.0244598389
1457.97900391	96.8707885742
1459.60217285	97.3351287842
1461.22546387	97.9241638184
1462.84863281	102.002914429
1464.47192383	101.48285675
1466.09509277	100.754074097
1467.71838379	103.396903992
1469.34155273	104.259536743
1470.96484375	106.609451294
1472.5880127	106.510688782
1474.21130371	107.602874756
1475.83447266	110.211471558
1477.45776367	109.874694824
1479.08093262	110.304573059
1480.70410156	112.621566772
1482.32739258	114.75554657
1483.95056152	117.90196991
1485.57385254	117.906967163
1487.19702148	120.049659729
1488.8203125	123.805534363
1490.44348145	126.53981781
1492.06677246	129.648483276
1493.68994141	132.588348389
1495.31323242	134.962509155
1496.93640137	139.100082397
1498.55969238	143.444122314
1500.18286133	145.281509399
1501.80615234	147.347061157
1503.42932129	149.854217529
1505.0526123	156.237731934
1506.67578125	161.758483887
1508.29907227	167.415130615
1509.92224121	174.069259644
1511.54553223	180.800445557
1513.16870117	183.638473511
1514.79199219	194.220596313
1516.41516113	204.831253052
1518.03845215	213.410476685
1519.66162109	221.436935425
1521.28491211	232.758056641
1522.90808105	243.581207275
1524.53137207	255.796447754
1526.15454102	267.486846924
1527.77783203	282.075134277
1529.40100098	301.626556396
1531.02429199	321.401123047
1532.64746094	344.351898193
1534.27062988	361.109741211
1535.8939209	383.438140869
1537.51708984	407.10458374
1539.14038086	430.461212158
1540.7635498	460.323883057
1542.38684082	491.517730713
1544.01000977	525.233764648
1545.63330078	565.965820313
1547.25646973	608.349304199
1548.87976074	651.294311523
1550.50292969	699.351745605
1552.1262207	753.805480957
1553.74938965	810.368286133
1555.37268066	879.828430176
1556.99584961	955.961975098
1558.61914063	1032.7310791
1560.24230957	1124.05358887
1561.86560059	1226.58178711
1563.48876953	1318.15856934
1565.11206055	1415.76037598
1566.73522949	1521.51403809
1568.35852051	1588.77722168
1569.98168945	1659.53076172
1571.60498047	1690.39367676
1573.22814941	1736.93811035
1574.85144043	1730.23706055
1576.47460938	1730.02770996
1578.09790039	1711.31750488
1579.72106934	1686.94238281
1581.34436035	1730.00488281
1582.9675293	1842.09143066
1584.59082031	2088.34106445
1586.21398926	2475.63037109
1587.83728027	2947.33666992
1589.46044922	3419.04443359
1591.08361816	3770.06079102
1592.70690918	3897.94287109
1594.33007813	3796.96533203
1595.95336914	3544.90209961
1597.57653809	3213.04467773
1599.1998291	2840.9777832
1600.82299805	2470.74511719
1602.44628906	2140.5246582
1604.06945801	1855.79162598
1605.69274902	1610.99780273
1607.31591797	1403.44006348
1608.93920898	1217.69848633
1610.56237793	1053.92956543
1612.18566895	922.475769043
1613.80883789	816.34765625
1615.43212891	721.12097168
1617.05529785	636.063598633
1618.67858887	559.718383789
1620.30175781	500.944976807
1621.92504883	449.749938965
1623.54821777	407.45690918
1625.17150879	363.957214355
1626.79467773	324.767364502
1628.41796875	300.70489502
1630.0411377	276.458709717
1631.66442871	248.507507324
1633.28759766	232.545532227
1634.91088867	218.281341553
1636.53405762	200.106781006
1638.15734863	187.729919434
1639.78051758	179.53453064
1641.40380859	165.290100098
1643.02697754	161.183868408
1644.65014648	152.842666626
1646.2734375	143.117370605
1647.89660645	139.617263794
1649.51989746	135.850402832
1651.14306641	127.647407532
1652.76635742	126.19026947
1654.38952637	121.6485672
1656.01281738	116.573348999
1657.63598633	115.895957947
1659.25927734	111.648262024
1660.88244629	109.969436646
1662.5057373	106.400352478
1664.12890625	103.230552673
1665.75219727	101.587341309
1667.37536621	101.01625824
1668.99865723	98.7562179565
1670.62182617	96.4610595703
1672.24511719	93.9629821777
1673.86828613	92.8870391846
1675.49157715	91.4476318359
1677.11474609	90.342918396
1678.73803711	89.3523635864
1680.36120605	87.1786346436
1681.98449707	85.8091430664
1683.60766602	86.266204834
1685.23095703	85.6417007446
1686.85412598	84.172203064
1688.47741699	84.2857055664
1690.10058594	82.9946746826
1691.72387695	81.8563156128
1693.3470459	83.1685943604
1694.97033691	82.7085952759
1696.59350586	80.8188171387
1698.2166748	80.978553772
1699.83996582	82.22631073
1701.46313477	80.9397735596
1703.08642578	82.2000045776
1704.70959473	81.874458313
1706.33288574	81.4699630737
1707.95605469	81.4818191528
1709.5793457	80.9244918823
1711.20251465	83.0824661255
1712.82580566	82.1712417603
1714.44897461	82.3930892944
1716.07226563	81.1343460083
1717.69543457	82.5436859131
1719.31872559	83.1381835938
1720.94189453	84.4486160278
1722.56518555	85.4794845581
1724.18835449	86.2814865112
1725.81164551	86.0724182129
1727.43481445	88.461807251
1729.05810547	86.5563659668
1730.68127441	90.0045166016
1732.30456543	92.4210891724
1733.92773438	93.5341491699
1735.55102539	94.4011154175
1737.17419434	96.6003494263
1738.79748535	98.5889587402
1740.4206543	98.7708740234
1742.04394531	97.4673690796
1743.66711426	101.822425842
1745.29040527	99.547164917
1746.91357422	98.2464828491
1748.53686523	96.2314147949
1750.16003418	97.9420623779
1751.7833252	98.1266326904
1753.40649414	94.4611816406
1755.02966309	96.0659484863
1756.6529541	94.1330032349
1758.27612305	92.1825942993
1759.89941406	92.3911514282
1761.52258301	91.2561340332
1763.14587402	90.1903381348
1764.76904297	87.9179458618
1766.39233398	87.8621139526
1768.01550293	86.2481307983
1769.63879395	84.5272521973
1771.26196289	84.1802444458
1772.88525391	82.1288070679
1774.50842285	81.6990737915
1776.13171387	78.7172164917
1777.75488281	78.1072616577
1779.37817383	77.3789978027
1781.00134277	77.4017410278
1782.62463379	75.8785629272
1784.24780273	77.3937530518
1785.87109375	75.1501312256
1787.4942627	74.1955947876
1789.11755371	72.7651596069
1790.74072266	71.0986175537
1792.36401367	72.2617721558
1793.98718262	74.6115036011
1795.61047363	75.6977539063
1797.23364258	76.3198547363
1798.85693359	75.8430709839
1800.48010254	74.922454834
1802.10339355	74.5635757446
1803.7265625	73.5817184448
1805.34985352	72.9876022339
1806.97302246	73.0468978882
1808.59619141	72.4262619019
1810.21948242	72.8864822388
1811.84265137	72.7573928833
1813.46594238	72.0400314331
1815.08911133	71.9410858154
1816.71240234	71.0451202393
1818.33557129	70.0116271973
1819.9588623	68.9397506714
1821.58203125	67.5433731079
1823.20532227	67.7238769531
1824.82849121	68.0138015747
1826.45178223	67.0744781494
1828.07495117	66.5045318604
1829.69824219	66.1793823242
1831.32141113	66.9202957153
1832.94470215	66.2758865356
1834.56787109	65.940284729
1836.19116211	65.6518707275
1837.81433105	65.7799072266
1839.43762207	65.3438034058
1841.06079102	65.2414855957
1842.68408203	64.8993682861
1844.30725098	64.2003097534
1845.93054199	65.0840148926
1847.55371094	64.8862838745
1849.17700195	64.232711792
1850.8001709	63.8677902222
1852.42346191	64.3409118652
1854.04663086	65.3189849854
1855.66992188	64.3118362427
1857.29309082	63.1314697266
1858.91638184	63.4010810852
1860.53955078	63.5202178955
1862.16271973	62.8257293701
1863.78601074	63.3982315063
1865.40917969	63.6815223694
1867.0324707	63.6315460205
1868.65563965	64.7852096558
1870.27893066	65.4856338501
1871.90209961	64.4391784668
1873.52539063	63.8833236694
1875.14855957	63.6320381165
1876.77185059	63.9300765991
1878.39501953	64.7069702148
1880.01831055	64.2688751221
1881.64147949	63.6494102478
1883.26477051	63.4578781128
1884.88793945	64.1798706055
1886.51123047	64.1417999268
1888.13439941	62.765335083
1889.75769043	63.7736930847
1891.38085938	64.0722503662
1893.00415039	62.7649078369
1894.62731934	62.9806976318
1896.25061035	62.9151496887
1897.8737793	62.3927116394
1899.49707031	62.6319923401
1901.12023926	62.7722244263
1902.74353027	62.5306892395
1904.36669922	62.2381401062
1905.98999023	62.4476585388
1907.61315918	63.4894790649
1909.2364502	63.0814933777
1910.85961914	62.6858634949
1912.48291016	63.8109436035
1914.1060791	63.2775382996
1915.72937012	61.9788093567
1917.35253906	62.3022003174
1918.97570801	63.0122032166
1920.59899902	62.2606048584
1922.22216797	61.8734550476
1923.84545898	62.4567832947
1925.46862793	62.4893760681
1927.09191895	62.4250907898
1928.71508789	62.8023643494
1930.33837891	63.6752433777
1931.96154785	62.4336204529
1933.58483887	61.8428192139
1935.20800781	62.1085853577
1936.83129883	62.8905715942
1938.45446777	64.1023330688
1940.07775879	64.1196594238
1941.70092773	63.9786186218
1943.32421875	64.333694458
1944.9473877	64.8797225952
1946.57067871	64.0702667236
1948.19384766	64.2453079224
1949.81713867	65.4075469971
1951.44030762	66.3067169189
1953.06359863	65.5862121582
1954.68676758	66.3387756348
1956.31005859	67.3405532837
1957.93322754	66.544921875
1959.55651855	65.8103866577
1961.1796875	67.893371582
1962.80297852	67.4226531982
1964.42614746	67.6478042603
1966.04943848	68.4629211426
1967.67260742	67.5976715088
1969.29589844	69.0447463989
1970.91906738	68.2490310669
1972.54223633	68.3951034546
1974.16552734	69.556427002
1975.78869629	68.8068237305
1977.4119873	70.0616760254
1979.03515625	70.6008834839
1980.65844727	68.7648696899
1982.28161621	70.0115737915
1983.90490723	70.6702194214
1985.52807617	70.4432373047
1987.15136719	70.7894744873
1988.77453613	71.098526001
1990.39782715	69.7629318237
1992.02099609	70.4225158691
1993.64428711	70.6645736694
1995.26745605	71.4156188965
1996.89074707	69.5843276978
1998.51391602	69.401550293
2000.13720703	70.3750228882
2001.76037598	69.6900024414
2003.38366699	69.6249160767
2005.00683594	69.0184860229
2006.63012695	69.1611404419
2008.2532959	68.4407424927
2009.87658691	67.3070602417
2011.49975586	67.1773071289
2013.12304688	66.1088638306
2014.74621582	64.7383270264
2016.36950684	64.7183761597
2017.99267578	64.7177047729
2019.6159668	65.2925338745
2021.23913574	64.6725006104
2022.86242676	63.4164123535
2024.4855957	63.5922203064
2026.10876465	63.3804740906
2027.73205566	63.5853004456
2029.35522461	62.2800064087
2030.97851563	62.0917701721
2032.60168457	63.5186309814
2034.22497559	61.8624763489
2035.84814453	62.2091941833
2037.47143555	62.2526321411
2039.09460449	62.0012016296
2040.71789551	62.1730766296
2042.34106445	62.073802948
2043.96435547	60.7833480835
2045.58752441	61.1606025696
2047.21081543	60.7875900269
2048.83398438	61.7270317078
2050.45727539	60.4928665161
2052.08056641	60.1292495728
2053.70361328	61.0862159729
2055.3269043	61.4478683472
2056.95019531	60.5272483826
2058.57348633	60.2290115356
2060.1965332	60.1016960144
2061.81982422	58.4840354919
2063.44311523	59.0428543091
2065.06640625	57.9417114258
2066.68945313	57.503578186
2068.31274414	59.0105552673
2069.93603516	59.6944465637
2071.55932617	59.0109863281
2073.18237305	58.1755104065
2074.80566406	57.4465179443
2076.42895508	57.9807052612
2078.05224609	57.38230896
2079.67529297	57.5037765503
2081.29858398	57.3664970398
2082.921875	57.6081047058
2084.54492188	57.4993057251
2086.16821289	57.0798530579
2087.79150391	57.3360557556
2089.41479492	57.5270614624
2091.0378418	57.828956604
2092.66113281	57.4895248413
2094.28442383	58.1748657227
2095.90771484	56.7819290161
2097.53076172	56.9972991943
2099.15405273	56.9416923523
2100.77734375	57.2410774231
2102.40063477	56.0168151855
2104.02368164	57.8747749329
2105.64697266	56.7424888611
2107.27026367	56.8553352356
2108.89355469	55.9272384644
2110.51660156	56.120967865
2112.13989258	57.6253089905
2113.76318359	57.1954498291
2115.38647461	56.3718109131
2117.00952148	56.6027946472
2118.6328125	57.6412696838
2120.25610352	57.2650756836
2121.87939453	57.8553733826
2123.50244141	56.9274711609
2125.12573242	56.2211532593
2126.74902344	57.1182174683
2128.37231445	56.6079826355
2129.99536133	55.6803321838
2131.61865234	56.2924537659
2133.24194336	57.2318267822
2134.86499023	58.2823753357
2136.48828125	57.4422225952
2138.11157227	56.8939361572
2139.73486328	56.3797721863
2141.35791016	56.3428955078
2142.98120117	57.2411270142
2144.60449219	57.552406311
2146.2277832	57.7358818054
2147.85083008	57.1860580444
2149.47412109	55.7810745239
2151.09741211	57.4612617493
2152.72070313	57.2752380371
2154.34375	58.4502258301
2155.96704102	57.904335022
2157.59033203	57.7789344788
2159.21362305	58.5283470154
2160.83666992	57.1610145569
2162.45996094	57.4135551453
2164.08325195	57.2869262695
2165.70654297	56.8820152283
2167.32958984	56.5237693787
2168.95288086	56.7224998474
2170.57617188	56.42552948
2172.19946289	56.7190628052
2173.82250977	57.1143341064
2175.44580078	56.6144065857
2177.0690918	55.9672164917
2178.69238281	56.3037834167
2180.31542969	55.9850082397
2181.9387207	56.4153747559
2183.56201172	57.5643501282
2185.18530273	57.1795730591
2186.80834961	57.6606292725
2188.43164063	57.9767303467
2190.05493164	57.0404853821
2191.67797852	57.9161224365
2193.30126953	55.473815918
2194.92456055	58.7020072937
2196.54785156	58.3671302795
2198.17089844	57.5269241333
2199.79418945	59.5674514771
2201.41748047	57.9908409119
2203.04077148	58.8214378357
2204.66381836	57.1220321655
2206.28710938	57.2557373047
2207.91040039	58.2905921936
2209.53369141	58.0707855225
2211.15673828	57.8736381531
2212.7800293	58.2229118347
2214.40332031	57.905128479
2216.02661133	58.3416442871
2217.6496582	58.804599762
2219.27294922	58.1969604492
2220.89624023	57.795375824
2222.51953125	57.7190246582
2224.14257813	58.0645637512
2225.76586914	57.326789856
2227.38916016	57.3300285339
2229.01245117	57.8443183899
2230.63549805	58.014251709
2232.25878906	57.8733978271
2233.88208008	58.6765632629
2235.50537109	56.9018287659
2237.12841797	55.9976348877
2238.75170898	56.8499336243
2240.375	57.5165405273
2241.99829102	58.1162452698
2243.62133789	58.2645530701
2245.24462891	57.6386566162
2246.86791992	57.28332901
2248.4909668	56.7937355042
2250.11425781	57.7905960083
2251.73754883	58.5904083252
2253.36083984	57.9240455627
2254.98388672	57.3235282898
2256.60717773	56.6960411072
2258.23046875	58.0876159668
2259.85375977	58.5056991577
2261.47680664	57.7259902954
2263.10009766	57.2701301575
2264.72338867	58.295665741
2266.34667969	57.7214546204
2267.96972656	56.9585800171
2269.59301758	57.7632904053
2271.21630859	57.0373191833
2272.83959961	58.9048080444
2274.46264648	57.4520225525
2276.0859375	57.6658439636
2277.70922852	57.6615371704
2279.33251953	57.6546630859
2280.95556641	58.5240859985
2282.57885742	57.3287353516
2284.20214844	56.7671585083
2285.82543945	58.2468338013
2287.44848633	57.4813652039
2289.07177734	56.5222244263
2290.69506836	57.6962890625
2292.31835938	58.3976020813
2293.94140625	57.0124778748
2295.56469727	58.399723053
2297.18798828	58.6552009583
2298.81103516	58.2479057312
2300.43432617	57.6006126404
2302.05761719	59.1735839844
2303.6809082	58.367477417
2305.30395508	58.2326660156
2306.92724609	57.7561607361
2308.55053711	57.9599189758
2310.17382813	57.8773231506
2311.796875	57.2903785706
2313.42016602	57.7254676819
2315.04345703	57.5026245117
2316.66674805	58.2741012573
2318.28979492	58.5363845825
2319.91308594	57.6645202637
2321.53637695	58.4169692993
2323.15966797	58.4296989441
2324.78271484	59.3195075989
2326.40600586	59.4248428345
2328.02929688	59.718536377
2329.65258789	60.2284469604
2331.27563477	60.417339325
2332.89892578	59.6451759338
2334.5222168	58.7825927734
2336.14550781	58.7100143433
2337.76855469	58.6530838013
2339.3918457	58.8855781555
2341.01513672	59.2675819397
2342.63842773	58.4805297852
2344.26147461	59.1337394714
2345.88476563	58.6185264587
2347.50805664	58.7171516418
2349.13134766	58.8080253601
2350.75439453	59.4855918884
2352.37768555	59.3851509094
2354.00097656	59.5617446899
2355.62402344	59.9175224304
2357.24731445	59.2726631165
2358.87060547	59.2814559937
2360.49389648	59.7790336609
2362.11694336	60.4632797241
2363.74023438	60.0972938538
2365.36352539	60.0819587708
2366.98681641	60.2266426086
2368.60986328	60.0363960266
2370.2331543	60.3306312561
2371.85644531	59.771270752
2373.47973633	60.8373069763
2375.1027832	61.4805679321
2376.72607422	61.9972724915
2378.34936523	60.2288322449
2379.97265625	60.8814048767
2381.59570313	62.2329597473
2383.21899414	61.6259117126
2384.84228516	62.5365905762
2386.46557617	62.9895362854
2388.08862305	61.8488769531
2389.71191406	62.1351585388
2391.33520508	62.8459014893
2392.95849609	63.3910636902
2394.58154297	63.2406311035
2396.20483398	63.5889778137
2397.828125	63.9821434021
2399.45141602	64.3709106445
2401.07446289	63.8680915833
2402.69775391	64.3711547852
2404.32104492	64.884223938
2405.94433594	65.0786132813
2407.56738281	64.8296508789
2409.19067383	64.9159393311
2410.81396484	65.3628005981
2412.43701172	65.555519104
2414.06030273	67.9800186157
2415.68359375	66.3332977295
2417.30688477	69.2267074585
2418.92993164	68.6345977783
2420.55322266	69.361114502
2422.17651367	70.6731185913
2423.79980469	70.5001068115
2425.42285156	72.9200134277
2427.04614258	73.4112548828
2428.66943359	73.2024383545
2430.29272461	74.5958099365
2431.91577148	74.5338973999
2433.5390625	75.9070663452
2435.16235352	78.3595581055
2436.78564453	80.6207046509
2438.40869141	81.3083190918
2440.03198242	84.5205459595
2441.65527344	84.3227767944
2443.27856445	86.6351623535
2444.90161133	84.8681182861
2446.52490234	85.3537597656
2448.14819336	86.0461578369
2449.77148438	86.0305023193
2451.39453125	85.3228378296
2453.01782227	86.3223495483
2454.64111328	85.8349838257
2456.2644043	85.1471939087
2457.88745117	85.5601730347
2459.51074219	85.6923904419
2461.1340332	85.0235366821
2462.75708008	85.6937942505
2464.38037109	85.690612793
2466.00366211	85.3410339355
2467.62695313	83.8200683594
2469.25	82.9773406982
2470.87329102	84.0191879272
2472.49658203	84.0339660645
2474.11987305	83.5420455933
2475.74291992	83.4473953247
2477.36621094	82.5311355591
2478.98950195	83.6903991699
2480.61279297	82.7657394409
2482.23583984	82.2002716064
2483.85913086	81.7061462402
2485.48242188	81.9527587891
2487.10571289	80.2141189575
2488.72875977	80.186340332
2490.35205078	80.3600769043
2491.9753418	79.4653930664
2493.59863281	79.7582244873
2495.22167969	78.0018997192
2496.8449707	77.313293457
2498.46826172	79.5752792358
2500.09155273	78.1140289307
2501.71459961	79.5769348145
2503.33789063	78.6514205933
2504.96118164	78.8193969727
2506.58447266	79.7523803711
2508.20751953	80.3354034424
2509.83081055	79.1015777588
2511.45410156	79.8484039307
2513.07739258	81.1099777222
2514.70043945	79.1975250244
2516.32373047	79.6725234985
2517.94702148	79.592590332
2519.57006836	79.0915756226
2521.19335938	79.5406494141
2522.81665039	78.9834213257
2524.43994141	78.8780441284
2526.06298828	78.5498504639
2527.6862793	79.3971099854
2529.30957031	80.3049316406
2530.93286133	79.5391769409
2532.5559082	80.174041748
2534.17919922	80.3302307129
2535.80249023	81.0606994629
2537.42578125	83.0102386475
2539.04882813	82.9873046875
2540.67211914	81.5878753662
2542.29541016	80.3126754761
2543.91870117	81.4807891846
2545.54174805	80.6809158325
2547.16503906	82.4921188354
2548.78833008	83.3036727905
2550.41162109	83.3881759644
2552.03466797	83.3190460205
2553.65795898	83.7898635864
2555.28125	82.3982696533
2556.90454102	84.0789413452
2558.52758789	83.642539978
2560.15087891	85.0048980713
2561.77416992	85.5977096558
2563.39746094	85.9556350708
2565.02050781	86.7599258423
2566.64379883	87.2286682129
2568.26708984	87.36378479
2569.89038086	88.3625106812
2571.51342773	90.1746520996
2573.13671875	89.8074569702
2574.76000977	89.4111862183
2576.38305664	93.75
2578.00634766	94.1005325317
2579.62963867	96.7129058838
2581.25292969	96.5305175781
2582.87597656	96.051399231
2584.49926758	98.2180252075
2586.12255859	100.932022095
2587.74584961	102.831741333
2589.36889648	105.052017212
2590.9921875	104.782958984
2592.61547852	106.999595642
2594.23876953	109.221717834
2595.86181641	112.898101807
2597.48510742	113.910865784
2599.10839844	116.790527344
2600.73168945	119.105545044
2602.35473633	120.028434753
2603.97802734	122.236106873
2605.60131836	126.720741272
2607.22460938	129.215408325
2608.84765625	131.088653564
2610.47094727	137.16696167
2612.09423828	138.948928833
2613.7175293	138.624069214
2615.34057617	143.759811401
2616.96386719	146.034744263
2618.5871582	150.399032593
2620.21044922	153.22555542
2621.83349609	158.116226196
2623.45678711	162.342193604
2625.08007813	168.115829468
2626.703125	171.358856201
2628.32641602	177.428985596
2629.94970703	183.45690918
2631.57299805	190.793624878
2633.19604492	197.053970337
2634.81933594	206.378128052
2636.44262695	214.330795288
2638.06591797	221.577957153
2639.68896484	230.581771851
2641.31225586	240.647094727
2642.93554688	249.429275513
2644.55883789	263.219116211
2646.18188477	273.840759277
2647.80517578	284.015197754
2649.4284668	295.093261719
2651.05175781	306.95602417
2652.67480469	322.233612061
2654.2980957	334.236206055
2655.92138672	352.645843506
2657.54467773	371.521789551
2659.16772461	388.993438721
2660.79101563	403.142974854
2662.41430664	424.390655518
2664.03759766	449.209655762
2665.66064453	474.780456543
2667.28393555	498.2109375
2668.90722656	524.030151367
2670.53051758	545.893554688
2672.15356445	572.626525879
2673.77685547	599.126708984
2675.40014648	625.00970459
2677.0234375	639.77911377
2678.64648438	655.13684082
2680.26977539	669.094421387
2681.89306641	674.753601074
2683.51611328	678.175048828
2685.1394043	667.741088867
2686.76269531	653.989868164
2688.38598633	634.020874023
2690.0090332	621.523925781
2691.63232422	592.232116699
2693.25561523	562.632324219
2694.87890625	541.698486328
2696.50195313	512.984985352
2698.12524414	484.703033447
2699.74853516	459.262786865
2701.37182617	437.287872314
2702.99487305	404.852386475
2704.61816406	385.179901123
2706.24145508	359.312866211
2707.86474609	342.858703613
2709.48779297	322.36807251
2711.11108398	305.421112061
2712.734375	290.617431641
2714.35766602	273.087493896
2715.98071289	256.473571777
2717.60400391	245.232116699
2719.22729492	234.476287842
2720.85058594	221.853866577
2722.47363281	214.942337036
2724.09692383	201.061096191
2725.72021484	191.87713623
2727.34350586	186.126312256
2728.96655273	179.428619385
2730.58984375	171.230499268
2732.21313477	163.946640015
2733.83642578	159.468078613
2735.45947266	154.054489136
2737.08276367	147.749328613
2738.70605469	143.780059814
2740.32910156	138.727401733
2741.95239258	134.960754395
2743.57568359	131.739990234
2745.19897461	126.749092102
2746.82202148	124.918640137
2748.4453125	123.693161011
2750.06860352	118.257720947
2751.69189453	116.05947876
2753.31494141	112.512840271
2754.93823242	109.005470276
2756.56152344	106.224754333
2758.18481445	106.143424988
2759.80786133	104.566429138
2761.43115234	103.687744141
2763.05444336	100.192527771
2764.67773438	96.6625900269
2766.30078125	96.7869033813
2767.92407227	95.4631118774
2769.54736328	92.694694519
2771.1706543	91.3411178589
2772.79370117	90.6904144287
2774.41699219	88.7801132202
2776.0402832	88.366104126
2777.66357422	87.0591049194
2779.28662109	85.5021438599
2780.90991211	86.5575256348
2782.53320313	84.8483200073
2784.15649414	83.3093566895
2785.77954102	82.7464141846
2787.40283203	83.1484375
2789.02612305	80.6315612793
2790.64916992	81.0059814453
2792.27246094	81.2383804321
2793.89575195	80.0068817139
2795.51904297	79.2358551025
2797.14208984	78.4818725586
2798.76538086	78.0101852417
2800.38867188	77.8663253784
2802.01196289	76.6282958984
2803.63500977	77.1608505249
2805.25830078	75.4189910889
2806.8815918	75.4237823486
2808.50488281	75.4579467773
2810.12792969	74.4328460693
2811.7512207	74.3327407837
2813.37451172	73.5593948364
2814.99780273	73.5480804443
2816.62084961	72.9060668945
2818.24414063	73.7126464844
2819.86743164	73.7857666016
2821.49072266	73.5548706055
2823.11376953	72.0985565186
2824.73706055	72.018409729
2826.36035156	72.4443511963
2827.98364258	71.3226470947
2829.60668945	72.0442276001
2831.22998047	71.0411758423
2832.85327148	71.0741500854
2834.4765625	71.2629013062
2836.09960938	71.5464782715
2837.72290039	70.4602432251
2839.34619141	69.3650741577
2840.96948242	71.1164779663
2842.5925293	70.5908966064
2844.21582031	68.957611084
2845.83911133	69.931678772
2847.4621582	69.6073989868
2849.08544922	69.9591598511
2850.70874023	69.2964553833
2852.33203125	69.2762451172
2853.95507813	68.2322616577
2855.57836914	68.1285171509
2857.20166016	69.6153106689
2858.82495117	69.0876235962
2860.44799805	67.4399642944
2862.07128906	66.8768692017
2863.69458008	68.1149215698
2865.31787109	67.1016159058
2866.94091797	67.4373626709
2868.56420898	67.1720733643
2870.1875	67.9911499023
2871.81079102	66.735168457
2873.43383789	66.3113250732
2875.05712891	65.2410049438
2876.68041992	64.9416809082
2878.30371094	67.0325927734
2879.92675781	67.8466415405
2881.55004883	66.0688781738
2883.17333984	65.6600265503
2884.79663086	65.7294769287
2886.41967773	66.0259170532
2888.04296875	65.9281539917
2889.66625977	66.449798584
2891.28955078	65.7920455933
2892.91259766	65.7754364014
2894.53588867	66.4219284058
2896.15917969	65.6292648315
2897.7824707	65.8417663574
2899.40551758	65.7063674927
2901.02880859	65.2909469604
2902.65209961	65.1964111328
2904.27514648	66.8399200439
2905.8984375	65.8206710815
2907.52172852	65.9391479492
2909.14501953	65.4954452515
2910.76806641	64.733215332
2912.39135742	66.5774612427
2914.01464844	65.8050918579
2915.63793945	65.5285644531
2917.26098633	65.889465332
2918.88427734	67.1381759644
2920.50756836	65.5822982788
2922.13085938	65.6053619385
2923.75390625	65.0455932617
2925.37719727	65.0237808228
2927.00048828	65.6870803833
2928.6237793	66.4803390503
2930.24682617	65.3699417114
2931.87011719	66.2202453613
2933.4934082	65.5131759644
2935.11669922	65.569442749
2936.73974609	65.1736602783
2938.36303711	65.1763153076
2939.98632813	65.2255630493
2941.60961914	64.8332519531
2943.23266602	64.6683883667
2944.85595703	65.1519012451
2946.47924805	63.9623260498
2948.10253906	63.5694541931
2949.72558594	63.7889518738
2951.34887695	63.2055778503
2952.97216797	63.1894798279
2954.59521484	63.4818458557
2956.21850586	64.2582168579
2957.84179688	62.4655036926
2959.46508789	62.8294181824
2961.08813477	63.5433197021
2962.71142578	61.0934410095
2964.3347168	61.4604072571
2965.95800781	62.0259284973
2967.58105469	62.8838691711
2969.2043457	61.3720054626
2970.82763672	61.5711631775
2972.45092773	61.4381408691
2974.07397461	60.7529449463
2975.69726563	60.6401176453
2977.32055664	62.114025116
2978.94384766	61.2229576111
2980.56689453	60.7957077026
2982.19018555	60.7554779053
2983.81347656	59.9249153137
2985.43676758	59.820186615
2987.05981445	59.6151695251
2988.68310547	60.6966056824
2990.30639648	59.8175888062
2991.9296875	59.9644889832
2993.55273438	59.6098365784
2995.17602539	59.997013092
2996.79931641	59.7662086487
2998.42260742	59.9617271423
3000.0456543	58.4129333496
3001.66894531	60.8518180847
3003.29223633	60.7444763184
3004.91552734	60.201335907
3006.53857422	59.1961250305
3008.16186523	59.9038772583
3009.78515625	59.8181190491
3011.40820313	58.6547889709
3013.03149414	59.7444381714
3014.65478516	60.295135498
3016.27807617	60.3255958557
3017.90112305	59.5675239563
3019.52441406	59.2263374329
3021.14770508	58.8467826843
3022.77099609	58.9904022217
3024.39404297	59.372959137
3026.01733398	59.0587005615
3027.640625	59.89245224
3029.26391602	59.5025596619
3030.88696289	59.386756897
3032.51025391	59.3487014771
3034.13354492	59.6771278381
3035.75683594	60.0339546204
3037.37988281	60.5131797791
3039.00317383	58.3231277466
3040.62646484	58.9438285828
3042.24975586	58.4902153015
3043.87280273	60.7683143616
3045.49609375	60.9727897644
3047.11938477	60.3310012817
3048.74267578	59.7597808838
3050.36572266	59.557144165
3051.98901367	58.5814819336
3053.61230469	60.4839134216
3055.2355957	61.0945053101
3056.85864258	60.4938926697
3058.48193359	60.0278892517
3060.10522461	58.5836982727
3061.72851563	59.9563293457
3063.3515625	59.3519439697
3064.97485352	60.5725822449
3066.59814453	59.4849090576
3068.22119141	60.19323349
3069.84448242	60.2084922791
3071.46777344	60.9383583069
3073.09106445	59.6644554138
3074.71411133	61.4831199646
3076.33740234	60.8540458679
3077.96069336	61.6582641602
3079.58398438	59.7209205627
3081.20703125	59.759311676
3082.83032227	60.9464035034
3084.45361328	59.9421424866
3086.0769043	61.2029380798
3087.69995117	61.7607269287
3089.32324219	60.3146743774
3090.9465332	62.1739501953
3092.56982422	61.6765403748
3094.19287109	61.566192627
3095.81616211	61.3422660828
3097.43945313	61.9184913635
3099.06274414	62.5622634888
3100.68579102	61.5609893799
3102.30908203	62.4186286926
3103.93237305	63.1204566956
3105.55566406	63.1333999634
3107.17871094	61.7785339355
3108.80200195	64.2076721191
3110.42529297	64.3386917114
3112.04858398	63.6901893616
3113.67163086	66.724609375
3115.29492188	66.5027084351
3116.91821289	67.6239547729
3118.54125977	65.9965286255
3120.16455078	67.4184112549
3121.7878418	67.9804611206
3123.41113281	68.1987380981
3125.03417969	67.8175201416
3126.6574707	67.6516113281
3128.28076172	67.8399124146
3129.90405273	69.2395935059
3131.52709961	69.1479187012
3133.15039063	71.9085693359
3134.77368164	71.760055542
3136.39697266	72.6962127686
3138.02001953	72.2866668701
3139.64331055	73.296257019
3141.26660156	75.5495681763
3142.88989258	77.4841995239
3144.51293945	78.5892715454
3146.13623047	78.4789505005
3147.75952148	77.7188186646
3149.3828125	83.0155334473
3151.00585938	83.2576370239
3152.62915039	84.3228530884
3154.25244141	87.202507019
3155.87573242	87.8444900513
3157.4987793	92.052734375
3159.12207031	94.5155944824
3160.74536133	95.8853225708
3162.36865234	97.5587310791
3163.99169922	98.7406539917
3165.61499023	102.93572998
3167.23828125	102.363548279
3168.86157227	104.295341492
3170.48461914	104.971046448
3172.10791016	107.051971436
3173.73120117	107.151123047
3175.35424805	107.971794128
3176.97753906	111.117614746
3178.60083008	112.299697876
3180.22412109	113.655471802
3181.84716797	115.413764954
3183.47045898	116.501785278
3185.09375	115.908813477
3186.71704102	116.948654175
3188.34008789	117.360733032
3189.96337891	116.978515625
3191.58666992	117.546669006
3193.20996094	113.635818481
3194.83300781	116.12084198
3196.45629883	114.73210144
3198.07958984	114.969429016
3199.70288086	111.186790466
3201.32592773	106.780227661
3202.94921875	108.234390259
3204.57250977	105.010215759
3206.19580078	106.089401245
3207.81884766	104.011016846
3209.44213867	102.789260864
3211.06542969	103.431732178
3212.6887207	99.7741470337
3214.31176758	100.000282288
3215.93505859	100.95174408
3217.55834961	101.951667786
3219.18164063	98.5378799438
3220.8046875	101.591850281
3222.42797852	98.9424819946
3224.05126953	97.2200164795
3225.67456055	100.012016296
3227.29760742	103.255065918
3228.92089844	97.0839004517
3230.54418945	102.721160889
3232.16723633	99.8395690918
3233.79052734	101.918952942
3235.41381836	98.8700027466
3237.03710938	95.95677948
3238.66015625	91.3745498657
3240.28344727	93.7891464233
3241.90673828	90.5754852295
3243.5300293	89.3326187134
3245.15307617	88.4135055542
3246.77636719	85.8587646484
3248.3996582	79.6268615723
3250.02294922	78.8188095093
3251.64599609	78.1767120361
3253.26928711	74.5638046265
3254.89257813	73.1578674316
3256.51586914	70.6947860718
3258.13891602	70.758354187
3259.76220703	69.4535675049
3261.38549805	68.1948547363
3263.00878906	68.1599960327
3264.63183594	65.0311279297
3266.25512695	66.2439193726
3267.87841797	64.3647079468
3269.50170898	64.3412780762
3271.12475586	64.5641860962
3272.74804688	62.520690918
3274.37133789	61.1608085632
3275.99462891	61.0925216675
3277.61767578	61.009185791
3279.2409668	61.5739593506
3280.86425781	61.1102561951
3282.48730469	60.2389068604
3284.1105957	59.6859283447
3285.73388672	60.5107574463
3287.35717773	58.3427200317
3288.98022461	59.9273338318
3290.60351563	60.5185623169
3292.22680664	59.9529571533
3293.85009766	59.0040969849
3295.47314453	58.7999229431
3297.09643555	56.7697792053
3298.71972656	58.9565238953
3300.34301758	59.4579353333
3301.96606445	59.1208343506
3303.58935547	59.5097351074
3305.21264648	57.2872047424
3306.8359375	57.5558929443
3308.45898438	62.0964698792
3310.08227539	58.8198051453
3311.70556641	58.3746681213
3313.32885742	58.3013420105
3314.9519043	58.3230934143
3316.57519531	59.9236335754
3318.19848633	59.3728866577
3319.82177734	59.9155921936
3321.44482422	59.7779350281
3323.06811523	57.6222038269
3324.69140625	57.9879875183
3326.31469727	58.4049491882
3327.93774414	56.8910064697
3329.56103516	57.9429283142
3331.18432617	56.433681488
3332.80761719	57.1094779968
3334.43066406	58.1454353333
3336.05395508	59.5986976624
3337.67724609	59.884437561
3339.30029297	61.7656669617
3340.92358398	59.8854980469
3342.546875	59.0641593933
3344.17016602	60.0763893127
3345.79321289	57.1323852539
3347.41650391	57.8772964478
3349.03979492	57.8053627014
3350.66308594	56.8643531799
3352.28613281	59.4558296204
3353.90942383	56.6873283386
3355.53271484	59.3741798401
3357.15600586	56.5528488159
3358.77905273	55.528881073
3360.40234375	58.1368980408
3362.02563477	57.8120002747
3363.64892578	57.8966293335
3365.27197266	58.966468811
3366.89526367	58.6831016541
3368.51855469	58.4875831604
3370.1418457	58.9876937866
3371.76489258	57.1285095215
3373.38818359	58.831237793
3375.01147461	58.9697036743
3376.63476563	58.0416488647
3378.2578125	59.3226280212
3379.88110352	56.7131767273
3381.50439453	57.4713745117
3383.12768555	57.964389801
3384.75073242	57.2271766663
3386.37402344	56.9347724915
3387.99731445	56.1663894653
3389.62060547	56.7846221924
3391.24365234	58.6433372498
3392.86694336	60.6125297546
3394.49023438	60.0348548889
3396.11328125	58.0211524963
3397.73657227	56.9561691284
3399.35986328	57.4485054016
3400.9831543	58.3141098022
3402.60620117	57.9280319214
3404.22949219	57.0454711914
3405.8527832	56.706073761
3407.47607422	57.1029205322
3409.09912109	59.1501235962
3410.72241211	57.4890136719
3412.34570313	57.2052192688
3413.96899414	56.1251754761
3415.59204102	56.1192474365
3417.21533203	57.1237716675
3418.83862305	57.031879425
3420.46191406	57.963596344
3422.08496094	57.4042396545
3423.70825195	58.7115020752
3425.33154297	55.1315078735
3426.95483398	57.7791519165
3428.57788086	56.6696281433
3430.20117188	56.379108429
3431.82446289	55.5216407776
3433.44775391	56.260887146
3435.07080078	57.1500320435
3436.6940918	56.4699478149
3438.31738281	57.7939338684
3439.94067383	55.1602363586
3441.5637207	56.1583862305
3443.18701172	57.1168937683
3444.81030273	58.1169433594
3446.43334961	55.7857666016
3448.05664063	56.2337799072
3449.67993164	57.3127822876
3451.30322266	55.4314346313
3452.92626953	54.2072105408
3454.54956055	54.6467247009
3456.17285156	56.7608795166
3457.79614258	56.5418243408
3459.41918945	57.0678100586
3461.04248047	57.2744903564
3462.66577148	54.4639778137
3464.2890625	58.1593208313
3465.91210938	56.6840400696
3467.53540039	55.6563835144
3469.15869141	55.9327774048
3470.78198242	55.564781189
3472.4050293	55.4701194763
3474.02832031	56.33045578
3475.65161133	58.627281189
3477.27490234	55.5059127808
3478.89794922	55.5439453125
3480.52124023	55.2238578796
3482.14453125	57.0707130432
3483.76782227	54.9999008179
3485.39086914	54.8254852295
3487.01416016	54.6623001099
3488.63745117	56.1007461548
3490.26074219	55.8000640869
3491.88378906	56.6987533569
3493.50708008	56.3550872803
3495.13037109	55.3430328369
3496.75366211	53.9856491089
3498.37670898	55.7292900085
3500	56.4863548279
