-50	97.358291626
-48.1682128906	101.1509552
-46.3364295959	103.064750671
-44.5046424866	101.8826828
-42.6728591919	105.234924316
-40.8410720825	110.330505371
-39.0092887878	113.648429871
-37.1775016785	119.196037292
-35.3457183838	125.922149658
-33.5139312744	126.430015564
-31.6821460724	131.490509033
-29.8503608704	143.352783203
-28.0185756683	149.823852539
-26.1867904663	156.301208496
-24.3550052643	168.951538086
-22.5232200623	181.585784912
-20.6914348602	191.353637695
-18.8596496582	208.088653564
-17.0278644562	257.698303223
-15.1960783005	357.963531494
-13.3642930984	583.628356934
-11.5325078964	1321.5645752
-9.7007226944	4562.625
-7.86893701553	13180.3554688
-6.03715181351	26267.7167969
-4.20536613464	36797.4257813
-2.37358093262	35529.484375
-0.541795670986	42395.9335938
1.28998970985	30485.0351563
3.12177491188	20995.203125
4.95356035233	13396.8857422
6.78534555435	5755.24023438
8.61713123322	2150.38354492
10.4489164352	623.485229492
12.2807016373	237.371780396
14.1124868393	173.643463135
15.9442720413	154.934967041
17.776058197	142.415313721
19.607843399	131.601150513
21.4396286011	125.442527771
23.2714138031	118.412460327
25.1031990051	112.20652771
26.9349842072	108.170898438
28.7667694092	105.688652039
30.5985546112	98.7053985596
32.4303398132	91.6248016357
34.2621269226	88.705619812
36.0939102173	85.5940170288
37.9256973267	81.5754318237
39.7574806213	78.4436264038
41.5892677307	73.69947052
43.4210510254	73.9636306763
45.2528381348	72.0061264038
47.0846214294	69.6724777222
48.9164085388	68.0580291748
50.7481956482	66.5595932007
52.5799789429	65.3706588745
54.4117660522	66.8841171265
56.2435493469	69.4249649048
58.0753364563	76.4311981201
59.907119751	88.3571090698
61.7389068604	101.444297791
63.570690155	111.690177917
65.4024734497	118.416099548
67.2342605591	120.066886902
69.0660476685	119.953582764
70.8978347778	119.801322937
72.7296218872	118.370704651
74.5614013672	117.897224426
76.3931884766	117.332092285
78.2249755859	117.148147583
80.0567626953	115.515945435
81.8885421753	113.183288574
83.7203292847	114.026199341
85.552116394	115.36492157
87.3839035034	116.237304688
89.2156829834	114.721740723
91.0474700928	114.054985046
92.8792572021	115.317100525
94.7110443115	115.575469971
96.5428314209	113.876075745
98.3746109009	113.942771912
100.20639801	115.958396912
102.03818512	119.629707336
103.869972229	122.838340759
105.701751709	122.99356842
107.533538818	128.830764771
109.365325928	132.087646484
111.197113037	135.068466187
113.028892517	139.835189819
114.860679626	146.821151733
116.692466736	154.826034546
118.524253845	163.491760254
120.356040955	170.018875122
122.187820435	178.623672485
124.019607544	189.401489258
125.851394653	201.84161377
127.683181763	214.691757202
129.514968872	222.748306274
131.346755981	230.300918579
133.178527832	232.124542236
135.010314941	229.172531128
136.842102051	222.306549072
138.67388916	213.04284668
140.50567627	207.388977051
142.337463379	197.305969238
144.169250488	188.649353027
146.001037598	182.98626709
147.832824707	179.771347046
149.664596558	178.985351563
151.496383667	184.555831909
153.328170776	181.888534546
155.159957886	186.695709229
156.991744995	191.016693115
158.823532104	192.290084839
160.655319214	190.090560913
162.487106323	183.323989868
164.318878174	170.054336548
166.150665283	157.376403809
167.982452393	143.400741577
169.814239502	130.295715332
171.646026611	120.433296204
173.477813721	114.445411682
175.30960083	110.032264709
177.141387939	106.891098022
178.973175049	105.331184387
180.804946899	102.930786133
182.636734009	100.535720825
184.468521118	100.13105011
186.300308228	96.7010192871
188.132095337	94.6389083862
189.963882446	94.7746200562
191.795669556	95.4636611938
193.627456665	96.3254241943
195.459243774	97.5258865356
197.291015625	98.7940597534
199.122802734	101.909034729
200.954589844	105.486206055
202.786376953	106.590751648
204.618164063	104.134376526
206.449951172	99.187171936
208.281738281	94.2936477661
210.113525391	89.6601409912
211.945297241	85.3135375977
213.777084351	81.9280853271
215.60887146	79.3052825928
217.440658569	77.4431915283
219.272445679	76.7590713501
221.104232788	78.1515045166
222.936019897	74.1889266968
224.767807007	73.4348297119
226.599594116	73.0012741089
228.431365967	72.5452651978
230.263153076	72.5371627808
232.094940186	72.8061294556
233.926727295	71.2163009644
235.758514404	70.6392974854
237.590301514	69.8788146973
239.422088623	70.1934356689
241.253875732	70.208152771
243.085662842	68.4720611572
244.917434692	69.9373626709
246.749221802	67.820640564
248.581008911	68.483543396
250.412796021	68.02394104
252.24458313	67.00415802
254.076370239	67.172668457
255.908157349	68.7821884155
257.739929199	68.2488861084
259.571716309	68.055229187
261.403503418	67.8659133911
263.235290527	68.0958251953
265.067077637	68.2125473022
266.898864746	67.9144134521
268.730651855	68.8899536133
270.562438965	68.7926025391
272.394226074	68.0280303955
274.226013184	68.3060302734
276.057800293	69.2591018677
277.889587402	69.6349334717
279.721374512	68.6807556152
281.553161621	68.6432113647
283.384918213	68.5246810913
285.216705322	67.4751052856
287.048492432	68.1597290039
288.880279541	68.284324646
290.71206665	66.5299301147
292.54385376	66.3018875122
294.375640869	67.5410842896
296.207427979	68.0916748047
298.039215088	66.3468933105
299.871002197	64.5972518921
301.702789307	64.7715072632
303.534576416	66.286315918
305.366363525	65.2879867554
307.198150635	66.9104385376
309.029937744	65.7919387817
310.861724854	65.1540374756
312.693511963	65.2022247314
314.525268555	65.3382949829
316.357055664	65.3977737427
318.188842773	66.6240005493
320.020629883	66.2657241821
321.852416992	66.0386734009
323.684204102	65.8660430908
325.515991211	64.9568481445
327.34777832	64.3242111206
329.17956543	65.6864471436
331.011352539	65.8554534912
332.843139648	65.5358428955
334.674926758	65.4774551392
336.506713867	65.5835189819
338.338500977	65.9113922119
340.170288086	65.5840454102
342.002075195	63.6154403687
343.833862305	63.5462684631
345.665649414	64.2732696533
347.497406006	65.7142715454
349.329193115	66.3737640381
351.160980225	66.0161437988
352.992767334	65.0573196411
354.824554443	64.2749404907
356.656341553	65.9580535889
358.488128662	65.5023803711
360.319915771	64.6268997192
362.151702881	65.2665710449
363.98348999	66.5401611328
365.8152771	66.6258087158
367.647064209	64.9978713989
369.478851318	64.9284362793
371.310638428	66.3082885742
373.142425537	65.6902008057
374.974212646	65.838218689
376.805999756	66.2329406738
378.637756348	66.3998565674
380.469543457	66.9665679932
382.301330566	64.6261062622
384.133117676	64.9845428467
385.964904785	64.2473373413
387.796691895	63.7173309326
389.628479004	63.9598007202
391.460266113	64.4485549927
393.292053223	64.399230957
395.123840332	64.8922195435
396.955627441	63.5721931458
398.787414551	63.8513946533
400.61920166	64.6617279053
402.45098877	64.8637542725
404.282775879	64.0942764282
406.114562988	63.287815094
407.946350098	64.6370849609
409.778106689	63.2781639099
411.609893799	64.0904846191
413.441680908	64.2136077881
415.273468018	64.1714019775
417.105255127	64.3929367065
418.937042236	64.4852981567
420.768829346	63.9028205872
422.600616455	62.3913726807
424.432403564	63.1162185669
426.264190674	64.0904083252
428.095977783	63.2916717529
429.927764893	62.4807548523
431.759552002	63.2353591919
433.591339111	63.7006645203
435.423126221	64.5184020996
437.25491333	62.7735671997
439.086700439	63.6611938477
440.918487549	63.6439590454
442.750244141	62.6775245667
444.58203125	62.5415306091
446.413818359	63.9921836853
448.245605469	64.3583679199
450.077392578	62.0624809265
451.909179688	62.7958869934
453.740966797	62.5810852051
455.572753906	62.7034759521
457.404541016	63.0523452759
459.236328125	62.7202110291
461.068115234	63.2376365662
462.899902344	64.3108520508
464.731689453	65.0382995605
466.563476563	63.2716178894
468.395263672	62.9030990601
470.227050781	64.2064361572
472.058837891	65.0026092529
473.890594482	63.7275314331
475.722381592	62.2097969055
477.554168701	61.6234130859
479.385955811	64.3344497681
481.21774292	64.7139282227
483.049530029	63.4981193542
484.881317139	63.5353965759
486.713104248	65.1792449951
488.544891357	64.3522796631
490.376678467	62.3895225525
492.208465576	64.1932907104
494.040252686	63.7509803772
495.872039795	63.8564682007
497.703826904	64.0439071655
499.535614014	63.9105072021
501.367401123	64.5259628296
503.199188232	65.576385498
505.030944824	64.9658966064
506.862731934	63.627571106
508.694519043	63.4607315063
510.526306152	63.4313964844
512.358093262	63.8473358154
514.189880371	64.5486831665
516.02166748	64.0229721069
517.85345459	64.1786804199
519.685241699	63.7791671753
521.517028809	64.6420440674
523.348815918	63.5905456543
525.180603027	63.753616333
527.012390137	64.8025665283
528.844177246	64.2949066162
530.675964355	63.0224380493
532.507751465	63.5447807312
534.339538574	64.7834701538
536.171325684	64.4164810181
538.003112793	63.3833084106
539.834899902	63.3613586426
541.666687012	64.0816802979
543.498474121	64.2220611572
545.33026123	64.102180481
547.16204834	65.3266983032
548.993835449	64.4193115234
550.825622559	65.3364105225
552.657348633	65.7350540161
554.489135742	65.0953445435
556.320922852	65.1272201538
558.152709961	66.7563247681
559.98449707	67.0451965332
561.81628418	65.2455444336
563.648071289	65.8432769775
565.479858398	64.2963256836
567.311645508	64.5343856812
569.143432617	65.4724731445
570.975219727	65.1173553467
572.807006836	64.3877563477
574.638793945	66.42578125
576.470581055	64.1614227295
578.302368164	66.0937271118
580.134155273	65.1222000122
581.965942383	64.7364044189
583.797729492	65.1714096069
585.629516602	65.7635879517
587.461303711	66.2573471069
589.29309082	66.3784179688
591.12487793	65.3124771118
592.956665039	65.1986846924
594.788452148	65.2026672363
596.620239258	64.8035049438
598.452026367	64.6948776245
600.283813477	65.9138641357
602.115600586	66.7417755127
603.947387695	63.9196205139
605.779174805	64.8563461304
607.610961914	65.3071136475
609.442749023	65.7543334961
611.274536133	64.8151702881
613.106323242	64.4650039673
614.938110352	65.8910751343
616.769836426	66.9230575562
618.601623535	65.2675933838
620.433410645	66.3514556885
622.265197754	65.683807373
624.096984863	65.403137207
625.928771973	66.8589782715
627.760559082	65.4226608276
629.592346191	65.0860061646
631.424133301	66.9134368896
633.25592041	67.6617965698
635.08770752	67.9647674561
636.919494629	65.9797592163
638.751281738	66.3005905151
640.583068848	67.507270813
642.414855957	67.3026123047
644.246643066	66.3467407227
646.078430176	66.5306549072
647.910217285	67.3160324097
649.742004395	66.2038574219
651.573791504	65.9456481934
653.405578613	67.2814331055
655.237365723	67.8849334717
657.069152832	68.6831893921
658.900939941	67.5138320923
660.732727051	67.1067352295
662.56451416	67.6768875122
664.39630127	67.6531143188
666.228088379	68.7894439697
668.059875488	67.1405715942
669.891662598	67.4492111206
671.723449707	68.5645141602
673.555236816	68.5552062988
675.387023926	69.1525344849
677.218811035	69.0712890625
679.050537109	68.6080474854
680.882324219	69.8031005859
682.714111328	69.8921356201
684.545898438	70.0771789551
686.377685547	69.1093063354
688.209472656	68.8516464233
690.041259766	69.4049530029
691.873046875	70.1918182373
693.704833984	70.0641708374
695.536621094	69.170249939
697.368408203	69.4962615967
699.200195313	72.0300292969
701.031982422	71.4634780884
702.863769531	72.156036377
704.695556641	69.8871459961
706.52734375	70.1523208618
708.359130859	69.9342422485
710.190917969	69.5392150879
712.022705078	70.0739593506
713.854492188	69.6461257935
715.686279297	70.0121917725
717.518066406	70.4944076538
719.349853516	71.3806304932
721.181640625	70.8730163574
723.013427734	70.8228530884
724.845214844	70.8834152222
726.677001953	70.4348297119
728.508789063	70.5445556641
730.340576172	72.125038147
732.172363281	71.734954834
734.004150391	70.889465332
735.8359375	69.7952041626
737.667724609	69.8183441162
739.499511719	70.1076583862
741.331298828	70.8495025635
743.163024902	70.8782272339
744.994812012	70.2871017456
746.826599121	70.7288742065
748.65838623	71.6709518433
750.49017334	72.156463623
752.321960449	71.9372024536
754.153747559	71.435836792
755.985534668	71.8596572876
757.817321777	71.7866973877
759.649108887	71.132194519
761.480895996	71.0722198486
763.312683105	71.8415374756
765.144470215	71.8369522095
766.976257324	71.0937728882
768.808044434	70.7687149048
770.639831543	70.9011383057
772.471618652	70.0489730835
774.303405762	70.1611404419
776.135192871	70.5514984131
777.96697998	71.2436141968
779.79876709	71.3399047852
781.630554199	69.766746521
783.462341309	70.7742233276
785.294128418	71.0704650879
787.125915527	72.7386550903
788.957702637	72.5332717896
790.789489746	71.8264541626
792.621276855	69.8455734253
794.453063965	70.084777832
796.284851074	71.2756881714
798.116638184	70.0223922729
799.948425293	69.4318695068
801.780212402	71.3538970947
803.611999512	70.1118164063
805.443786621	70.4103622437
807.275512695	70.8729324341
809.107299805	70.8592987061
810.939086914	70.2747192383
812.770874023	69.3200759888
814.602661133	69.2620773315
816.434448242	70.395904541
818.266235352	70.3265914917
820.098022461	70.524520874
821.92980957	72.9255523682
823.76159668	71.6625061035
825.593383789	71.6099395752
827.425170898	70.3111953735
829.256958008	69.6807632446
831.088745117	69.9215316772
832.920532227	70.3640136719
834.752319336	71.4110031128
836.584106445	72.6226577759
838.415893555	70.8635406494
840.247680664	71.5021438599
842.079467773	72.068939209
843.911254883	71.7026367188
845.743041992	71.9811019897
847.574829102	72.5136566162
849.406616211	72.4430465698
851.23840332	72.2397232056
853.07019043	72.6474609375
854.901977539	73.1632995605
856.733764648	74.538734436
858.565551758	73.4136581421
860.397338867	74.1340103149
862.229125977	74.186630249
864.060913086	73.7811965942
865.892700195	73.0409851074
867.724487305	73.2978591919
869.556213379	72.9762573242
871.388000488	71.9294052124
873.219787598	73.6954574585
875.051574707	74.6082382202
876.883361816	74.2927246094
878.715148926	72.656791687
880.546936035	72.6285934448
882.378723145	73.3766708374
884.210510254	73.2340316772
886.042297363	72.9250869751
887.874084473	72.7901229858
889.705871582	73.8284759521
891.537658691	75.1187820435
893.369445801	72.0010528564
895.20123291	71.7257995605
897.03302002	74.5138397217
898.864807129	73.2323074341
900.696594238	72.8524398804
902.528381348	73.2329025269
904.360168457	73.2812728882
906.191955566	74.922454834
908.023742676	76.0235671997
909.855529785	74.6229171753
911.687316895	74.1004714966
913.519104004	75.3728256226
915.350891113	73.6050567627
917.182678223	73.2277069092
919.014465332	72.5292892456
920.846252441	72.1786270142
922.678039551	72.723526001
924.50982666	72.2516326904
926.34161377	71.9925537109
928.173400879	73.1720581055
930.005187988	74.5169219971
931.836975098	74.5304870605
933.668701172	73.9884262085
935.500488281	72.2222671509
937.332275391	73.024230957
939.1640625	73.126083374
940.995849609	72.2405166626
942.827636719	73.1189498901
944.659423828	73.8910293579
946.491210938	74.0103225708
948.322998047	73.5713043213
950.154785156	73.1778411865
951.986572266	73.3826599121
953.818359375	73.3115844727
955.650146484	74.8848571777
957.481933594	72.8096313477
959.313720703	73.7336120605
961.145507813	73.7307281494
962.977294922	73.3070449829
964.809082031	73.7945251465
966.640869141	73.4285812378
968.47265625	73.1530761719
970.304443359	73.7201690674
972.136230469	73.3541183472
973.968017578	72.4894561768
975.799804688	75.126991272
977.631591797	74.5057449341
979.463378906	72.2476119995
981.295166016	72.739112854
983.126953125	72.819984436
984.958740234	73.0726318359
986.790527344	72.3899993896
988.622314453	72.3204803467
990.454101563	72.3616409302
992.285888672	72.0052185059
994.117675781	72.0169143677
995.949462891	71.0524673462
997.781188965	71.0267333984
999.612976074	71.4703292847
1001.44476318	71.5582275391
1003.27655029	70.8743972778
1005.1083374	70.0306777954
1006.94012451	70.0383453369
1008.77191162	69.1769485474
1010.60369873	68.9929656982
1012.43548584	69.4238967896
1014.26727295	69.9543151855
1016.09906006	70.8629226685
1017.93084717	70.4798049927
1019.76263428	70.6114501953
1021.59442139	70.1686096191
1023.4262085	69.9491043091
1025.25805664	71.2425384521
1027.08984375	70.8032836914
1028.92150879	69.9758987427
1030.7532959	69.5698471069
1032.58508301	69.9882125854
1034.41687012	71.3650970459
1036.24865723	71.5213775635
1038.08044434	70.2598648071
1039.91223145	70.9432754517
1041.74401855	70.4564208984
1043.57580566	71.1956100464
1045.40759277	73.9479522705
1047.23937988	70.9172058105
1049.07116699	69.7069320679
1050.9029541	70.1482543945
1052.73474121	71.8551635742
1054.56652832	71.6526565552
1056.39831543	72.3809509277
1058.23010254	73.8662796021
1060.06188965	73.9249267578
1061.89367676	73.5599441528
1063.72546387	73.244934082
1065.55725098	73.9132461548
1067.38903809	75.7478179932
1069.2208252	75.8291702271
1071.0526123	76.9470748901
1072.88439941	73.7781066895
1074.71618652	75.3360290527
1076.54797363	75.2653961182
1078.37976074	75.5837783813
1080.21154785	76.2926864624
1082.04333496	75.789024353
1083.87512207	74.4576797485
1085.70690918	74.2997970581
1087.53869629	75.5726013184
1089.3704834	73.882850647
1091.20227051	73.1099319458
1093.03405762	73.8577880859
1094.86584473	75.263458252
1096.69763184	72.5915222168
1098.52941895	73.3533630371
1100.36120605	72.944152832
1102.19299316	71.6925964355
1104.02478027	72.3308944702
1105.85656738	72.244178772
1107.68835449	71.6824188232
1109.5201416	72.2704086304
1111.35192871	71.1810760498
1113.18371582	70.5771179199
1115.01550293	71.86277771
1116.84729004	70.6710968018
1118.67907715	72.5751800537
1120.51086426	71.1691513062
1122.34265137	72.4308319092
1124.17443848	71.3620223999
1126.00622559	69.8248596191
1127.8380127	71.1530456543
1129.6697998	71.9721221924
1131.50158691	71.1604232788
1133.33337402	70.8683395386
1135.16516113	71.1689758301
1136.99694824	70.8152084351
1138.82873535	70.6554641724
1140.66052246	71.2113723755
1142.49230957	71.2338104248
1144.32409668	71.6089248657
1146.15588379	70.9176712036
1147.9876709	72.5585021973
1149.81945801	70.6979598999
1151.65124512	70.541885376
1153.48303223	69.7819137573
1155.31469727	70.2658081055
1157.14648438	71.9772949219
1158.97827148	74.2537002563
1160.81005859	74.85572052
1162.6418457	72.9752044678
1164.47363281	72.8052444458
1166.30541992	71.5351638794
1168.13720703	73.926399231
1169.96899414	73.1038208008
1171.80078125	73.7780685425
1173.63256836	73.2301712036
1175.46435547	71.7899169922
1177.29614258	72.6411132813
1179.12792969	72.7663116455
1180.9597168	72.3384399414
1182.79150391	72.4038619995
1184.62329102	71.9915237427
1186.45507813	71.6769561768
1188.28686523	72.5232543945
1190.11865234	73.2852706909
1191.95043945	73.2908477783
1193.78222656	73.678817749
1195.61401367	73.8943786621
1197.44580078	74.448348999
1199.27758789	73.1995239258
1201.109375	70.2045516968
1202.94116211	74.2281951904
1204.77294922	74.6872558594
1206.60473633	74.5955657959
1208.43652344	74.7149276733
1210.26831055	75.1808395386
1212.10009766	73.496925354
1213.93188477	72.8702163696
1215.76367188	74.6721878052
1217.59545898	75.3667907715
1219.42724609	74.3603286743
1221.2590332	73.2878189087
1223.09082031	73.060874939
1224.92260742	75.0429000854
1226.75439453	75.4106369019
1228.58618164	76.0775756836
1230.41796875	74.7889785767
1232.24975586	75.4235610962
1234.08154297	75.0554885864
1235.91333008	75.8391494751
1237.74511719	75.4287948608
1239.5769043	74.7080612183
1241.40869141	76.1150512695
1243.24047852	76.4197235107
1245.07226563	77.074432373
1246.90405273	77.3315582275
1248.73583984	75.2958450317
1250.56762695	76.3019561768
1252.39941406	77.3472213745
1254.23120117	76.8996276855
1256.06298828	78.1866989136
1257.89477539	76.9040222168
1259.7265625	79.1612625122
1261.55834961	79.037651062
1263.39013672	79.7221679688
1265.22192383	80.1429367065
1267.05371094	79.9877090454
1268.88549805	78.2057266235
1270.71728516	79.3700714111
1272.54907227	79.9032363892
1274.38085938	80.3810958862
1276.21264648	81.3486938477
1278.04443359	80.959197998
1279.8762207	80.5300750732
1281.70788574	81.8572769165
1283.53967285	82.6581039429
1285.37145996	81.9850463867
1287.20324707	81.9543304443
1289.03503418	81.8746566772
1290.86682129	84.5870513916
1292.6986084	84.3583679199
1294.53039551	85.8695297241
1296.36218262	83.767250061
1298.19396973	84.9579696655
1300.02575684	86.5947647095
1301.85754395	87.0851211548
1303.68933105	88.8302764893
1305.52111816	88.3879013062
1307.35290527	88.0045928955
1309.18469238	88.9990310669
1311.01647949	90.0594940186
1312.8482666	91.5216064453
1314.68005371	92.9800033569
1316.51184082	93.6510696411
1318.34362793	95.5202484131
1320.17541504	97.0882339478
1322.00720215	97.6285858154
1323.83898926	101.683021545
1325.67077637	102.465270996
1327.50256348	101.090736389
1329.33435059	103.404678345
1331.1661377	104.858627319
1332.9979248	104.52381134
1334.82971191	109.737121582
1336.66149902	110.891418457
1338.49328613	116.063774109
1340.32507324	119.180892944
1342.15686035	122.235733032
1343.98864746	126.497497559
1345.82043457	129.762664795
1347.65222168	132.169540405
1349.48400879	133.530349731
1351.3157959	132.258422852
1353.14758301	130.582489014
1354.97937012	129.981262207
1356.81115723	124.522903442
1358.64294434	118.702766418
1360.47473145	116.052330017
1362.30651855	112.386627197
1364.13830566	110.862884521
1365.97009277	108.502807617
1367.80187988	107.270614624
1369.63366699	107.560852051
1371.4654541	105.245635986
1373.29724121	103.270202637
1375.12902832	103.749687195
1376.96081543	105.35736084
1378.79260254	104.484634399
1380.62438965	103.703170776
1382.45617676	103.679725647
1384.28796387	103.352233887
1386.11975098	102.259521484
1387.95153809	102.66268158
1389.7833252	102.845375061
1391.6151123	101.056228638
1393.44689941	101.378005981
1395.27868652	100.180351257
1397.11047363	101.228981018
1398.94226074	101.868545532
1400.77404785	102.860946655
1402.60583496	102.782455444
1404.43762207	105.643333435
1406.26940918	103.881401062
1408.10107422	105.122673035
1409.93286133	106.354614258
1411.76464844	107.76234436
1413.59643555	106.363777161
1415.42822266	107.579292297
1417.26000977	107.891426086
1419.09179688	108.460266113
1420.92358398	110.325706482
1422.75537109	110.126075745
1424.5871582	111.859199524
1426.41894531	111.807907104
1428.25073242	112.043136597
1430.08251953	114.335372925
1431.91430664	115.646537781
1433.74609375	116.438041687
1435.57788086	116.661842346
1437.40966797	117.128059387
1439.24145508	118.970756531
1441.07324219	120.83694458
1442.9050293	120.350204468
1444.73681641	122.768959045
1446.56860352	124.867240906
1448.40039063	125.252151489
1450.23217773	124.706474304
1452.06396484	125.956771851
1453.89575195	128.730606079
1455.72753906	130.624237061
1457.55932617	132.080093384
1459.39111328	133.806274414
1461.22290039	135.25630188
1463.0546875	135.405502319
1464.88647461	138.175933838
1466.71826172	139.180343628
1468.55004883	142.892822266
1470.38183594	145.192443848
1472.21362305	147.819274902
1474.04541016	149.114898682
1475.87719727	150.90045166
1477.70898438	153.100082397
1479.54077148	155.144515991
1481.37255859	160.367675781
1483.2043457	164.61390686
1485.03613281	167.040359497
1486.86791992	171.62411499
1488.69970703	172.572998047
1490.53149414	179.209274292
1492.36328125	184.830963135
1494.19506836	188.196273804
1496.02685547	199.831893921
1497.85864258	202.116851807
1499.69042969	208.069656372
1501.5222168	216.935577393
1503.35400391	220.574325562
1505.18579102	237.204177856
1507.01757813	243.033218384
1508.84936523	251.389190674
1510.68115234	262.318084717
1512.51293945	274.280609131
1514.34472656	291.252258301
1516.17651367	304.920074463
1518.00830078	322.050323486
1519.84008789	336.056549072
1521.671875	356.136260986
1523.50366211	376.241882324
1525.33544922	400.069793701
1527.16723633	424.512451172
1528.99902344	447.271514893
1530.83081055	479.722503662
1532.66259766	516.928161621
1534.49438477	547.019775391
1536.3260498	585.475585938
1538.15783691	629.266723633
1539.98962402	671.354553223
1541.82141113	721.167541504
1543.65319824	770.349853516
1545.48498535	817.332885742
1547.31677246	866.071655273
1549.14855957	926.926696777
1550.98034668	989.54083252
1552.81213379	1064.49365234
1554.6439209	1154.72485352
1556.47570801	1250.94873047
1558.30749512	1356.67419434
1560.13928223	1468.1895752
1561.97106934	1578.76147461
1563.80285645	1688.4552002
1565.63464355	1795.92785645
1567.46643066	1862.91882324
1569.29821777	1923.1862793
1571.13000488	1973.88244629
1572.96179199	1964.15356445
1574.7935791	1963.11547852
1576.62536621	1946.24133301
1578.45715332	1954.890625
1580.28894043	2001.63293457
1582.12072754	2157.7043457
1583.95251465	2450.1159668
1585.78430176	2883.40771484
1587.61608887	3377.97387695
1589.44787598	3782.47314453
1591.27966309	4000.88500977
1593.1114502	3962.68383789
1594.9432373	3718.29736328
1596.77502441	3353.33276367
1598.60681152	2919.84521484
1600.43859863	2515.87036133
1602.27038574	2151.99267578
1604.10217285	1840.33129883
1605.93395996	1580.48413086
1607.76574707	1360.66650391
1609.59753418	1173.84973145
1611.42932129	1019.33563232
1613.2611084	891.883911133
1615.09289551	778.477294922
1616.92468262	682.311706543
1618.75646973	603.978515625
1620.58825684	538.361572266
1622.42004395	481.603973389
1624.25183105	434.773590088
1626.08361816	392.005065918
1627.91540527	358.101531982
1629.74719238	325.747344971
1631.57897949	300.467071533
1633.4107666	275.868408203
1635.24255371	255.503295898
1637.07434082	240.06892395
1638.90612793	225.767929077
1640.73791504	209.14024353
1642.56970215	200.312591553
1644.40148926	191.065170288
1646.23327637	181.927764893
1648.06506348	175.311676025
1649.89685059	169.017181396
1651.7286377	162.167739868
1653.5604248	157.095962524
1655.39221191	148.507171631
1657.22399902	148.480499268
1659.05578613	142.114379883
1660.88757324	141.267272949
1662.71923828	137.959838867
1664.55102539	132.09727478
1666.3828125	130.663391113
1668.21459961	127.287490845
1670.04638672	121.790397644
1671.87817383	121.717247009
1673.70996094	121.267593384
1675.54174805	121.379844666
1677.37353516	116.536514282
1679.20532227	115.741172791
1681.03710938	111.80947876
1682.86889648	111.040374756
1684.70068359	108.688110352
1686.5324707	108.776451111
1688.36425781	105.594924927
1690.19604492	106.856437683
1692.02783203	105.22744751
1693.85961914	105.675590515
1695.69140625	106.273635864
1697.52319336	107.265853882
1699.35498047	103.504394531
1701.18676758	104.879592896
1703.01855469	104.662208557
1704.8503418	105.106399536
1706.68212891	105.341384888
1708.51391602	105.627090454
1710.34570313	105.226509094
1712.17749023	107.475234985
1714.00927734	108.685638428
1715.84106445	107.336471558
1717.67285156	108.684165955
1719.50463867	110.489379883
1721.33642578	111.242424011
1723.16821289	112.630363464
1725	114.005233765
1726.83178711	115.069290161
1728.66357422	116.732574463
1730.49536133	118.442802429
1732.32714844	118.876068115
1734.15893555	117.558059692
1735.99072266	117.372634888
1737.82250977	117.39276123
1739.65429688	116.508735657
1741.48608398	117.426124573
1743.31787109	117.464103699
1745.1496582	116.764663696
1746.98144531	115.471511841
1748.81323242	113.259811401
1750.64501953	112.140281677
1752.47680664	112.683624268
1754.30859375	112.673942566
1756.14038086	111.498558044
1757.97216797	109.588912964
1759.80395508	108.019477844
1761.63574219	106.903678894
1763.4675293	105.131095886
1765.29931641	103.278068542
1767.13110352	102.196998596
1768.96289063	101.021095276
1770.79467773	98.4191055298
1772.62646484	95.699798584
1774.45825195	95.4907073975
1776.29003906	96.6370620728
1778.12182617	95.6039810181
1779.95361328	93.3999557495
1781.78540039	91.9834823608
1783.6171875	92.39037323
1785.44897461	91.2543563843
1787.28076172	89.4322052002
1789.11242676	88.8598632813
1790.94421387	88.2957611084
1792.77600098	87.0836639404
1794.60778809	87.0448989868
1796.4395752	87.9194717407
1798.2713623	86.3317871094
1800.10314941	84.1957397461
1801.93493652	84.6214447021
1803.76672363	85.3050384521
1805.59851074	84.076210022
1807.43029785	83.3521499634
1809.26208496	82.2189407349
1811.09387207	81.9176330566
1812.92565918	82.2844619751
1814.75744629	81.186378479
1816.5892334	80.034828186
1818.42102051	79.8625106812
1820.25280762	79.4146652222
1822.08459473	78.4147109985
1823.91638184	77.9889297485
1825.74816895	77.9832229614
1827.57995605	78.2214813232
1829.41174316	77.935005188
1831.24353027	76.268447876
1833.07531738	74.9161911011
1834.90710449	74.6253204346
1836.7388916	74.9800872803
1838.57067871	75.4342727661
1840.40246582	75.8215637207
1842.23425293	75.7637176514
1844.06604004	74.3684005737
1845.89782715	74.1275939941
1847.72961426	73.6240615845
1849.56140137	72.2744598389
1851.39318848	73.0239181519
1853.22497559	73.8163146973
1855.0567627	72.7534866333
1856.8885498	73.0919952393
1858.72033691	73.5865402222
1860.55212402	72.2307815552
1862.38391113	72.6566390991
1864.21569824	73.5015411377
1866.04748535	74.5593490601
1867.87927246	73.6588745117
1869.71105957	73.5916137695
1871.54284668	74.0925674438
1873.37463379	74.012260437
1875.2064209	72.4890060425
1877.03820801	72.662361145
1878.86999512	73.3003463745
1880.70178223	72.8484191895
1882.53356934	74.4805603027
1884.36535645	74.4266662598
1886.19714355	73.3997879028
1888.02893066	72.9953994751
1889.86071777	73.9152832031
1891.69250488	75.3605804443
1893.52429199	75.8767623901
1895.3560791	74.3081817627
1897.18786621	74.7595672607
1899.01965332	73.9090805054
1900.85144043	73.7595062256
1902.68322754	74.4777145386
1904.51501465	74.5048904419
1906.34680176	74.2797241211
1908.17858887	73.3816986084
1910.01037598	74.1283111572
1911.84216309	72.9296417236
1913.6739502	73.4341201782
1915.50561523	72.8486404419
1917.33740234	73.6786804199
1919.16918945	73.6477813721
1921.00097656	73.3792266846
1922.83276367	72.3539047241
1924.66455078	71.7518157959
1926.49633789	73.1518783569
1928.328125	72.3240737915
1930.15991211	73.0964508057
1931.99169922	71.7693710327
1933.82348633	72.9102859497
1935.65527344	72.0968551636
1937.48706055	72.1161422729
1939.31884766	71.828414917
1941.15063477	71.8082809448
1942.98242188	73.4385375977
1944.81420898	72.7202682495
1946.64599609	72.7821807861
1948.4777832	73.1437911987
1950.30957031	72.0407333374
1952.14135742	73.5494995117
1953.97314453	72.876991272
1955.80493164	74.1398544312
1957.63671875	73.709197998
1959.46850586	72.5161590576
1961.30029297	74.2774353027
1963.13208008	73.3748245239
1964.96386719	71.9416809082
1966.7956543	75.0148468018
1968.62744141	76.1239089966
1970.45922852	74.1005630493
1972.29101563	76.1618881226
1974.12280273	75.7386245728
1975.95458984	74.0455627441
1977.78637695	76.7302703857
1979.61816406	77.7257766724
1981.44995117	75.8338165283
1983.28173828	77.9970016479
1985.11352539	75.8762054443
1986.9453125	76.6740722656
1988.77709961	76.8070831299
1990.60888672	77.8803253174
1992.44067383	79.2900695801
1994.27246094	79.1412124634
1996.10424805	78.0195388794
1997.93603516	76.9003143311
1999.76782227	76.5656967163
2001.59960938	77.9115753174
2003.43139648	80.286857605
2005.26318359	81.6819610596
2007.0949707	80.9389343262
2008.92675781	79.9163742065
2010.75854492	81.1948699951
2012.59033203	80.0024871826
2014.42211914	78.9217681885
2016.25390625	79.4439315796
2018.08569336	79.2320404053
2019.91748047	79.0123519897
2021.74926758	79.2753677368
2023.58105469	77.8892822266
2025.4128418	76.2962188721
2027.24462891	74.9245605469
2029.07641602	75.8098983765
2030.90820313	76.1229248047
2032.73999023	74.114151001
2034.57177734	74.7288284302
2036.40356445	76.3825378418
2038.23535156	74.1196212769
2040.06713867	73.2464599609
2041.89892578	74.5764389038
2043.73059082	74.1866912842
2045.56237793	72.9133911133
2047.39416504	72.9263458252
2049.22607422	71.787689209
2051.05786133	72.1908721924
2052.88964844	70.9342041016
2054.72143555	71.1781234741
2056.55322266	71.5503082275
2058.38500977	70.2297592163
2060.21679688	71.1670150757
2062.04858398	70.5592651367
2063.88037109	71.9672317505
2065.7121582	71.4515762329
2067.54394531	69.7634506226
2069.37573242	70.4968795776
2071.20751953	70.9651565552
2073.03930664	70.136428833
2074.87109375	70.8070220947
2076.70288086	70.791229248
2078.53466797	69.1788864136
2080.36645508	68.1490020752
2082.19824219	69.2318191528
2084.0300293	70.5010910034
2085.86181641	70.6078414917
2087.69360352	69.6642913818
2089.52539063	68.9779510498
2091.35717773	68.0558547974
2093.18896484	67.769569397
2095.02075195	67.6211395264
2096.85253906	67.9315948486
2098.68432617	69.4209747314
2100.51611328	69.7435760498
2102.34790039	68.7183914185
2104.1796875	67.7724380493
2106.01123047	66.8216552734
2107.84301758	66.3525390625
2109.67480469	67.8700714111
2111.5065918	68.6103744507
2113.33837891	68.1109924316
2115.17016602	67.7801971436
2117.00195313	68.7332611084
2118.83374023	67.673286438
2120.66552734	67.2226486206
2122.49731445	67.1812210083
2124.32910156	66.6159057617
2126.16088867	68.6628341675
2127.99267578	67.45728302
2129.82446289	67.4696502686
2131.65625	67.4101715088
2133.48803711	67.5801467896
2135.31982422	67.7264328003
2137.15161133	67.4130935669
2138.98339844	67.364692688
2140.81518555	67.1738891602
2142.64697266	66.7631149292
2144.47875977	66.3411026001
2146.31054688	66.9999694824
2148.14233398	66.4986877441
2149.97412109	67.3899459839
2151.8059082	68.9866638184
2153.63769531	68.4640579224
2155.46948242	67.7484588623
2157.30126953	67.9724121094
2159.13305664	68.4449996948
2160.96484375	69.135269165
2162.79663086	67.5715637207
2164.62841797	66.6605224609
2166.46020508	69.3428039551
2168.29199219	69.2245178223
2170.1237793	66.4248962402
2171.95556641	69.3429641724
2173.78735352	68.6413040161
2175.61914063	68.5739974976
2177.45092773	68.2249145508
2179.28271484	68.9051132202
2181.11450195	68.2882461548
2182.94628906	68.8884658813
2184.77807617	68.6613006592
2186.60986328	68.2205276489
2188.44165039	67.2864227295
2190.2734375	67.9651641846
2192.10522461	69.0883102417
2193.93701172	70.6764450073
2195.76879883	70.5551452637
2197.60058594	68.4420013428
2199.43237305	68.5453186035
2201.26416016	68.572479248
2203.09594727	70.9474716187
2204.92773438	68.6337814331
2206.75952148	70.4239959717
2208.59130859	69.4812774658
2210.4230957	70.0260543823
2212.25488281	68.4458694458
2214.08666992	67.848274231
2215.91845703	68.6571807861
2217.75024414	68.1158370972
2219.58203125	68.5775909424
2221.41381836	69.6189346313
2223.24560547	68.3003463745
2225.07739258	67.9240875244
2226.90917969	67.5900802612
2228.7409668	69.6369247437
2230.57275391	68.6861038208
2232.40454102	69.8744735718
2234.23632813	68.9753646851
2236.06811523	68.5400238037
2237.89990234	68.2949447632
2239.73168945	67.5840148926
2241.56347656	67.3740997314
2243.39526367	68.6764831543
2245.22705078	67.6365432739
2247.05883789	69.4174118042
2248.890625	67.2003631592
2250.72241211	67.5073471069
2252.55419922	68.5323562622
2254.38598633	67.8785095215
2256.21777344	68.5254364014
2258.04956055	69.4589309692
2259.88134766	67.4580307007
2261.71313477	68.6612548828
2263.54492188	69.5158004761
2265.37670898	68.9244918823
2267.20849609	68.1306381226
2269.0402832	69.2123641968
2270.87207031	68.5017700195
2272.70385742	67.8608093262
2274.53564453	68.0236968994
2276.36743164	69.6120681763
2278.19921875	70.7213439941
2280.03100586	68.4278411865
2281.86279297	68.8505706787
2283.69458008	71.1945114136
2285.52636719	67.920173645
2287.3581543	69.501373291
2289.18994141	68.9986572266
2291.02172852	69.3349227905
2292.85351563	69.9527816772
2294.68530273	68.2387161255
2296.51708984	69.2945175171
2298.34887695	70.2143173218
2300.18066406	68.6818389893
2302.01245117	68.7911758423
2303.84423828	67.8719940186
2305.67602539	68.7957611084
2307.5078125	69.1020812988
2309.33959961	69.0373687744
2311.17138672	69.1764526367
2313.00317383	69.1552505493
2314.83496094	68.3787765503
2316.66674805	68.5983886719
2318.49853516	70.1389694214
2320.33032227	69.4294891357
2322.16210938	69.7620544434
2323.99389648	69.7084732056
2325.82568359	71.9447860718
2327.6574707	71.5389480591
2329.48925781	72.8516235352
2331.32104492	74.5318145752
2333.15283203	75.2211761475
2334.98461914	72.5736999512
2336.81640625	70.5854110718
2338.64819336	71.1588897705
2340.47998047	71.0352554321
2342.31176758	69.0365219116
2344.14355469	71.5777130127
2345.9753418	70.8759536743
2347.80712891	69.5075073242
2349.63891602	70.9550018311
2351.47070313	69.9141921997
2353.30249023	71.5677871704
2355.13427734	69.264541626
2356.96606445	71.1207122803
2358.79785156	71.722946167
2360.62939453	70.8595962524
2362.46118164	70.0907669067
2364.29296875	72.5606613159
2366.12475586	72.3116989136
2367.95654297	71.5927658081
2369.78833008	72.5757827759
2371.62011719	72.9540634155
2373.4519043	74.0990753174
2375.28369141	73.7441177368
2377.11547852	73.1415786743
2378.94726563	74.4653244019
2380.77905273	76.3617553711
2382.61083984	75.8057479858
2384.44262695	76.4646072388
2386.27441406	74.8818588257
2388.10620117	75.9572372437
2389.93798828	76.6825256348
2391.76977539	76.0644607544
2393.6015625	75.7925338745
2395.43334961	76.2215957642
2397.26513672	78.0880279541
2399.09692383	77.6267929077
2400.92871094	76.7859191895
2402.76049805	77.790687561
2404.59228516	80.269317627
2406.42407227	79.9675140381
2408.25585938	82.7203826904
2410.08764648	81.2641220093
2411.91943359	83.8344955444
2413.7512207	86.4468460083
2415.58300781	84.8606109619
2417.41479492	86.5722045898
2419.24658203	88.8093719482
2421.07836914	89.5992736816
2422.91015625	89.1990432739
2424.74194336	91.5259475708
2426.57373047	93.464302063
2428.40551758	94.1722106934
2430.23730469	94.9407424927
2432.0690918	97.1942062378
2433.90087891	98.3770980835
2435.73266602	101.357635498
2437.56445313	103.668052673
2439.39624023	104.820495605
2441.22802734	105.604454041
2443.05981445	106.742042542
2444.89160156	106.547866821
2446.72338867	102.997146606
2448.55517578	103.59463501
2450.38696289	104.883010864
2452.21875	102.930343628
2454.05053711	103.598342896
2455.88232422	102.996315002
2457.71411133	102.729545593
2459.54589844	104.262306213
2461.37768555	103.06111145
2463.20947266	101.636817932
2465.04125977	103.623283386
2466.87304688	101.91431427
2468.70483398	101.380340576
2470.53662109	100.410896301
2472.3684082	100.507598877
2474.20019531	100.789245605
2476.03198242	100.508956909
2477.86376953	100.398994446
2479.69555664	100.809066772
2481.52734375	99.0067672729
2483.35913086	98.8479309082
2485.19091797	98.2560043335
2487.02270508	99.9592666626
2488.85449219	96.6414489746
2490.6862793	94.6599731445
2492.51806641	95.8414840698
2494.34985352	96.0815887451
2496.18164063	94.0160598755
2498.01342773	92.7599639893
2499.84521484	94.3463973999
2501.67700195	94.4073791504
2503.50878906	93.6869812012
2505.34057617	92.8697052002
2507.17236328	94.6550521851
2509.00415039	94.9849395752
2510.8359375	94.7017974854
2512.66772461	95.8477630615
2514.49951172	96.3277893066
2516.33129883	94.2142028809
2518.16308594	94.7364120483
2519.99487305	93.9375915527
2521.82666016	94.2712478638
2523.65844727	96.23878479
2525.49023438	95.6079559326
2527.32202148	95.7956924438
2529.15380859	93.330696106
2530.9855957	96.2846679688
2532.81738281	94.8391876221
2534.64916992	97.3097839355
2536.48095703	95.1567840576
2538.31274414	97.1094970703
2540.14453125	96.1538238525
2541.97631836	95.930847168
2543.80810547	96.4029312134
2545.63989258	96.3870544434
2547.47167969	94.5293121338
2549.3034668	97.6046447754
2551.13525391	97.3400115967
2552.96704102	98.4687042236
2554.79882813	101.085174561
2556.63061523	99.0670547485
2558.46240234	98.4667434692
2560.29418945	99.0464630127
2562.12597656	101.754600525
2563.95776367	101.994224548
2565.78955078	102.504066467
2567.62133789	101.441711426
2569.453125	101.979995728
2571.28491211	103.035110474
2573.11669922	102.758468628
2574.94848633	104.521827698
2576.78027344	106.097175598
2578.61206055	107.094215393
2580.44384766	109.241271973
2582.27563477	110.970329285
2584.10742188	111.697731018
2585.93920898	111.601829529
2587.77099609	113.322593689
2589.6027832	115.718673706
2591.43457031	119.010948181
2593.26635742	118.808082581
2595.09814453	121.528213501
2596.92993164	119.606399536
2598.76171875	123.172775269
2600.59350586	124.398674011
2602.42529297	127.170433044
2604.25708008	131.565750122
2606.08886719	134.8072052
2607.9206543	136.621551514
2609.75244141	141.335418701
2611.58422852	144.10017395
2613.41577148	145.298248291
2615.24755859	152.1875
2617.0793457	152.91809082
2618.91113281	162.498596191
2620.74291992	164.197570801
2622.57470703	168.271026611
2624.40649414	169.169067383
2626.23828125	175.440261841
2628.07006836	182.363952637
2629.90185547	187.360275269
2631.73364258	190.932723999
2633.56542969	195.326049805
2635.3972168	201.3775177
2637.22900391	210.250930786
2639.06079102	220.940551758
2640.89257813	226.746429443
2642.72436523	234.821624756
2644.55615234	246.07800293
2646.38793945	256.501434326
2648.21972656	267.031280518
2650.05151367	280.832824707
2651.88330078	291.669799805
2653.71508789	306.01763916
2655.546875	324.34262085
2657.37866211	340.824127197
2659.21044922	353.069641113
2661.04223633	371.531036377
2662.87402344	386.59979248
2664.70581055	409.546325684
2666.53759766	431.500061035
2668.36938477	454.62210083
2670.20117188	484.310028076
2672.03295898	504.493713379
2673.86474609	535.324829102
2675.6965332	569.967773438
2677.52832031	600.838867188
2679.36010742	638.451660156
2681.19189453	675.007751465
2683.02368164	710.001220703
2684.85546875	744.103271484
2686.68725586	779.684692383
2688.51904297	807.797241211
2690.35083008	820.685424805
2692.18261719	838.667724609
2694.0144043	839.168151855
2695.84619141	840.65447998
2697.67797852	833.999816895
2699.50976563	805.487365723
2701.34155273	778.055969238
2703.17333984	747.829345703
2705.00512695	713.153381348
2706.83691406	671.397460938
2708.66870117	635.690612793
2710.50048828	597.545471191
2712.33227539	563.098693848
2714.1640625	530.583618164
2715.99584961	496.434509277
2717.82763672	469.2550354
2719.65942383	439.107269287
2721.49121094	408.496185303
2723.32299805	390.585418701
2725.15478516	370.963165283
2726.98657227	346.31262207
2728.81835938	321.22946167
2730.65014648	299.004669189
2732.48193359	286.495239258
2734.3137207	273.45703125
2736.14550781	258.424102783
2737.97729492	247.070663452
2739.80908203	234.592498779
2741.64086914	222.858901978
2743.47265625	214.544281006
2745.30444336	209.63104248
2747.13623047	198.509735107
2748.96801758	194.139709473
2750.79980469	186.762588501
2752.6315918	179.063339233
2754.46337891	175.133300781
2756.29516602	164.742004395
2758.12695313	162.093551636
2759.95874023	158.472625732
2761.79052734	153.471115112
2763.62231445	148.492996216
2765.45410156	143.506408691
2767.28588867	141.828308105
2769.11767578	137.191421509
2770.94946289	133.794921875
2772.78125	128.733734131
2774.61303711	124.905281067
2776.44482422	125.983863831
2778.27661133	122.669181824
2780.10839844	120.689445496
2781.94018555	117.470123291
2783.77197266	114.363143921
2785.60375977	113.155174255
2787.43554688	112.773155212
2789.26733398	111.773727417
2791.09912109	105.965133667
2792.9309082	107.888534546
2794.76269531	106.217010498
2796.59448242	104.007369995
2798.42626953	103.563774109
2800.25805664	103.399963379
2802.08984375	102.12096405
2803.92163086	100.806274414
2805.75341797	100.911628723
2807.58520508	97.7345504761
2809.41699219	97.2375183105
2811.2487793	96.8273925781
2813.08056641	95.8997955322
2814.91235352	94.7347412109
2816.74414063	95.5151367188
2818.57592773	93.0499725342
2820.40771484	92.7306289673
2822.23950195	95.713218689
2824.07128906	93.0007019043
2825.90307617	90.9999847412
2827.73486328	89.649520874
2829.56665039	91.9059906006
2831.3984375	90.5567550659
2833.23022461	91.3810653687
2835.06201172	90.1846618652
2836.89379883	86.7325592041
2838.72558594	88.7784957886
2840.55737305	88.0277481079
2842.38916016	87.5811080933
2844.22094727	86.8900985718
2846.05273438	84.9097518921
2847.88452148	85.3196105957
2849.71630859	86.7470855713
2851.5480957	85.2945556641
2853.37988281	84.606918335
2855.21166992	84.5432128906
2857.04345703	84.8159866333
2858.87524414	85.6848144531
2860.70703125	84.795501709
2862.53881836	83.0500488281
2864.37060547	82.9487991333
2866.20214844	83.3522644043
2868.03393555	83.6533126831
2869.86572266	84.2988052368
2871.69750977	83.7146987915
2873.52929688	83.7425079346
2875.36108398	82.4674911499
2877.19287109	82.757850647
2879.0246582	81.7438049316
2880.85644531	81.4461746216
2882.68823242	81.6877670288
2884.52001953	81.5909576416
2886.35180664	82.018913269
2888.18359375	81.6748809814
2890.01538086	79.9613494873
2891.84716797	80.3853912354
2893.67895508	79.2753601074
2895.51074219	78.6990356445
2897.3425293	79.9205551147
2899.17431641	81.1751403809
2901.00610352	80.7613449097
2902.83789063	79.5521392822
2904.66967773	80.1926956177
2906.50146484	79.1351318359
2908.33325195	80.6058273315
2910.16503906	79.904510498
2911.99682617	80.6117630005
2913.82861328	79.6906661987
2915.66040039	79.4407272339
2917.4921875	79.0759887695
2919.32397461	79.6917114258
2921.15576172	79.7607421875
2922.98754883	80.5931091309
2924.81933594	79.9471740723
2926.65112305	80.1005706787
2928.48291016	78.4619903564
2930.31469727	77.7341461182
2932.14648438	79.4744338989
2933.97827148	80.1879425049
2935.81005859	80.4468841553
2937.6418457	77.573135376
2939.47363281	78.8675079346
2941.30541992	78.7921524048
2943.13720703	79.5318603516
2944.96899414	79.6278381348
2946.80078125	78.5114974976
2948.63256836	78.0774688721
2950.46435547	78.0219039917
2952.29614258	77.9792098999
2954.12792969	78.2216033936
2955.9597168	76.6080856323
2957.79150391	77.6556549072
2959.62329102	76.9362945557
2961.45507813	75.5068130493
2963.28686523	76.4883499146
2965.11865234	75.194229126
2966.95043945	74.3258972168
2968.78222656	74.3110122681
2970.61401367	74.9830093384
2972.44580078	74.4867630005
2974.27758789	75.2074966431
2976.109375	72.9990081787
2977.94116211	71.0060119629
2979.77294922	72.2008361816
2981.60473633	73.1352081299
2983.43652344	72.6458129883
2985.26831055	72.0712661743
2987.10009766	73.0447692871
2988.93188477	72.9883880615
2990.76367188	72.4513168335
2992.59545898	71.5799865723
2994.42724609	71.9136962891
2996.2590332	71.4893875122
2998.09082031	69.1061859131
2999.92260742	71.3520202637
3001.75439453	72.0828018188
3003.58618164	71.5755004883
3005.41796875	70.2203292847
3007.24975586	71.1073608398
3009.08154297	72.003074646
3010.91333008	70.3003616333
3012.74511719	69.5757598877
3014.5769043	70.9052886963
3016.40869141	71.1898345947
3018.24047852	71.3048858643
3020.07226563	71.3152999878
3021.90405273	71.3902130127
3023.73583984	71.1144104004
3025.56762695	69.3909683228
3027.39941406	71.8959121704
3029.23120117	69.5370941162
3031.06298828	68.8128509521
3032.89477539	70.9291534424
3034.7265625	70.2158050537
3036.55834961	68.1032028198
3038.39013672	69.163772583
3040.22192383	69.911529541
3042.05371094	70.9013290405
3043.88549805	70.2681121826
3045.71728516	70.3339920044
3047.54907227	69.7696990967
3049.38085938	70.5285568237
3051.21264648	70.004196167
3053.04443359	71.2018585205
3054.8762207	71.5425415039
3056.70800781	70.5720672607
3058.53979492	69.8954467773
3060.37158203	69.6971054077
3062.20336914	71.6253433228
3064.03515625	70.3185195923
3065.86694336	72.1876373291
3067.69873047	70.9776306152
3069.53051758	72.2387313843
3071.36230469	70.8222503662
3073.1940918	72.6215744019
3075.02587891	71.7911071777
3076.85766602	72.2534408569
3078.68945313	72.1880187988
3080.52124023	72.2789306641
3082.35302734	72.242729187
3084.18481445	72.6505126953
3086.01660156	71.9320220947
3087.84838867	72.8877944946
3089.68017578	73.6743164063
3091.51196289	73.0041122437
3093.34375	72.8750305176
3095.17553711	73.7375488281
3097.00732422	74.0255355835
3098.83911133	74.936416626
3100.67089844	73.8774795532
3102.50268555	76.1036987305
3104.33447266	75.863243103
3106.16625977	76.3573074341
3107.99804688	76.047203064
3109.82983398	79.3265762329
3111.66162109	77.9633560181
3113.4934082	77.4507980347
3115.32519531	77.8489990234
3117.15698242	79.7598571777
3118.98876953	80.0462112427
3120.8203125	80.0521774292
3122.65209961	82.1817855835
3124.48388672	83.1131286621
3126.31567383	84.4899215698
3128.14746094	85.5620422363
3129.97924805	86.6815795898
3131.81103516	87.613319397
3133.64282227	89.0809936523
3135.47460938	88.2003097534
3137.30639648	91.2343597412
3139.13818359	93.0521774292
3140.9699707	95.0362930298
3142.80175781	94.9144821167
3144.63354492	95.8224029541
3146.46533203	97.7472381592
3148.29711914	103.3204422
3150.12890625	105.361717224
3151.96069336	106.523109436
3153.79248047	108.990028381
3155.62426758	114.164382935
3157.45605469	116.531532288
3159.2878418	118.830200195
3161.11962891	123.838401794
3162.95141602	127.096054077
3164.78320313	130.706924438
3166.61499023	133.111755371
3168.44677734	136.721572876
3170.27856445	136.615310669
3172.11035156	137.538528442
3173.94213867	141.371459961
3175.77392578	142.282440186
3177.60571289	145.333114624
3179.4375	147.070449829
3181.26928711	150.358810425
3183.10107422	153.80897522
3184.93286133	156.088317871
3186.76464844	155.307983398
3188.59643555	154.964202881
3190.42822266	156.955841064
3192.26000977	155.185531616
3194.09179688	155.814071655
3195.92358398	155.557144165
3197.75537109	149.426376343
3199.5871582	147.970306396
3201.41894531	145.368560791
3203.25073242	141.799499512
3205.08251953	142.436813354
3206.91430664	137.235137939
3208.74609375	137.059631348
3210.57788086	132.715255737
3212.40966797	132.174942017
3214.24145508	129.346664429
3216.07324219	126.224708557
3217.9050293	126.345710754
3219.73681641	125.642127991
3221.56860352	121.655151367
3223.40039063	124.059417725
3225.23217773	126.755409241
3227.06396484	127.895431519
3228.89575195	127.640296936
3230.72753906	127.01877594
3232.55932617	127.322120667
3234.39111328	125.865333557
3236.22290039	125.224456787
3238.0546875	123.480995178
3239.88647461	120.833465576
3241.71826172	118.356498718
3243.55004883	111.387626648
3245.38183594	111.569198608
3247.21362305	109.496482849
3249.04541016	103.42666626
3250.87719727	102.609962463
3252.70898438	96.9161300659
3254.54077148	93.1340255737
3256.37255859	91.0080032349
3258.2043457	88.1296463013
3260.03613281	84.3887023926
3261.86791992	84.8112792969
3263.69970703	80.5382766724
3265.53149414	78.1161880493
3267.36328125	79.2037124634
3269.19506836	75.8971099854
3271.02685547	73.5845718384
3272.85864258	75.0807495117
3274.69042969	74.7338104248
3276.5222168	72.971244812
3278.35400391	71.8945159912
3280.18579102	73.16065979
3282.01757813	70.6343383789
3283.84936523	68.9268798828
3285.68115234	69.0533905029
3287.51293945	67.383934021
3289.34472656	65.7041320801
3291.17651367	68.8631286621
3293.00830078	66.8043365479
3294.84008789	67.2780532837
3296.671875	66.7178268433
3298.50366211	65.9200592041
3300.33544922	66.2763061523
3302.16723633	65.4292907715
3303.99902344	66.511428833
3305.83081055	66.2433013916
3307.66259766	65.8715667725
3309.49438477	65.2366638184
3311.32617188	65.7218475342
3313.15795898	65.4909591675
3314.98974609	66.3141403198
3316.8215332	64.9587402344
3318.65332031	65.3722305298
3320.48510742	65.4317398071
3322.31689453	65.2965927124
3324.14868164	65.4878005981
3325.98046875	64.4904098511
3327.81225586	65.2368774414
3329.64404297	66.263053894
3331.47583008	65.3294677734
3333.30761719	66.2758712769
3335.1394043	66.5946044922
3336.97119141	64.8112335205
3338.80297852	65.063621521
3340.63476563	64.9900894165
3342.46655273	64.5231399536
3344.29833984	64.7668075562
3346.13012695	64.9234466553
3347.96191406	64.8948287964
3349.79370117	65.2534408569
3351.62548828	64.9594497681
3353.45727539	65.9468917847
3355.2890625	64.9487686157
3357.12084961	64.6361465454
3358.95263672	66.0646209717
3360.78442383	65.3135604858
3362.61621094	64.6217422485
3364.44799805	65.0050430298
3366.27978516	64.7524642944
3368.11157227	63.921962738
3369.94335938	64.7613449097
3371.77514648	64.7368469238
3373.60668945	65.3944244385
3375.43847656	64.7211914063
3377.27026367	64.4057922363
3379.10205078	63.3653297424
3380.93383789	62.54114151
3382.765625	62.5693130493
3384.59741211	63.1582603455
3386.42919922	64.0596389771
3388.26098633	63.9485282898
3390.09277344	63.5175247192
3391.92456055	63.0697631836
3393.75634766	63.9626426697
3395.58813477	62.3352355957
3397.41992188	62.8578681946
3399.25170898	62.2570953369
3401.08349609	63.4054031372
3402.9152832	63.0142059326
3404.74707031	62.3517799377
3406.57885742	63.2181015015
3408.41064453	62.5411872864
3410.24243164	61.9357414246
3412.07421875	62.4687347412
3413.90600586	59.0098571777
3415.73779297	61.0750770569
3417.56958008	61.4733161926
3419.40136719	61.8118629456
3421.2331543	61.9206428528
3423.06494141	61.2304992676
3424.89672852	61.5388336182
3426.72851563	62.2306785583
3428.56030273	63.0864906311
3430.39208984	61.945148468
3432.22387695	59.9214706421
3434.05566406	62.2704925537
3435.88745117	62.0160598755
3437.71923828	61.7878723145
3439.55102539	60.8405303955
3441.3828125	60.8288879395
3443.21459961	61.2893486023
3445.04638672	60.1453857422
3446.87817383	62.1545219421
3448.70996094	59.0948677063
3450.54174805	62.1598892212
3452.37353516	60.5152320862
3454.20532227	60.5528907776
3456.03710938	60.2440948486
3457.86889648	59.7916069031
3459.70068359	59.8702507019
3461.5324707	61.0364952087
3463.36425781	61.2412605286
3465.19604492	59.2619857788
3467.02783203	61.9326705933
3468.85961914	60.7595024109
3470.69140625	59.9166221619
3472.52319336	59.3548851013
3474.35498047	58.9856338501
3476.18676758	59.6377487183
3478.01855469	59.4241943359
3479.8503418	59.7118301392
3481.68212891	59.9272689819
3483.51391602	59.7929191589
3485.34570313	61.1526832581
3487.17749023	60.2962265015
3489.00927734	60.6789054871
3490.84106445	60.2265777588
3492.67285156	61.8421859741
3494.50463867	60.3202285767
3496.33642578	59.9518241882
3498.16821289	59.5726547241
3500	59.4979171753
