-50	46.8593063354
-48.7062683105	47.0283126831
-47.4125366211	46.9497528076
-46.1188049316	45.9362030029
-44.8250732422	45.9393844604
-43.5313415527	46.166973114
-42.2376098633	46.6889762878
-40.9438781738	47.4214134216
-39.6501464844	47.605846405
-38.3564147949	47.8940887451
-37.0626831055	48.2737159729
-35.768951416	48.8230018616
-34.4752197266	49.5766830444
-33.1814880371	50.2651405334
-31.8877544403	49.778678894
-30.5940227509	49.995967865
-29.3002910614	50.6203613281
-28.0065593719	50.7432479858
-26.7128276825	50.8629646301
-25.419095993	51.6334037781
-24.1253643036	53.0048446655
-22.8316326141	54.9004249573
-21.5379009247	57.0909004211
-20.2441692352	56.0047264099
-18.9504375458	56.1249923706
-17.6567058563	58.2119483948
-16.3629741669	60.9983978271
-15.0692415237	61.2814865112
-13.7755098343	65.6846008301
-12.4817781448	69.6184082031
-11.1880464554	82.0615386963
-9.89431476593	105.748924255
-8.60058307648	135.664352417
-7.30685138702	255.287124634
-6.01311969757	636.193847656
-4.71938753128	3970.07666016
-3.42565608025	9086.73242188
-2.13192415237	7175.66503906
-0.838192403316	6593.38867188
0.455539345741	5269.12451172
1.7492711544	4848.61669922
3.04300284386	5646.74023438
4.33673477173	3919.18823242
5.63046646118	2718.2734375
6.92419815063	1404.64953613
8.21792984009	432.713989258
9.51166152954	128.692108154
10.805393219	82.1430435181
12.0991249084	64.9955291748
13.3928575516	59.7043762207
14.686589241	58.7893981934
15.9803209305	57.104511261
17.2740516663	53.8506546021
18.5677833557	54.1742095947
19.8615169525	52.8080368042
21.155248642	51.232006073
22.4489803314	51.3006706238
23.7427120209	50.4212760925
25.0364437103	49.0298423767
26.3301753998	48.5137519836
27.6239070892	48.3678970337
28.9176387787	47.8403053284
30.2113704681	47.1929969788
31.5051021576	46.5757331848
32.7988319397	46.0531082153
34.0925674438	45.4633407593
35.3862991333	44.8020858765
36.6800308228	45.3098144531
37.9737625122	44.3695259094
39.2674942017	44.5703315735
40.5612258911	44.8690910339
41.8549575806	43.9598999023
43.14868927	44.3129463196
44.4424209595	43.3083992004
45.7361526489	42.8429870605
47.0298843384	42.8472328186
48.3236160278	42.9298934937
49.6173477173	43.7255325317
50.9110794067	43.0579071045
52.2048110962	42.2148361206
53.4985427856	41.8518943787
54.7922744751	42.3104286194
56.0860061646	43.1659660339
57.379737854	42.3919067383
58.6734695435	42.0487861633
59.9672012329	41.9648208618
61.2609329224	41.7082824707
62.5546646118	41.7323951721
63.8483963013	41.4433479309
65.1421279907	41.5687904358
66.4358596802	41.5362319946
67.7295913696	41.0424041748
69.0233230591	41.5120773315
70.3170547485	41.0458869934
71.610786438	41.3123130798
72.9045181274	41.5219192505
74.1982498169	41.0955200195
75.4919815063	40.9430732727
76.7857131958	41.3615760803
78.0794448853	41.0982589722
79.3731765747	41.1009216309
80.6669082642	41.6668434143
81.9606399536	41.2789039612
83.2543716431	41.0154266357
84.5481033325	41.1016197205
85.841835022	41.1152267456
87.1355667114	40.9298210144
88.4292984009	40.9386711121
89.7230300903	41.4691505432
91.0167617798	40.9840774536
92.3104934692	40.2254600525
93.6042251587	39.9368476868
94.8979568481	40.7442436218
96.1916885376	40.8896064758
97.4854202271	40.3025283813
98.7791519165	40.5126342773
100.072883606	41.3281860352
101.366615295	41.2940177917
102.660346985	40.6448402405
103.954078674	40.6723709106
105.247810364	40.5142631531
106.541542053	40.5886306763
107.835273743	41.5518035889
109.129005432	40.4246292114
110.422737122	39.8121452332
111.716468811	39.9324607849
113.0102005	40.3093757629
114.30393219	40.4050712585
115.597663879	40.5539093018
116.891403198	40.3672103882
118.185134888	40.7428779602
119.478866577	41.205406189
120.772598267	41.2495384216
122.066329956	40.9817390442
123.360061646	40.5884094238
124.653793335	41.091255188
125.947525024	41.2152519226
127.241256714	40.5491027832
128.534988403	40.3246231079
129.828720093	41.4903106689
131.122451782	41.1874046326
132.416183472	40.9027061462
133.709915161	41.1929016113
135.003646851	41.6750488281
136.29737854	41.90650177
137.591110229	42.9413795471
138.884841919	43.6809539795
140.178573608	43.9954109192
141.472305298	44.2304878235
142.766036987	44.6718673706
144.059768677	44.4845809937
145.353500366	45.2244415283
146.647232056	46.767539978
147.940963745	48.6437149048
149.234695435	50.6862678528
150.528427124	54.5059585571
151.822158813	58.5500793457
153.115890503	62.8690872192
154.409622192	68.2761535645
155.703353882	76.4421844482
156.997085571	87.9433364868
158.290817261	98.6757736206
159.58454895	111.009719849
160.87828064	122.807624817
162.172012329	129.723648071
163.465744019	140.328414917
164.759475708	145.917358398
166.053207397	150.0753479
167.346939087	151.536148071
168.640670776	149.294952393
169.934402466	149.368637085
171.228134155	149.195571899
172.521865845	144.64239502
173.815597534	139.980880737
175.109329224	136.983795166
176.403060913	131.423904419
177.696792603	123.613670349
178.990524292	118.081268311
180.284255981	109.933433533
181.577987671	101.30556488
182.87171936	98.089805603
184.16545105	90.6991729736
185.459182739	85.323097229
186.752914429	83.3353118896
188.046646118	82.3284225464
189.340377808	79.8425140381
190.634109497	77.018119812
191.927841187	76.2254257202
193.221572876	74.8825531006
194.515304565	73.9699935913
195.809036255	73.5460128784
197.102767944	72.262298584
198.396499634	72.5194396973
199.690231323	71.4194946289
200.983963013	69.9740600586
202.277694702	69.0029525757
203.571426392	68.8436050415
204.865158081	68.0366592407
206.158889771	68.4089813232
207.45262146	67.8655090332
208.746353149	67.0327987671
210.040084839	66.3030548096
211.333816528	64.9031600952
212.627548218	65.5938796997
213.921279907	65.8591918945
215.215011597	66.0523605347
216.508743286	67.0809783936
217.802474976	69.4728164673
219.096206665	69.1420822144
220.389938354	69.9143676758
221.683670044	69.4109725952
222.977401733	69.4167480469
224.271133423	70.4549789429
225.564865112	68.9071273804
226.858596802	68.305305481
228.152328491	68.1273574829
229.446060181	67.2530899048
230.73979187	66.1929397583
232.03352356	66.3190383911
233.327255249	67.1027450562
234.620986938	67.960067749
235.914718628	67.0051040649
237.208450317	66.2619552612
238.502182007	67.1263885498
239.795913696	68.2091674805
241.089645386	68.3446578979
242.383377075	67.9083023071
243.677108765	66.9248657227
244.970840454	65.6091079712
246.264572144	64.4230575562
247.558303833	64.6374969482
248.852035522	64.5876617432
250.145767212	62.8315620422
251.439498901	61.7210769653
252.733230591	61.9020843506
254.02696228	60.5991783142
255.32069397	59.6656761169
256.614440918	59.1870040894
257.908172607	59.3343963623
259.201904297	60.2138023376
260.495635986	61.2327575684
261.789367676	59.3671188354
263.083099365	59.8647079468
264.376831055	60.5432777405
265.670562744	60.9649047852
266.964294434	60.5731582642
268.258026123	59.010635376
269.551757813	61.1381454468
270.845489502	60.4565429688
272.139221191	59.7756690979
273.432952881	60.1094856262
274.72668457	60.9049949646
276.02041626	59.5191307068
277.314147949	59.1961326599
278.607879639	60.0016860962
279.901611328	59.784992218
281.195343018	58.6885795593
282.489074707	58.1482467651
283.782806396	58.7313575745
285.076538086	58.6309013367
286.370269775	58.2863845825
287.664001465	58.2660560608
288.957733154	58.7055091858
290.251464844	59.1553497314
291.545196533	58.3149375916
292.838928223	58.4521102905
294.132659912	57.770866394
295.426391602	56.9883804321
296.720123291	56.8372535706
298.01385498	56.6300201416
299.30758667	57.7782249451
300.601318359	58.0648498535
301.895050049	58.0704612732
303.188781738	57.1061897278
304.482513428	55.2432479858
305.776245117	57.4388885498
307.069976807	56.0014686584
308.363708496	57.0165405273
309.657440186	57.6887588501
310.951171875	57.1020622253
312.244903564	56.4136886597
313.538635254	55.7452507019
314.832366943	55.6356620789
316.126098633	55.6753387451
317.419830322	55.9714622498
318.713562012	56.3402824402
320.007293701	56.1817131042
321.301025391	55.1003341675
322.59475708	55.7481613159
323.88848877	55.8423576355
325.182220459	55.668422699
326.475952148	55.708568573
327.769683838	55.5112953186
329.063415527	56.6891555786
330.357147217	56.1183395386
331.650878906	55.8025436401
332.944610596	56.3047447205
334.238342285	56.8990936279
335.532073975	55.4116477966
336.825805664	55.7102508545
338.119537354	56.4259986877
339.413269043	56.3052711487
340.707000732	55.93957901
342.000732422	56.3083686829
343.294464111	56.2350158691
344.588195801	55.8469619751
345.88192749	55.2882957458
347.17565918	55.092754364
348.469390869	55.3361740112
349.763122559	55.6378707886
351.056854248	55.1847343445
352.350585938	56.1174049377
353.644317627	55.8324203491
354.938049316	55.7408638
356.231781006	56.1808738708
357.525512695	56.2420310974
358.819244385	55.0007514954
360.112976074	54.9170074463
361.406707764	55.1052017212
362.700439453	55.8702468872
363.994171143	55.9215126038
365.287902832	53.8450279236
366.581634521	57.0461235046
367.875366211	55.1081390381
369.1690979	55.1950836182
370.46282959	55.5733146667
371.756561279	55.1070404053
373.050292969	54.7355575562
374.344024658	55.9311218262
375.637756348	56.3457336426
376.931488037	55.5648651123
378.225219727	54.7675285339
379.518951416	54.6843528748
380.812683105	55.0676383972
382.106414795	54.5042495728
383.400146484	54.9669952393
384.693878174	55.5385513306
385.987609863	55.8974761963
387.281341553	56.1168708801
388.575073242	56.40102005
389.868804932	55.7959289551
391.162536621	55.291103363
392.456268311	55.0544891357
393.75	55.2123031616
395.043731689	55.1704177856
396.337463379	54.354549408
397.631195068	55.9566040039
398.924926758	55.173374176
400.218658447	53.7798156738
401.512390137	53.5979881287
402.806121826	54.5832977295
404.099853516	55.3065490723
405.393585205	55.5921936035
406.687316895	56.1539268494
407.981048584	55.6790313721
409.274780273	55.7163505554
410.568511963	56.0918464661
411.862243652	55.5881500244
413.155975342	54.7553634644
414.449707031	55.7831497192
415.743438721	55.5122947693
417.03717041	55.7537269592
418.3309021	56.1325759888
419.624633789	55.5543708801
420.918365479	55.3588600159
422.212097168	54.8948478699
423.505828857	55.8850212097
424.799560547	55.7167663574
426.093292236	54.8051681519
427.387023926	54.5475311279
428.680755615	54.9634437561
429.974487305	54.5028038025
431.268218994	53.9447517395
432.561950684	55.2637062073
433.855682373	55.8031539917
435.149414063	54.3642845154
436.443145752	54.3872680664
437.736877441	55.2428855896
439.030609131	53.9580688477
440.32434082	53.6556930542
441.61807251	54.0184059143
442.911804199	54.454826355
444.205535889	54.9088859558
445.499267578	54.3098068237
446.792999268	53.873500824
448.086730957	54.5344047546
449.380462646	55.0162887573
450.674194336	54.4913024902
451.967926025	53.4349212646
453.261657715	54.5680465698
454.555389404	54.0827674866
455.849121094	53.4941101074
457.142852783	53.5740737915
458.436584473	53.7866821289
459.730316162	53.4970703125
461.024047852	53.3917655945
462.317779541	54.478553772
463.61151123	54.248840332
464.90524292	54.4476356506
466.198974609	54.3688697815
467.492706299	53.6904449463
468.786437988	53.5422515869
470.080169678	53.0847854614
471.373901367	54.4359741211
472.667633057	53.5708274841
473.961364746	53.0105133057
475.255096436	53.7583007813
476.548828125	54.3511810303
477.842559814	52.871307373
479.136291504	53.8557662964
480.430023193	54.1416511536
481.723754883	53.6675376892
483.017486572	52.9653625488
484.311218262	52.7381782532
485.604949951	53.4445152283
486.898681641	53.4370079041
488.19241333	53.1536979675
489.48614502	53.9703102112
490.779876709	54.1556053162
492.073608398	53.4367599487
493.367340088	53.6076469421
494.661071777	54.2739181519
495.954803467	54.3703422546
497.248535156	52.7946968079
498.542266846	53.1111412048
499.835998535	53.8897323608
501.129730225	52.8336639404
502.423461914	53.0553855896
503.717193604	54.2783279419
505.010925293	52.688419342
506.304656982	52.6882781982
507.598388672	52.9937133789
508.892120361	52.8324928284
510.185852051	53.6004066467
511.47958374	54.3873939514
512.77331543	53.3774604797
514.067077637	52.9679336548
515.360778809	53.2575111389
516.654541016	53.395236969
517.948242188	52.8559494019
519.242004395	52.6610984802
520.535705566	53.6885032654
521.829467773	54.3596534729
523.123168945	53.7305030823
524.416931152	53.2617454529
525.710632324	53.1675186157
527.004394531	52.4389038086
528.298095703	52.9019355774
529.59185791	52.465473175
530.885559082	53.4562988281
532.179321289	52.9949226379
533.473022461	52.0443725586
534.766784668	52.4585418701
536.06048584	53.9265937805
537.354248047	53.4496688843
538.647949219	52.757484436
539.941711426	52.0557746887
541.235412598	52.2414741516
542.529174805	52.544883728
543.822875977	51.9799079895
545.116638184	52.307723999
546.410339355	52.6570167542
547.704101563	53.2472610474
548.997802734	52.9564666748
550.291564941	52.651222229
551.585266113	52.7128257751
552.87902832	52.6338195801
554.172729492	53.192237854
555.466491699	52.2000160217
556.760192871	51.9937324524
558.053955078	52.1795349121
559.34765625	52.7437019348
560.641418457	53.0258712769
561.935119629	51.8201141357
563.228881836	52.7801361084
564.522583008	53.5436592102
565.816345215	52.9643096924
567.110046387	52.1248817444
568.403808594	52.0748176575
569.697509766	52.8571624756
570.991271973	53.1953201294
572.284973145	53.409488678
573.578735352	52.6181945801
574.872436523	52.4640846252
576.16619873	52.1831054688
577.459899902	51.8672332764
578.753662109	52.3272132874
580.047363281	53.5948562622
581.341125488	52.8016319275
582.63482666	51.6521644592
583.928588867	51.8834457397
585.222290039	52.1114425659
586.516052246	52.176071167
587.809753418	52.8261528015
589.103515625	52.3761901855
590.397216797	52.5340766907
591.690979004	52.3669586182
592.984680176	52.8148765564
594.278442383	53.127117157
595.572143555	52.8259544373
596.865905762	52.532245636
598.159606934	53.7908210754
599.453369141	52.9143753052
600.747070313	53.243473053
602.04083252	52.4732627869
603.334533691	52.0782966614
604.628295898	52.441444397
605.92199707	52.2994613647
607.215759277	53.1938362122
608.509460449	52.8395462036
609.803222656	52.693271637
611.096923828	52.9762153625
612.390686035	52.6857299805
613.684387207	52.2902374268
614.978149414	53.0272750854
616.271850586	52.2266159058
617.565612793	52.2817611694
618.859313965	52.6784820557
620.153076172	52.6980819702
621.446777344	52.9001846313
622.740539551	53.2951622009
624.034240723	53.2809448242
625.32800293	53.3550491333
626.621704102	52.1957168579
627.915466309	52.3607215881
629.20916748	52.8532829285
630.502929688	52.0450363159
631.796630859	51.8103218079
633.090393066	54.1208190918
634.384094238	52.8401451111
635.677856445	52.811580658
636.971557617	52.0147590637
638.265319824	52.5885047913
639.559020996	53.210975647
640.852783203	52.8797836304
642.146484375	51.9679641724
643.440246582	51.670665741
644.733947754	52.2223587036
646.027709961	52.9996566772
647.321411133	52.7348861694
648.61517334	52.209438324
649.908874512	52.2713775635
651.202636719	52.768081665
652.496337891	52.5265045166
653.790100098	53.2338829041
655.08380127	53.3639831543
656.377563477	53.5377006531
657.671264648	53.4019508362
658.965026855	52.6958274841
660.258728027	52.0505905151
661.552490234	52.6404075623
662.846191406	53.2541618347
664.139953613	52.1766433716
665.433654785	52.9231109619
666.727416992	52.5058364868
668.021118164	51.8095397949
669.314880371	51.9593505859
670.608581543	52.7574539185
671.90234375	54.187625885
673.196044922	52.8375205994
674.489807129	52.7571754456
675.783508301	52.7769432068
677.077270508	53.0900268555
678.37097168	53.4182815552
679.664733887	53.3457603455
680.958435059	53.3777885437
682.252197266	54.4240455627
683.545898438	52.9717178345
684.839660645	51.9113273621
686.133361816	52.158203125
687.427124023	53.1330413818
688.720825195	53.5742111206
690.014587402	52.8494682312
691.308288574	52.7441978455
692.602050781	53.5282325745
693.895751953	53.1506614685
695.18951416	52.3047523499
696.483215332	52.7292022705
697.776977539	53.4526519775
699.070678711	52.6704788208
700.364440918	52.2590293884
701.65814209	53.7747116089
702.951904297	53.7585792542
704.245605469	53.4576683044
705.539367676	53.8524627686
706.833068848	54.1598777771
708.126831055	53.6146621704
709.420532227	52.7660675049
710.714294434	52.4570884705
712.007995605	53.1502571106
713.301757813	53.1784934998
714.595458984	52.6562309265
715.889221191	52.519153595
717.182922363	53.2765197754
718.47668457	54.1075935364
719.770385742	53.1957893372
721.064147949	52.6322860718
722.357849121	53.9658927917
723.651611328	53.7493247986
724.9453125	53.1552200317
726.239074707	53.0549507141
727.532775879	53.1755485535
728.826538086	52.9712562561
730.120239258	53.431476593
731.414001465	52.6445922852
732.707702637	52.8165664673
734.001464844	53.3080635071
735.295166016	53.1283035278
736.588928223	52.6455345154
737.882629395	52.6214599609
739.176391602	52.8751106262
740.470092773	51.949005127
741.76385498	52.0898170471
743.057556152	52.5604667664
744.351318359	54.3048439026
745.645019531	53.8466262817
746.938781738	52.5899009705
748.23248291	53.240562439
749.526245117	53.6314315796
750.819946289	51.663105011
752.113708496	52.3192558289
753.407409668	51.1459960938
754.701171875	51.1961097717
755.994873047	52.1916542053
757.288635254	52.0884056091
758.582336426	50.6164016724
759.876098633	50.9946975708
761.169799805	51.3763198853
762.463562012	51.6787834167
763.757263184	52.8499603271
765.051025391	52.3923683167
766.344726563	52.1754226685
767.63848877	52.0769538879
768.932189941	50.8773269653
770.225952148	51.0321807861
771.51965332	50.6782417297
772.813415527	51.6849861145
774.107116699	52.3797683716
775.400878906	52.2140922546
776.694580078	51.2923545837
777.988342285	51.2389526367
779.282043457	52.482170105
780.575805664	51.6589698792
781.869506836	52.7835159302
783.163269043	52.8077430725
784.456970215	52.808921814
785.750732422	53.017162323
787.044433594	52.3182029724
788.338195801	51.1931991577
789.631896973	51.4094047546
790.92565918	53.0908508301
792.219360352	51.9308395386
793.513122559	53.084602356
794.80682373	51.4793014526
796.100585938	51.6413574219
797.394287109	52.3296127319
798.688049316	52.455909729
799.981750488	52.3957939148
801.275512695	52.1336479187
802.569213867	51.6543693542
803.862976074	51.9554481506
805.156677246	51.6745452881
806.450439453	51.6330413818
807.744140625	52.7974586487
809.037902832	53.5228729248
810.331604004	52.7429656982
811.625366211	52.2347793579
812.919067383	51.9342842102
814.21282959	52.7134742737
815.506530762	52.9907798767
816.800292969	53.5292205811
818.093994141	54.0522346497
819.387756348	53.9632225037
820.68145752	53.5641746521
821.975219727	53.5139541626
823.268920898	52.7053947449
824.562683105	52.3549995422
825.856384277	52.7723236084
827.150146484	52.5134162903
828.443847656	53.3437614441
829.737609863	53.4653739929
831.031311035	52.8014068604
832.325073242	52.9681625366
833.618774414	53.418422699
834.912536621	53.4640045166
836.206237793	54.573551178
837.5	53.5848083496
838.793762207	53.9551582336
840.087463379	53.8314971924
841.381225586	52.8951911926
842.674926758	52.2274017334
843.968688965	52.3499526978
845.262390137	53.5094985962
846.556152344	52.1746292114
847.849853516	52.5405426025
849.143615723	52.8546943665
850.437316895	52.8106575012
851.731079102	52.7747688293
853.024780273	53.1168861389
854.31854248	53.2270126343
855.612243652	52.2017478943
856.906005859	54.6872520447
858.199707031	55.3523712158
859.493469238	55.7757759094
860.78717041	55.9534454346
862.080932617	55.1935081482
863.374633789	55.4326782227
864.668395996	56.6257095337
865.962097168	56.1555557251
867.255859375	54.9600028992
868.549560547	53.7521591187
869.843322754	55.5556030273
871.137023926	53.8289833069
872.430786133	53.3247528076
873.724487305	52.8138275146
875.018249512	52.5760421753
876.311950684	53.0902061462
877.605712891	52.625377655
878.899414063	52.1854438782
880.19317627	53.6306800842
881.486877441	53.4463577271
882.780639648	53.8480491638
884.07434082	53.2583351135
885.368103027	52.5051994324
886.661804199	52.2780799866
887.955566406	52.4778442383
889.249267578	52.8831787109
890.543029785	52.3853225708
891.836730957	54.1079940796
893.130493164	52.7505683899
894.424194336	53.0069999695
895.717956543	53.9693145752
897.011657715	54.1620101929
898.305419922	53.2083778381
899.599121094	52.2793388367
900.892883301	52.7061271667
902.186584473	52.4869346619
903.48034668	52.7643051147
904.774047852	53.1422729492
906.067810059	53.9952468872
907.36151123	54.2841415405
908.655273438	54.038230896
909.948974609	53.6744804382
911.242736816	53.5443687439
912.536437988	53.6016159058
913.830200195	52.5573272705
915.123901367	53.3737945557
916.417663574	53.5754966736
917.711364746	53.7053565979
919.005126953	53.5435752869
920.298828125	53.1013031006
921.592590332	53.2478256226
922.886291504	53.5405845642
924.180053711	52.5215950012
925.473754883	53.1044654846
926.76751709	52.812122345
928.061218262	53.2640533447
929.354980469	52.3140678406
930.648681641	52.6691246033
931.942443848	52.8445930481
933.23614502	52.424369812
934.529907227	52.7610206604
935.823608398	53.8362464905
937.117370605	52.6555709839
938.411071777	52.3322067261
939.704833984	52.2379875183
940.998535156	52.1283454895
942.292297363	52.1024932861
943.585998535	52.0108261108
944.879760742	52.2350387573
946.173461914	52.1295318604
947.467224121	51.7175598145
948.760925293	52.8522071838
950.0546875	51.4058265686
951.348388672	51.163520813
952.642150879	51.7156295776
953.935852051	52.2706489563
955.229614258	53.2003288269
956.52331543	53.4010620117
957.817077637	53.1304702759
959.110778809	53.2125587463
960.404541016	52.8799438477
961.698242188	50.7045249939
962.992004395	50.7076530457
964.285705566	50.204460144
965.579467773	51.2940292358
966.873168945	51.0630989075
968.166931152	51.2958374023
969.460632324	50.6084747314
970.754394531	49.7529983521
972.048095703	50.4391174316
973.34185791	50.6987724304
974.635559082	50.7661743164
975.929321289	50.6504516602
977.223022461	49.6409454346
978.516784668	49.0665206909
979.81048584	49.9951095581
981.104248047	50.37550354
982.397949219	50.1355514526
983.691711426	49.6320152283
984.985412598	49.2627639771
986.279174805	50.4029388428
987.572875977	49.6833724976
988.866638184	50.1397590637
990.160339355	49.9669914246
991.454101563	49.930683136
992.747802734	50.4481658936
994.041564941	49.6765289307
995.335266113	49.2833824158
996.62902832	49.8974685669
997.922729492	49.3581809998
999.216491699	48.1407966614
1000.51019287	48.6620140076
1001.80395508	49.8767967224
1003.09765625	49.0967674255
1004.39141846	49.219619751
1005.68511963	49.5258407593
1006.97888184	49.6045227051
1008.27258301	49.6260948181
1009.56634521	49.2971725464
1010.86004639	48.9129333496
1012.15380859	49.9653205872
1013.44750977	49.3954658508
1014.74127197	49.5168762207
1016.03497314	50.4021644592
1017.32873535	50.2400741577
1018.62243652	49.6796875
1019.91619873	48.761428833
1021.2098999	48.7691574097
1022.50366211	49.1842384338
1023.79736328	49.1634979248
1025.09106445	50.1031608582
1026.3848877	49.8099021912
1027.67858887	49.584980011
1028.97229004	50.2239074707
1030.26599121	49.3220062256
1031.55981445	50.175617218
1032.85351563	49.9981231689
1034.1472168	49.6128959656
1035.44091797	49.5869941711
1036.73474121	49.5931091309
1038.02844238	49.9249572754
1039.32214355	49.6568527222
1040.61584473	49.6904830933
1041.90966797	49.9858627319
1043.20336914	48.9450416565
1044.49707031	48.9640197754
1045.79077148	49.8080558777
1047.08459473	50.3002624512
1048.3782959	49.6046791077
1049.67199707	48.8486862183
1050.96569824	49.3226470947
1052.25952148	49.8205833435
1053.55322266	49.6386642456
1054.84692383	50.2287406921
1056.140625	51.3103637695
1057.43444824	50.3400115967
1058.72814941	50.5657958984
1060.02185059	50.8086090088
1061.31555176	50.1159667969
1062.609375	50.1034164429
1063.90307617	50.8845481873
1065.19677734	50.7884864807
1066.49047852	50.9081115723
1067.78430176	50.1356811523
1069.07800293	50.259059906
1070.3717041	51.5795021057
1071.66540527	51.2463378906
1072.95922852	51.9227981567
1074.25292969	52.359790802
1075.54663086	51.9583740234
1076.84033203	50.814781189
1078.13415527	50.5648002625
1079.42785645	52.0788841248
1080.72155762	52.1664505005
1082.01525879	52.5721168518
1083.30908203	52.0530090332
1084.6027832	51.628944397
1085.89648438	52.5354385376
1087.19018555	51.2886924744
1088.48400879	51.4941864014
1089.77770996	51.2087135315
1091.07141113	50.2811737061
1092.3651123	50.1700057983
1093.65893555	50.3195495605
1094.95263672	50.3052711487
1096.24633789	50.2992515564
1097.54003906	49.3070678711
1098.8338623	50.9279823303
1100.12756348	50.9318008423
1101.42126465	50.53698349
1102.71496582	50.48595047
1104.00878906	49.9133300781
1105.30249023	49.7883720398
1106.59619141	50.5605583191
1107.88989258	50.7568054199
1109.18371582	49.9181556702
1110.47741699	49.9629249573
1111.77111816	50.8618621826
1113.06481934	49.2272224426
1114.35864258	50.1414337158
1115.65234375	49.6794090271
1116.94604492	49.9476470947
1118.23974609	49.5836753845
1119.53356934	48.8512992859
1120.82727051	49.084274292
1122.12097168	49.4401893616
1123.41467285	48.8887481689
1124.70849609	49.6869506836
1126.00219727	49.5807495117
1127.29589844	48.4728507996
1128.58959961	49.242149353
1129.88342285	49.2967948914
1131.17712402	49.2829551697
1132.4708252	49.6132507324
1133.76452637	49.9561462402
1135.05834961	49.9200401306
1136.35205078	49.3849334717
1137.64575195	49.0646896362
1138.93945313	49.8954238892
1140.23327637	50.8128547668
1141.52697754	49.2791519165
1142.82067871	48.0280342102
1144.11437988	49.7638893127
1145.40820313	49.9916000366
1146.7019043	49.4511947632
1147.99560547	49.2787590027
1149.28930664	49.1479721069
1150.58312988	48.7170410156
1151.87683105	48.8932647705
1153.17053223	49.7631721497
1154.4642334	49.9040794373
1155.75805664	49.5311164856
1157.05175781	49.3899841309
1158.34545898	48.9276313782
1159.63916016	49.7090301514
1160.9329834	49.8291130066
1162.22668457	49.2686042786
1163.52038574	49.7496795654
1164.81408691	49.6233482361
1166.10791016	49.2630157471
1167.40161133	49.3751831055
1168.6953125	49.0622940063
1169.98901367	48.3998985291
1171.28283691	49.3562049866
1172.57653809	49.8918228149
1173.87023926	48.890953064
1175.16394043	49.7761726379
1176.45776367	49.4325942993
1177.75146484	49.6109390259
1179.04516602	49.8572273254
1180.33886719	49.3541564941
1181.63269043	48.8762626648
1182.9263916	48.7377662659
1184.22009277	49.2102432251
1185.51379395	49.8532295227
1186.80761719	49.3292503357
1188.10131836	48.3891830444
1189.39501953	49.3196601868
1190.6887207	49.9747695923
1191.98254395	49.6209907532
1193.27624512	49.8402099609
1194.56994629	49.0929450989
1195.86364746	50.1152114868
1197.1574707	50.4231719971
1198.45117188	49.391582489
1199.74487305	49.1740837097
1201.03857422	49.4632148743
1202.33239746	49.1758804321
1203.62609863	49.9939193726
1204.9197998	51.1927604675
1206.21350098	48.7228889465
1207.50732422	49.7269821167
1208.80102539	49.9122695923
1210.09472656	48.7702598572
1211.38842773	49.3512382507
1212.68225098	50.7513847351
1213.97595215	51.0768013
1215.26965332	50.2449951172
1216.56335449	49.2573242188
1217.85717773	49.523815155
1219.15087891	50.3646850586
1220.44458008	50.0060310364
1221.73828125	49.4016075134
1223.03210449	49.2337684631
1224.32580566	50.8543128967
1225.61950684	50.4878616333
1226.91320801	50.0267944336
1228.20703125	49.3238182068
1229.50073242	50.0553665161
1230.79443359	50.2137184143
1232.08813477	50.4573173523
1233.38195801	50.6303901672
1234.67565918	51.0272483826
1235.96936035	50.9292182922
1237.26306152	50.0971298218
1238.55688477	50.1874427795
1239.85058594	50.906539917
1241.14428711	51.7076644897
1242.43798828	49.8687477112
1243.73181152	50.1221122742
1245.0255127	51.2197723389
1246.31921387	50.3465614319
1247.61291504	50.7845687866
1248.90673828	50.3401489258
1250.20043945	50.3070106506
1251.49414063	50.4479866028
1252.7878418	51.0397224426
1254.08166504	51.4361000061
1255.37536621	51.0725288391
1256.66906738	51.1773719788
1257.96276855	51.4161949158
1259.2565918	51.2648353577
1260.55029297	52.0871620178
1261.84399414	52.4219894409
1263.13769531	51.9543838501
1264.43151855	51.938659668
1265.72521973	53.4771308899
1267.0189209	52.5509567261
1268.31262207	52.2903938293
1269.60644531	52.0587997437
1270.90014648	52.4199714661
1272.19384766	53.266746521
1273.48754883	53.4174766541
1274.78137207	52.9172172546
1276.07507324	52.5516204834
1277.36877441	53.1010627747
1278.66247559	54.2290382385
1279.95629883	52.9728012085
1281.25	54.0006942749
1282.54370117	52.8194961548
1283.83752441	54.1401481628
1285.13122559	53.9742088318
1286.42492676	54.7462120056
1287.71862793	55.4815063477
1289.01245117	55.5072669983
1290.30615234	55.3769836426
1291.59985352	54.6363639832
1292.89355469	54.6055145264
1294.18737793	56.3879051208
1295.4810791	56.8531494141
1296.77478027	55.9348716736
1298.06848145	57.4751625061
1299.36230469	57.1106643677
1300.65600586	56.6782951355
1301.94970703	55.8797988892
1303.2434082	58.7370300293
1304.53723145	59.0293312073
1305.83093262	59.2662010193
1307.12463379	60.1027755737
1308.41833496	60.1890869141
1309.7121582	59.6069946289
1311.00585938	60.3159217834
1312.29956055	61.6262626648
1313.59326172	61.7693634033
1314.88708496	61.3914642334
1316.18078613	61.5725097656
1317.4744873	62.9128570557
1318.76818848	63.9870452881
1320.06201172	64.5082626343
1321.35571289	67.6006698608
1322.64941406	68.0441665649
1323.94311523	68.8366394043
1325.23693848	69.3795852661
1326.53063965	70.3993682861
1327.82434082	72.0043716431
1329.11804199	72.6315689087
1330.41186523	73.9729003906
1331.70556641	76.9728317261
1332.99926758	78.0646133423
1334.29296875	78.2121429443
1335.58679199	79.8344497681
1336.88049316	79.1402359009
1338.17419434	78.5066680908
1339.46789551	77.9880752563
1340.76171875	77.0821304321
1342.05541992	76.5316390991
1343.34912109	72.9866409302
1344.64282227	70.5115585327
1345.93664551	68.5130996704
1347.23034668	68.0077362061
1348.52404785	66.5909957886
1349.81774902	64.9752731323
1351.11157227	64.5652160645
1352.40527344	63.6951522827
1353.69897461	61.2462463379
1354.99267578	59.9290237427
1356.28649902	60.3027305603
1357.5802002	60.1162948608
1358.87390137	59.3651809692
1360.16760254	57.8792915344
1361.46142578	58.4547729492
1362.75512695	60.4720458984
1364.04882813	58.7745246887
1365.3425293	57.4812507629
1366.63635254	56.6524085999
1367.93005371	58.1726379395
1369.22375488	57.4024581909
1370.51745605	57.5501785278
1371.8112793	57.5346794128
1373.10498047	56.782081604
1374.39868164	56.7195472717
1375.69238281	56.6423301697
1376.98620605	56.4165306091
1378.27990723	56.2125968933
1379.5736084	55.9734573364
1380.86730957	55.918132782
1382.16113281	55.3395309448
1383.45483398	54.524772644
1384.74853516	55.7032699585
1386.04223633	56.6511955261
1387.33605957	55.3618812561
1388.62976074	55.6004104614
1389.92346191	55.7205505371
1391.21716309	55.3760948181
1392.51098633	54.3032341003
1393.8046875	54.4742202759
1395.09838867	56.1147155762
1396.39208984	55.8153915405
1397.68591309	55.8205299377
1398.97961426	55.3381652832
1400.27331543	55.1557807922
1401.5670166	55.2485122681
1402.86083984	55.3219604492
1404.15454102	55.718662262
1405.44824219	56.2260818481
1406.74194336	56.9276771545
1408.0357666	56.4751625061
1409.32946777	55.7984924316
1410.62316895	55.5009765625
1411.91687012	55.6308174133
1413.21069336	55.8505706787
1414.50439453	55.6341362
1415.7980957	58.2133903503
1417.09179688	56.060585022
1418.38562012	56.4276733398
1419.67932129	57.7305526733
1420.97302246	57.7117958069
1422.26672363	58.1657562256
1423.56054688	57.6172561646
1424.85424805	57.1462059021
1426.14794922	56.7433052063
1427.44165039	56.9457893372
1428.73547363	57.2109375
1430.0291748	57.6581306458
1431.32287598	58.5361213684
1432.61657715	57.4394683838
1433.91040039	57.572303772
1435.20410156	58.5642700195
1436.49780273	58.6401519775
1437.79150391	58.8460617065
1439.08532715	59.1721343994
1440.37902832	60.1369514465
1441.67272949	60.1067619324
1442.96643066	59.4386138916
1444.26025391	59.1585083008
1445.55395508	61.0633049011
1446.84765625	60.4318656921
1448.14135742	60.2692832947
1449.43518066	61.1428146362
1450.72888184	61.2352180481
1452.02258301	61.2653236389
1453.31628418	61.2788658142
1454.61010742	61.006187439
1455.90380859	60.6548080444
1457.19750977	61.4775123596
1458.49121094	63.252456665
1459.78503418	63.5686569214
1461.07873535	62.558013916
1462.37243652	61.3791847229
1463.6661377	62.5556793213
1464.95996094	62.8535957336
1466.25366211	61.9498062134
1467.54736328	61.8743019104
1468.84106445	66.7303543091
1470.1348877	66.0867919922
1471.42858887	68.0479507446
1472.72229004	68.5071868896
1474.01599121	69.2544631958
1475.30981445	70.3548965454
1476.60351563	69.8805236816
1477.8972168	69.5671463013
1479.19091797	70.0131378174
1480.48474121	71.0575027466
1481.77844238	71.3197937012
1483.07214355	71.4977340698
1484.36584473	73.0711975098
1485.65966797	71.8192062378
1486.95336914	72.7941131592
1488.24707031	71.4494934082
1489.54077148	75.0301361084
1490.83459473	74.7539520264
1492.1282959	76.2425537109
1493.42199707	77.1441955566
1494.71569824	78.0827789307
1496.00952148	79.318939209
1497.30322266	80.9608306885
1498.59692383	81.2944869995
1499.890625	81.7057342529
1501.18444824	83.8849639893
1502.47814941	85.3956985474
1503.77185059	86.8070297241
1505.06555176	87.4656143188
1506.359375	89.2932357788
1507.65307617	90.3770065308
1508.94677734	92.5517578125
1510.24047852	93.9392852783
1511.53430176	96.0919647217
1512.82800293	99.018661499
1514.1217041	100.673286438
1515.41540527	104.448661804
1516.70922852	104.320022583
1518.00292969	108.984580994
1519.29663086	109.987991333
1520.59033203	113.500938416
1521.88415527	117.591835022
1523.17785645	120.876533508
1524.47155762	124.923454285
1525.76525879	128.645141602
1527.05908203	134.842910767
1528.3527832	138.820053101
1529.64648438	143.636871338
1530.94018555	152.164459229
1532.23400879	156.603805542
1533.52770996	162.636077881
1534.82141113	174.704101563
1536.1151123	184.631744385
1537.40893555	192.436309814
1538.70263672	201.382919312
1539.99633789	211.711685181
1541.29003906	223.619827271
1542.5838623	234.975631714
1543.87756348	241.371810913
1545.17126465	257.559387207
1546.46496582	270.8331604
1547.75878906	281.400146484
1549.05249023	291.480712891
1550.34619141	315.402862549
1551.63989258	334.720275879
1552.93371582	363.21005249
1554.22741699	394.533874512
1555.52111816	429.629577637
1556.81481934	463.997131348
1558.10864258	508.252410889
1559.40234375	549.385314941
1560.69604492	593.195861816
1561.98974609	641.200134277
1563.28356934	684.903503418
1564.57727051	727.155822754
1565.87097168	770.213439941
1567.16467285	805.919189453
1568.45849609	829.008544922
1569.75219727	854.701965332
1571.04589844	866.903503418
1572.33959961	887.174804688
1573.63342285	916.920837402
1574.92712402	928.125
1576.2208252	931.542358398
1577.51452637	934.965759277
1578.80834961	923.045227051
1580.10205078	912.04473877
1581.39575195	938.423156738
1582.68945313	991.769042969
1583.98327637	1107.14819336
1585.27697754	1286.57177734
1586.57067871	1508.41320801
1587.86437988	1763.69445801
1589.15820313	2003.57568359
1590.4519043	2164.71386719
1591.74560547	2243.11376953
1593.03930664	2235.04541016
1594.33312988	2139.57446289
1595.62683105	1996.85571289
1596.92053223	1825.59936523
1598.2142334	1649.12109375
1599.50805664	1479.30566406
1600.80175781	1314.9465332
1602.09545898	1171.92358398
1603.38916016	1051.18359375
1604.6829834	932.999389648
1605.97668457	822.149291992
1607.27038574	731.184997559
1608.56408691	653.299743652
1609.85791016	592.209289551
1611.15161133	528.181335449
1612.4453125	473.175628662
1613.73901367	421.61819458
1615.03283691	386.262817383
1616.32653809	351.623382568
1617.62023926	317.728149414
1618.91394043	287.774932861
1620.20776367	262.882293701
1621.50146484	245.97013855
1622.79516602	223.189331055
1624.08886719	207.091323853
1625.38269043	191.560287476
1626.6763916	181.119491577
1627.97009277	167.453353882
1629.26379395	153.337905884
1630.55761719	142.606643677
1631.85131836	137.794082642
1633.14501953	131.513885498
1634.4387207	121.433052063
1635.73254395	116.321174622
1637.02624512	111.776229858
1638.31994629	105.833618164
1639.61364746	101.455123901
1640.9074707	100.082122803
1642.20117188	97.0801086426
1643.49487305	93.1274185181
1644.78857422	89.953338623
1646.08239746	87.9070205688
1647.37609863	85.0671691895
1648.6697998	82.2947311401
1649.96350098	81.8326721191
1651.25732422	80.2027206421
1652.55102539	78.8366317749
1653.84472656	76.9493865967
1655.13842773	75.8367538452
1656.43225098	73.7283248901
1657.72595215	72.3759231567
1659.01965332	72.9912109375
1660.31335449	70.6434020996
1661.60717773	71.2151031494
1662.90087891	70.606918335
1664.19458008	70.4797973633
1665.48828125	67.7904052734
1666.78210449	68.3984222412
1668.07580566	67.0102081299
1669.36950684	66.8890075684
1670.66320801	66.4245452881
1671.95703125	64.662612915
1673.25073242	65.4478759766
1674.54443359	65.0991973877
1675.83813477	64.864982605
1677.13195801	64.301864624
1678.42565918	64.2492218018
1679.71936035	62.8866996765
1681.01306152	61.5958862305
1682.30688477	62.8391227722
1683.60058594	62.1729431152
1684.89428711	61.8899269104
1686.18798828	61.9532966614
1687.48181152	61.0328178406
1688.7755127	60.4222183228
1690.06921387	60.8266601563
1691.36291504	60.1335525513
1692.65673828	61.1329154968
1693.95043945	60.9939346313
1695.24414063	61.0503387451
1696.5378418	60.9188308716
1697.83166504	60.2280197144
1699.12536621	59.8877258301
1700.41906738	59.6490859985
1701.71276855	59.6470527649
1703.0065918	59.9674224854
1704.30029297	59.8869628906
1705.59399414	60.1697807312
1706.88769531	61.2339096069
1708.18151855	61.3189239502
1709.47521973	60.7739830017
1710.7689209	61.2453918457
1712.06262207	62.1084442139
1713.35644531	62.4960823059
1714.65014648	62.7488327026
1715.94384766	62.9494514465
1717.23754883	62.1269264221
1718.53137207	62.0621643066
1719.82507324	63.3920211792
1721.11877441	64.1954040527
1722.41247559	63.5748252869
1723.70629883	62.8234672546
1725	63.8235816956
1726.29370117	63.9908065796
1727.58752441	63.7422065735
1728.88122559	64.575592041
1730.17492676	65.1575317383
1731.46862793	65.0248336792
1732.76245117	65.3987960815
1734.05615234	65.967880249
1735.34985352	66.1477737427
1736.64355469	65.5140686035
1737.93737793	66.3677368164
1739.2310791	67.3386306763
1740.52478027	67.7349624634
1741.81848145	67.9177627563
1743.11230469	69.5057754517
1744.40600586	70.4803237915
1745.69970703	70.1711349487
1746.9934082	70.0903396606
1748.28723145	71.4797363281
1749.58093262	72.3301544189
1750.87463379	73.4277954102
1752.16833496	72.864112854
1753.4621582	72.3381500244
1754.75585938	73.9951324463
1756.04956055	73.8879165649
1757.34326172	72.9211120605
1758.63708496	71.7580795288
1759.93078613	72.0291976929
1761.2244873	70.3692245483
1762.51818848	71.3042526245
1763.81201172	69.4149932861
1765.10571289	68.9812393188
1766.39941406	69.8711166382
1767.69311523	69.0593795776
1768.98693848	68.8593444824
1770.28063965	66.9473114014
1771.57434082	66.0282287598
1772.86804199	66.8106842041
1774.16186523	65.8314666748
1775.45556641	64.67603302
1776.74926758	64.5401611328
1778.04296875	64.8134307861
1779.33679199	65.3583831787
1780.63049316	64.4998245239
1781.92419434	63.6181182861
1783.21789551	62.0003623962
1784.51171875	61.9919662476
1785.80541992	61.7673072815
1787.09912109	62.417678833
1788.39282227	61.9058418274
1789.68664551	62.0205574036
1790.98034668	61.6974067688
1792.27404785	60.5208854675
1793.56774902	60.1384277344
1794.86157227	59.2386360168
1796.15527344	59.4664421082
1797.44897461	59.7441215515
1798.74267578	59.8094329834
1800.03649902	58.9988899231
1801.3302002	58.8772354126
1802.62390137	58.8167915344
1803.91760254	57.6977882385
1805.21142578	56.7813224792
1806.50512695	56.6160011292
1807.79882813	57.1894187927
1809.0925293	57.1906890869
1810.38635254	57.5057296753
1811.68005371	57.5005455017
1812.97375488	57.2326698303
1814.26745605	56.8398857117
1815.5612793	56.4591140747
1816.85498047	56.2640533447
1818.14868164	55.5732536316
1819.44238281	54.6870002747
1820.73620605	55.0944786072
1822.02990723	54.7487487793
1823.3236084	54.165473938
1824.61730957	54.1610565186
1825.91113281	54.4271011353
1827.20483398	54.5003662109
1828.49853516	53.6629257202
1829.79223633	53.7582740784
1831.08605957	54.4342575073
1832.37976074	53.8983612061
1833.67346191	53.6121902466
1834.96716309	54.0468559265
1836.26098633	53.7661933899
1837.5546875	52.8920249939
1838.84838867	53.0810432434
1840.14208984	54.2293739319
1841.43591309	54.0751876831
1842.72961426	52.4785499573
1844.02331543	52.0505447388
1845.3170166	52.9395332336
1846.61083984	52.7676582336
1847.90454102	52.9549407959
1849.19824219	53.1852645874
1850.49194336	52.8563308716
1851.7857666	53.5187950134
1853.07946777	53.3967170715
1854.37316895	52.2236709595
1855.66687012	52.9205169678
1856.96069336	53.4082450867
1858.25439453	52.8978767395
1859.5480957	53.0579986572
1860.84179688	52.7645988464
1862.13562012	52.5487480164
1863.42932129	52.5227737427
1864.72302246	52.5737991333
1866.01672363	52.8390693665
1867.31054688	52.8658790588
1868.60424805	53.0769805908
1869.89794922	52.6877975464
1871.19165039	52.0481987
1872.48547363	52.1729316711
1873.7791748	52.574180603
1875.07287598	52.5705947876
1876.36657715	52.0799865723
1877.66040039	51.5975608826
1878.95410156	51.2642669678
1880.24780273	52.1898231506
1881.54150391	52.1306495667
1882.83532715	51.2518157959
1884.12902832	51.6217803955
1885.42272949	51.9793548584
1886.71643066	51.8732643127
1888.01025391	51.7301521301
1889.30395508	51.5040473938
1890.59765625	51.9667358398
1891.89135742	51.9109153748
1893.18518066	51.2297935486
1894.47888184	51.9452438354
1895.77258301	51.9484367371
1897.06628418	51.1061859131
1898.36010742	51.8233642578
1899.65380859	52.0421028137
1900.94750977	52.7200698853
1902.24121094	51.4446372986
1903.53503418	51.8187789917
1904.82873535	52.1632957458
1906.12243652	52.3728713989
1907.4161377	51.875957489
1908.70996094	52.3230743408
1910.00366211	51.5580673218
1911.29736328	51.8684997559
1912.59106445	52.667678833
1913.8848877	53.0160560608
1915.17858887	52.4786911011
1916.47229004	52.5850868225
1917.76599121	51.8598442078
1919.05981445	51.6464805603
1920.35351563	52.3522834778
1921.6472168	52.7477149963
1922.94091797	52.5445404053
1924.23474121	51.6805267334
1925.52844238	53.2019309998
1926.82214355	52.9517478943
1928.11584473	53.3288345337
1929.40966797	54.2813873291
1930.70336914	54.4615364075
1931.99707031	54.2995872498
1933.29077148	54.1691627502
1934.58459473	54.811870575
1935.8782959	55.2886123657
1937.17199707	53.8392333984
1938.46569824	54.9545440674
1939.75952148	55.8936309814
1941.05322266	55.1105079651
1942.34692383	53.8052368164
1943.640625	54.5158920288
1944.93444824	55.7234458923
1946.22814941	56.3689918518
1947.52185059	56.0666160583
1948.81555176	55.3322563171
1950.109375	56.3446159363
1951.40307617	57.0391349792
1952.69677734	56.1299095154
1953.99047852	56.339302063
1955.28430176	57.4580039978
1956.57800293	56.4743080139
1957.8717041	55.9343414307
1959.16540527	55.8081550598
1960.45922852	55.9632492065
1961.75292969	57.195148468
1963.04663086	56.9739227295
1964.34033203	57.3860664368
1965.63415527	56.0898399353
1966.92785645	55.6286506653
1968.22155762	56.8413848877
1969.51525879	56.5748710632
1970.80908203	56.810344696
1972.1027832	57.4101257324
1973.39648438	57.6769638062
1974.69018555	58.0161705017
1975.98400879	57.2523345947
1977.27770996	56.4267425537
1978.57141113	55.78931427
1979.8651123	55.5067901611
1981.15893555	56.0587005615
1982.45263672	55.925655365
1983.74633789	55.8745040894
1985.04003906	54.9025001526
1986.3338623	54.5231933594
1987.62756348	54.0791702271
1988.92126465	54.4419708252
1990.21496582	54.6950149536
1991.50878906	53.3356132507
1992.80249023	53.5609970093
1994.09619141	53.4252586365
1995.38989258	53.7334022522
1996.68371582	54.2294387817
1997.97741699	53.0912704468
1999.27111816	53.4733772278
2000.56481934	52.6596565247
2001.85864258	53.0835418701
2003.15234375	53.0749702454
2004.44604492	51.9281463623
2005.73974609	52.5096817017
2007.03356934	52.8385925293
2008.32727051	51.5931930542
2009.62097168	52.202583313
2010.91467285	51.1828536987
2012.20849609	50.4489021301
2013.50219727	50.6551551819
2014.79589844	51.0877456665
2016.08959961	50.4660148621
2017.38342285	50.8166923523
2018.67712402	50.2070274353
2019.9708252	50.7395439148
2021.26452637	50.9693145752
2022.55834961	50.5790176392
2023.85205078	50.7682037354
2025.14575195	49.8252677917
2026.43945313	50.2494163513
2027.73327637	50.6428184509
2029.02697754	49.6041603088
2030.32067871	48.9523429871
2031.61437988	49.2538795471
2032.90820313	49.3290672302
2034.2019043	49.787979126
2035.49560547	49.7704162598
2036.78930664	49.8870697021
2038.08312988	50.0797805786
2039.37683105	49.9848327637
2040.67053223	49.3388519287
2041.9642334	49.2238464355
2043.25805664	49.1439971924
2044.55175781	49.2653312683
2045.84545898	49.6287651062
2047.13916016	49.4150848389
2048.43286133	49.5927429199
2049.7265625	48.4891891479
2051.02050781	48.4033622742
2052.31420898	49.3354759216
2053.60791016	49.5421257019
2054.90161133	49.0752716064
2056.1953125	49.3241920471
2057.48901367	49.7352828979
2058.78271484	49.2963371277
2060.07641602	47.8824005127
2061.37036133	48.1843757629
2062.6640625	48.3949508667
2063.95776367	47.0348548889
2065.25146484	48.2003555298
2066.54516602	48.3273200989
2067.83886719	48.6433258057
2069.13256836	48.8575744629
2070.42626953	48.4609985352
2071.72021484	48.4923782349
2073.01391602	48.6255989075
2074.30761719	48.7290611267
2075.60131836	48.3602981567
2076.89501953	47.979057312
2078.1887207	48.4853897095
2079.48242188	48.7698974609
2080.77612305	48.3593482971
2082.07006836	48.4380111694
2083.36376953	49.1112632751
2084.6574707	48.507434845
2085.95117188	47.6831512451
2087.24487305	48.3684120178
2088.53857422	48.9073219299
2089.83227539	49.3976364136
2091.12597656	48.9723472595
2092.41992188	46.9981155396
2093.71362305	49.1610527039
2095.00732422	48.7140159607
2096.30102539	47.8322906494
2097.59472656	47.7095947266
2098.88842773	48.9013557434
2100.18212891	48.4133300781
2101.47583008	48.9097518921
2102.76977539	49.2206954956
2104.06347656	48.4512023926
2105.35717773	48.5010948181
2106.65087891	48.8438339233
2107.94458008	48.5930328369
2109.23828125	48.2262954712
2110.53198242	48.7299613953
2111.82568359	48.3371810913
2113.11962891	47.7402076721
2114.41333008	48.4201087952
2115.70703125	48.1916427612
2117.00073242	47.331817627
2118.29443359	47.9682884216
2119.58813477	46.6244544983
2120.88183594	47.1128005981
2122.17553711	48.8049583435
2123.46948242	48.6967163086
2124.76318359	48.1386528015
2126.05688477	48.7082710266
2127.35058594	48.0962905884
2128.64428711	48.7405319214
2129.93798828	48.4086723328
2131.23168945	47.8527374268
2132.52539063	48.8770370483
2133.81933594	48.992061615
2135.11303711	48.7028541565
2136.40673828	48.3144035339
2137.70043945	47.6545906067
2138.99414063	48.3068504333
2140.2878418	47.9278068542
2141.58154297	48.394733429
2142.87524414	48.6258163452
2144.16918945	48.4837760925
2145.46289063	48.8843841553
2146.7565918	48.5716896057
2148.05029297	49.2454719543
2149.34399414	49.0775566101
2150.63769531	48.4594306946
2151.93139648	48.320690155
2153.22509766	48.7919960022
2154.51904297	48.6336250305
2155.81274414	48.1962852478
2157.10644531	48.4133224487
2158.40014648	48.1943435669
2159.69384766	47.5937232971
2160.98754883	48.1936836243
2162.28125	49.0715942383
2163.57495117	49.1085395813
2164.86889648	48.5155181885
2166.16259766	48.6681175232
2167.45629883	47.9044647217
2168.75	48.2994422913
2170.04370117	49.3236465454
2171.33740234	48.6766357422
2172.63110352	48.4844169617
2173.92504883	49.1614952087
2175.21875	49.1582450867
2176.51245117	48.0661773682
2177.80615234	48.1508369446
2179.09985352	48.5515861511
2180.39355469	48.5193748474
2181.68725586	48.6181602478
2182.98095703	49.3749465942
2184.27490234	48.7238311768
2185.56860352	47.3473815918
2186.86230469	48.5669746399
2188.15600586	48.8204650879
2189.44970703	48.9111022949
2190.7434082	49.1791610718
2192.03710938	48.2561683655
2193.33081055	48.4129753113
2194.62475586	48.753490448
2195.91845703	48.8110580444
2197.2121582	49.230670929
2198.50585938	49.7604827881
2199.79956055	48.9528083801
2201.09326172	48.7353591919
2202.38696289	49.0226402283
2203.68066406	48.7187767029
2204.97460938	48.6109580994
2206.26831055	48.297580719
2207.56201172	48.5828590393
2208.85571289	48.5006256104
2210.14941406	48.7682647705
2211.44311523	48.5441398621
2212.73681641	49.0408401489
2214.03051758	49.0412483215
2215.32446289	48.3835258484
2216.61816406	49.0529785156
2217.91186523	49.3403167725
2219.20556641	48.7073020935
2220.49926758	49.2423706055
2221.79296875	49.3036308289
2223.08666992	48.9596290588
2224.38037109	49.3758354187
2225.67431641	49.356502533
2226.96801758	49.3348770142
2228.26171875	50.1920051575
2229.55541992	49.1068191528
2230.84912109	49.0599403381
2232.14282227	49.1316299438
2233.43652344	48.9490699768
2234.73022461	49.4851951599
2236.02416992	49.3972969055
2237.31787109	49.629863739
2238.61157227	49.5051078796
2239.90527344	48.5680122375
2241.19897461	49.8765907288
2242.49267578	48.9318313599
2243.78637695	49.3488082886
2245.08007813	49.4442443848
2246.37402344	48.1318054199
2247.66772461	48.7944412231
2248.96142578	48.9871520996
2250.25512695	49.6156311035
2251.54882813	49.3245239258
2252.8425293	48.7934875488
2254.13623047	48.6339416504
2255.42993164	49.8826828003
2256.72387695	48.918094635
2258.01757813	48.2899093628
2259.3112793	49.5222396851
2260.60498047	48.8604125977
2261.89868164	48.6539764404
2263.19238281	48.2150344849
2264.48608398	47.9533348083
2265.77978516	48.8773231506
2267.07373047	49.0930404663
2268.36743164	48.8892555237
2269.66113281	48.537109375
2270.95483398	49.4641532898
2272.24853516	48.2969665527
2273.54223633	48.3112716675
2274.8359375	48.5687599182
2276.12963867	48.846660614
2277.42358398	48.7723731995
2278.71728516	49.4394187927
2280.01098633	49.2823829651
2281.3046875	49.2558670044
2282.59838867	48.9077758789
2283.89208984	49.3543701172
2285.18579102	48.4829978943
2286.47949219	48.6138687134
2287.7734375	49.334197998
2289.06713867	49.126121521
2290.36083984	48.4674186707
2291.65454102	48.8428230286
2292.94824219	49.5209884644
2294.24194336	50.011932373
2295.53564453	49.5346069336
2296.8293457	49.7821464539
2298.12329102	49.0092544556
2299.41699219	49.0474777222
2300.71069336	49.7407188416
2302.00439453	49.055355072
2303.2980957	49.4015083313
2304.59179688	49.7710151672
2305.88549805	49.4426307678
2307.17919922	48.8749809265
2308.47314453	50.0510559082
2309.7668457	50.0107040405
2311.06054688	50.5190238953
2312.35424805	50.7031478882
2313.64794922	50.47864151
2314.94165039	50.7122459412
2316.23535156	50.818031311
2317.52905273	49.3219718933
2318.82299805	49.2153739929
2320.11669922	49.8428001404
2321.41040039	49.6613464355
2322.70410156	49.1166114807
2323.99780273	49.1111068726
2325.29150391	49.2300682068
2326.58520508	49.7811660767
2327.87890625	49.1500244141
2329.17285156	50.0652770996
2330.46655273	50.2712936401
2331.76025391	49.6932640076
2333.05395508	50.2909736633
2334.34765625	50.3527450562
2335.64135742	49.3585014343
2336.93505859	49.5619850159
2338.22875977	50.626121521
2339.52270508	49.8040657043
2340.81640625	49.9386253357
2342.11010742	49.7492790222
2343.40380859	49.3670959473
2344.69750977	48.8316497803
2345.99121094	48.5689468384
2347.28491211	48.9120178223
2348.57861328	49.0686149597
2349.87255859	49.9010314941
2351.16625977	49.666721344
2352.45996094	49.0387954712
2353.75366211	49.0369949341
2355.04736328	49.5470314026
2356.34106445	49.5810546875
2357.63476563	49.6200370789
2358.9284668	49.725856781
2360.22241211	50.1712150574
2361.51611328	49.2989501953
2362.80981445	50.6033859253
2364.10351563	49.9774246216
2365.3972168	50.5024757385
2366.69091797	49.9811935425
2367.98461914	50.4476470947
2369.27832031	50.2412452698
2370.57226563	50.3396034241
2371.8659668	50.7497329712
2373.15966797	50.23878479
2374.45336914	49.7212791443
2375.74707031	50.3870620728
2377.04077148	50.7511177063
2378.33447266	50.9271202087
2379.62817383	50.4351081848
2380.92211914	51.4201469421
2382.21582031	51.2445297241
2383.50952148	50.5509338379
2384.80322266	50.6082344055
2386.09692383	50.2097015381
2387.390625	50.7836761475
2388.68432617	51.1163597107
2389.97802734	51.139175415
2391.27197266	51.041557312
2392.56567383	51.3947906494
2393.859375	50.952960968
2395.15307617	51.8083229065
2396.44677734	51.4939155579
2397.74047852	50.7398872375
2399.03417969	51.1572151184
2400.32788086	51.1546592712
2401.62182617	51.3934059143
2402.91552734	52.2766723633
2404.20922852	52.6278877258
2405.50292969	52.7895240784
2406.79663086	52.8144645691
2408.09033203	52.9767684937
2409.3840332	51.8991508484
2410.67773438	52.3516960144
2411.97167969	53.0285224915
2413.26538086	51.8401985168
2414.55908203	52.7702102661
2415.8527832	53.775188446
2417.14648438	53.9934272766
2418.44018555	53.4050140381
2419.73388672	53.7026443481
2421.02758789	53.7136039734
2422.3215332	54.3029022217
2423.61523438	53.3676185608
2424.90893555	54.8172035217
2426.20263672	54.3937835693
2427.49633789	55.1922073364
2428.79003906	54.6130867004
2430.08374023	55.6110725403
2431.37744141	56.2343292236
2432.67138672	55.6118354797
2433.96508789	56.872882843
2435.25878906	57.5857543945
2436.55249023	57.0045585632
2437.84619141	57.3170890808
2439.13989258	57.3885192871
2440.43359375	56.7239189148
2441.72729492	59.4289894104
2443.02124023	58.7857971191
2444.31494141	59.1084251404
2445.60864258	59.7627677917
2446.90234375	60.2744979858
2448.19604492	61.1857681274
2449.48974609	62.1988525391
2450.78344727	61.849105835
2452.07714844	62.5610733032
2453.37109375	61.602142334
2454.66479492	62.4705314636
2455.95849609	62.1670036316
2457.25219727	63.8150787354
2458.54589844	63.0847549438
2459.83959961	62.4688720703
2461.13330078	62.327999115
2462.42700195	62.0923576355
2463.72094727	63.1020240784
2465.01464844	62.4707374573
2466.30834961	61.538444519
2467.60205078	61.2739143372
2468.89575195	61.586555481
2470.18945313	63.1852416992
2471.4831543	62.7738838196
2472.77685547	63.4545783997
2474.07080078	64.0408248901
2475.36450195	63.3282928467
2476.65820313	63.3291282654
2477.9519043	62.6093940735
2479.24560547	63.2407112122
2480.53930664	61.6682701111
2481.83300781	62.381893158
2483.12670898	62.6799850464
2484.4206543	61.8597221375
2485.71435547	62.4219245911
2487.00805664	61.6251296997
2488.30175781	62.8897781372
2489.59545898	62.2853050232
2490.88916016	60.9233283997
2492.18286133	61.1350250244
2493.4765625	61.3336372375
2494.77050781	60.7525634766
2496.06420898	61.2003326416
2497.35791016	61.4197387695
2498.65161133	61.4231567383
2499.9453125	60.4982833862
2501.23901367	60.7514228821
2502.53271484	60.8551025391
2503.82641602	60.5723228455
2505.12036133	60.5971183777
2506.4140625	60.8280258179
2507.70776367	60.5296440125
2509.00146484	60.6158714294
2510.29516602	61.7643280029
2511.58886719	61.8585205078
2512.88256836	62.0337715149
2514.17626953	62.4597892761
2515.47021484	61.6380767822
2516.76391602	60.9103279114
2518.05761719	61.0209541321
2519.35131836	61.7694778442
2520.64501953	61.9593429565
2521.9387207	62.2462882996
2523.23242188	61.8812294006
2524.52612305	62.1557998657
2525.82006836	60.3092880249
2527.11376953	62.5242462158
2528.4074707	62.4679145813
2529.70117188	62.4969978333
2530.99487305	62.3342704773
2532.28857422	62.337097168
2533.58227539	63.3372764587
2534.87597656	63.137550354
2536.16992188	63.1857948303
2537.46362305	64.192565918
2538.75732422	63.1880264282
2540.05102539	65.2283706665
2541.34472656	64.1652832031
2542.63842773	64.3824768066
2543.93212891	63.3182258606
2545.22583008	63.7749557495
2546.51977539	65.569229126
2547.81347656	64.9562911987
2549.10717773	64.3395080566
2550.40087891	65.6277694702
2551.69458008	63.4651298523
2552.98828125	64.7397384644
2554.28198242	65.1882781982
2555.57568359	66.4543914795
2556.86962891	66.6752166748
2558.16333008	66.4681625366
2559.45703125	66.8318252563
2560.75073242	67.1760559082
2562.04443359	69.3962402344
2563.33813477	68.757019043
2564.63183594	69.9716567993
2565.92553711	70.8418731689
2567.21948242	70.2529449463
2568.51318359	71.9168319702
2569.80688477	72.7704925537
2571.10058594	73.695274353
2572.39428711	73.7487792969
2573.68798828	75.0757751465
2574.98168945	75.6638412476
2576.27539063	75.6591796875
2577.56933594	75.7739639282
2578.86303711	78.2980499268
2580.15673828	79.4990997314
2581.45043945	80.2080764771
2582.74414063	80.6682510376
2584.0378418	81.8045959473
2585.33154297	82.2071380615
2586.62524414	85.1005706787
2587.91918945	86.12525177
2589.21289063	87.6772460938
2590.5065918	88.0776596069
2591.80029297	89.195602417
2593.09399414	89.9100646973
2594.38769531	91.3867874146
2595.68139648	93.435798645
2596.97509766	95.4551086426
2598.26904297	95.5791625977
2599.56274414	98.1268844604
2600.85644531	97.7453308105
2602.15014648	100.530090332
2603.44384766	102.847923279
2604.73754883	104.402580261
2606.03125	105.966743469
2607.32495117	108.393920898
2608.61889648	110.079162598
2609.91259766	113.596786499
2611.20629883	116.658699036
2612.5	118.2735672
2613.79370117	121.204910278
2615.08740234	124.509124756
2616.38110352	127.436607361
2617.67504883	130.329437256
2618.96875	134.328857422
2620.26245117	139.425109863
2621.55615234	143.202941895
2622.84985352	144.800140381
2624.14355469	150.734832764
2625.43725586	155.180526733
2626.73095703	159.830551147
2628.02490234	162.726150513
2629.31860352	170.364349365
2630.61230469	176.805984497
2631.90600586	179.516220093
2633.19970703	183.976379395
2634.4934082	190.20274353
2635.78710938	196.724838257
2637.08081055	201.58505249
2638.37475586	210.188293457
2639.66845703	216.914047241
2640.9621582	225.177612305
2642.25585938	232.509368896
2643.54956055	243.37121582
2644.84326172	254.336853027
2646.13696289	258.697540283
2647.43066406	270.730316162
2648.72460938	279.231994629
2650.01831055	286.887115479
2651.31201172	300.613739014
2652.60571289	311.864654541
2653.89941406	323.379669189
2655.19311523	332.344543457
2656.48681641	339.226379395
2657.78051758	348.569488525
2659.07446289	354.032470703
2660.36816406	358.585205078
2661.66186523	361.309783936
2662.95556641	366.583404541
2664.24926758	365.746063232
2665.54296875	364.438354492
2666.83666992	364.579956055
2668.13037109	354.946838379
2669.42431641	346.367431641
2670.71801758	338.667877197
2672.01171875	331.505523682
2673.30541992	323.678344727
2674.59912109	307.748016357
2675.89282227	297.159698486
2677.18652344	284.700164795
2678.48022461	272.113006592
2679.77416992	263.403625488
2681.06787109	249.763366699
2682.36157227	238.79069519
2683.65527344	228.36946106
2684.94897461	221.94744873
2686.24267578	211.606262207
2687.53637695	202.190292358
2688.83007813	194.156219482
2690.12402344	187.066467285
2691.41772461	176.981948853
2692.71142578	170.680496216
2694.00512695	163.565048218
2695.29882813	157.785263062
2696.5925293	151.281600952
2697.88623047	146.117935181
2699.17993164	140.350402832
2700.47387695	134.42829895
2701.76757813	131.528594971
2703.0612793	125.154777527
2704.35498047	121.599212646
2705.64868164	118.885017395
2706.94238281	116.411399841
2708.23608398	112.442817688
2709.52978516	108.685768127
2710.82373047	105.880989075
2712.11743164	103.633865356
2713.41113281	101.10294342
2714.70483398	99.5157165527
2715.99853516	94.2563476563
2717.29223633	93.4937210083
2718.5859375	91.276802063
2719.87963867	90.0610427856
2721.17358398	88.7175674438
2722.46728516	87.7144851685
2723.76098633	86.7460632324
2725.0546875	83.1512374878
2726.34838867	82.7770004272
2727.64208984	80.8739013672
2728.93579102	80.7676544189
2730.22949219	80.3404846191
2731.5234375	77.8356399536
2732.81713867	75.133682251
2734.11083984	76.3122787476
2735.40454102	76.7559432983
2736.69824219	73.8107910156
2737.99194336	73.7526626587
2739.28564453	73.0012130737
2740.5793457	71.2537689209
2741.87329102	71.1072387695
2743.16699219	69.1873397827
2744.46069336	68.9426879883
2745.75439453	68.8792724609
2747.0480957	67.0570831299
2748.34179688	67.4015274048
2749.63549805	67.2348403931
2750.92919922	66.4915390015
2752.22314453	66.5087432861
2753.5168457	66.548500061
2754.81054688	65.4802093506
2756.10424805	63.2429885864
2757.39794922	63.4976882935
2758.69165039	64.5630569458
2759.98535156	65.0442733765
2761.27905273	63.5350379944
2762.57299805	63.100818634
2763.86669922	61.3835334778
2765.16040039	60.9367523193
2766.45410156	62.2685966492
2767.74780273	61.1980056763
2769.04150391	60.8223686218
2770.33520508	61.0707817078
2771.62890625	61.2034683228
2772.92285156	60.6655731201
2774.21655273	61.6637802124
2775.51025391	61.3644485474
2776.80395508	59.211769104
2778.09765625	59.6596946716
2779.39135742	59.6471672058
2780.68505859	59.6919708252
2781.97875977	58.9454689026
2783.27270508	59.5189285278
2784.56640625	59.3849449158
2785.86010742	59.2821922302
2787.15380859	59.4256286621
2788.44750977	59.0228843689
2789.74121094	58.5583000183
2791.03491211	57.2034111023
2792.32861328	56.9731674194
2793.62255859	57.9545173645
2794.91625977	58.4314994812
2796.20996094	57.698551178
2797.50366211	58.2493553162
2798.79736328	57.5398254395
2800.09106445	57.5508003235
2801.38476563	57.5816268921
2802.6784668	58.5352020264
2803.97241211	57.6986808777
2805.26611328	57.3112945557
2806.55981445	58.2866210938
2807.85351563	57.1355247498
2809.1472168	56.6065711975
2810.44091797	57.6007881165
2811.73461914	56.0824546814
2813.02832031	57.3225517273
2814.32226563	57.4005126953
2815.6159668	56.808971405
2816.90966797	56.728427887
2818.20336914	56.1918792725
2819.49707031	56.0225334167
2820.79077148	55.5656356812
2822.08447266	55.5550613403
2823.37817383	56.1435546875
2824.67211914	55.7038879395
2825.96582031	55.5818138123
2827.25952148	55.4564285278
2828.55322266	55.0598983765
2829.84692383	54.2897415161
2831.140625	55.0737380981
2832.43432617	54.7079277039
2833.72802734	54.9176712036
2835.02197266	54.7872085571
2836.31567383	53.9512023926
2837.609375	54.9453773499
2838.90307617	54.2756462097
2840.19677734	55.3564224243
2841.49047852	55.3134841919
2842.78417969	54.4612426758
2844.07788086	54.5963287354
2845.37182617	54.2585601807
2846.66552734	54.1678466797
2847.95922852	54.8301086426
2849.25292969	54.0424118042
2850.54663086	55.0069465637
2851.84033203	54.4854660034
2853.1340332	53.8140258789
2854.42773438	53.3355293274
2855.72167969	54.2306060791
2857.01538086	53.8467674255
2858.30908203	54.1192359924
2859.6027832	53.893081665
2860.89648438	54.1028709412
2862.19018555	53.9968910217
2863.48388672	53.1872634888
2864.77758789	53.2804946899
2866.0715332	53.328754425
2867.36523438	55.0359191895
2868.65893555	53.7384796143
2869.95263672	53.7109603882
2871.24633789	53.7506561279
2872.54003906	54.1713523865
2873.83374023	53.7909240723
2875.12744141	54.8892097473
2876.42138672	54.7472419739
2877.71508789	53.9020996094
2879.00878906	52.6675224304
2880.30249023	52.8165283203
2881.59619141	52.8315429688
2882.88989258	53.5903663635
2884.18359375	53.5147705078
2885.47729492	53.3433685303
2886.77124023	52.1199417114
2888.06494141	53.1158027649
2889.35864258	53.6032180786
2890.65234375	53.6181755066
2891.94604492	52.6338195801
2893.23974609	52.9903945923
2894.53344727	52.9517097473
2895.82714844	52.6337432861
2897.12109375	53.4617462158
2898.41479492	52.9577560425
2899.70849609	52.9297904968
2901.00219727	52.280292511
2902.29589844	53.137134552
2903.58959961	53.7485198975
2904.88330078	53.8635139465
2906.17700195	53.7473831177
2907.47094727	53.2936515808
2908.76464844	53.0438423157
2910.05834961	52.8673362732
2911.35205078	52.7496757507
2912.64575195	53.3456840515
2913.93945313	54.1221580505
2915.2331543	53.529750824
2916.52685547	52.8812942505
2917.82080078	53.9062995911
2919.11450195	53.9204292297
2920.40820313	53.6615829468
2921.7019043	52.6703033447
2922.99560547	53.1968078613
2924.28930664	54.2832260132
2925.58300781	53.3213729858
2926.87670898	52.7974891663
2928.1706543	53.1527290344
2929.46435547	52.2364387512
2930.75805664	52.5362167358
2932.05175781	52.5057067871
2933.34545898	52.6328277588
2934.63916016	51.899559021
2935.93286133	52.0327568054
2937.2265625	52.6148147583
2938.52050781	52.2073898315
2939.81420898	52.3820877075
2941.10791016	51.8745422363
2942.40161133	51.4495239258
2943.6953125	52.0196418762
2944.98901367	51.3723449707
2946.28271484	51.0193138123
2947.57641602	52.4408416748
2948.87036133	52.6806106567
2950.1640625	51.1818656921
2951.45776367	51.9500350952
2952.75146484	51.0684661865
2954.04516602	51.0922698975
2955.33886719	51.9973144531
2956.63256836	52.1964225769
2957.92626953	49.5537834167
2959.22021484	51.9255180359
2960.51391602	52.2700157166
2961.80761719	51.0335350037
2963.10131836	50.7963218689
2964.39501953	50.5950775146
2965.6887207	51.1409263611
2966.98242188	50.3821411133
2968.27612305	51.1938667297
2969.57006836	51.8690109253
2970.86376953	51.0536727905
2972.1574707	50.3409042358
2973.45117188	49.6833648682
2974.74487305	50.2601203918
2976.03857422	49.8946037292
2977.33227539	50.677066803
2978.62597656	50.5205307007
2979.91992188	50.4589233398
2981.21362305	50.3357200623
2982.50732422	51.3701705933
2983.80102539	51.3887634277
2985.09472656	50.5101051331
2986.38842773	49.7081718445
2987.68212891	51.0711479187
2988.97583008	50.7541351318
2990.26977539	51.3474617004
2991.56347656	50.2859802246
2992.85717773	50.2777519226
2994.15087891	50.189956665
2995.44458008	50.0372924805
2996.73828125	50.1937103271
2998.03198242	50.6794662476
2999.32568359	50.7743225098
3000.61962891	50.8417739868
3001.91333008	50.9664840698
3003.20703125	49.5753097534
3004.50073242	49.5764427185
3005.79443359	50.2396621704
3007.08813477	50.4162025452
3008.38183594	49.9284095764
3009.67553711	49.2799873352
3010.96948242	49.5096855164
3012.26318359	49.8515014648
3013.55688477	48.7073287964
3014.85058594	49.5525436401
3016.14428711	50.2234306335
3017.43798828	50.5762252808
3018.73168945	49.0227241516
3020.02539063	50.1503067017
3021.31933594	50.0619659424
3022.61303711	50.5579223633
3023.90673828	49.690284729
3025.20043945	49.5442962646
3026.49414063	50.0057220459
3027.7878418	50.3514633179
3029.08154297	49.9405899048
3030.37524414	50.0949554443
3031.66918945	50.7921562195
3032.96289063	49.6971893311
3034.2565918	49.6591033936
3035.55029297	50.1159744263
3036.84399414	50.4898796082
3038.13769531	50.0694236755
3039.43139648	50.3931655884
3040.72509766	50.4029769897
3042.01904297	49.8517379761
3043.31274414	50.1970825195
3044.60644531	50.6365089417
3045.90014648	50.1993789673
3047.19384766	49.8563270569
3048.48754883	50.0487136841
3049.78125	49.8199653625
3051.07495117	50.0123825073
3052.36889648	50.9530220032
3053.66259766	50.5381088257
3054.95629883	50.3707389832
3056.25	49.5692062378
3057.54370117	50.0295524597
3058.83740234	49.7511520386
3060.13110352	50.4078865051
3061.42504883	50.9606742859
3062.71875	50.5360908508
3064.01245117	49.4320259094
3065.30615234	50.3131866455
3066.59985352	50.5151672363
3067.89355469	49.4546890259
3069.18725586	50.8516387939
3070.48095703	50.7834014893
3071.77490234	50.8656578064
3073.06860352	50.2125396729
3074.36230469	50.119354248
3075.65600586	50.3766822815
3076.94970703	50.5458831787
3078.2434082	51.3608016968
3079.53710938	51.2284164429
3080.83081055	51.1509628296
3082.12475586	51.1595420837
3083.41845703	50.6737365723
3084.7121582	51.3414421082
3086.00585938	50.6285743713
3087.29956055	51.1786193848
3088.59326172	51.1826248169
3089.88696289	50.9112129211
3091.18066406	50.8049468994
3092.47460938	51.4613075256
3093.76831055	50.6683425903
3095.06201172	50.8321800232
3096.35571289	51.6461029053
3097.64941406	50.9224700928
3098.94311523	51.304599762
3100.23681641	52.0621643066
3101.53051758	50.8553390503
3102.82446289	50.9719734192
3104.11816406	51.7303619385
3105.41186523	51.7109832764
3106.70556641	51.9117012024
3107.99926758	52.3239898682
3109.29296875	53.3447265625
3110.58666992	52.9122543335
3111.88037109	53.0440788269
3113.17431641	52.764541626
3114.46801758	53.0495643616
3115.76171875	53.435798645
3117.05541992	52.5219230652
3118.34912109	53.1407737732
3119.64282227	52.6317138672
3120.93652344	53.028553009
3122.23022461	54.0875205994
3123.52416992	53.2975158691
3124.81787109	54.6278381348
3126.11157227	55.4671630859
3127.40527344	55.2372436523
3128.69897461	55.0147171021
3129.99267578	55.3147239685
3131.28637695	55.7905578613
3132.58007813	55.2932357788
3133.87402344	54.9757957458
3135.16772461	56.3476104736
3136.46142578	55.8385620117
3137.75512695	53.7443962097
3139.04882813	56.7473258972
3140.3425293	57.0313873291
3141.63623047	56.8145256042
3142.92993164	57.1190032959
3144.22387695	56.8773880005
3145.51757813	58.1457710266
3146.8112793	59.2964668274
3148.10498047	59.3902931213
3149.39868164	59.9498596191
3150.69238281	59.2511062622
3151.98608398	59.3234977722
3153.27978516	61.2355194092
3154.57373047	62.0199050903
3155.86743164	62.7547721863
3157.16113281	63.3370323181
3158.45483398	65.0407104492
3159.74853516	65.184967041
3161.04223633	66.6692581177
3162.3359375	66.5234832764
3163.62963867	68.230682373
3164.92358398	67.4507904053
3166.21728516	67.8575973511
3167.51098633	68.6893157959
3168.8046875	69.2657928467
3170.09838867	69.0171890259
3171.39208984	70.0906829834
3172.68579102	70.8469467163
3173.97949219	70.7877578735
3175.2734375	71.8999938965
3176.56713867	71.6627655029
3177.86083984	72.9929122925
3179.15454102	74.1182174683
3180.44824219	74.7689208984
3181.74194336	75.45728302
3183.03564453	74.4659500122
3184.3293457	76.1638183594
3185.62329102	78.4797973633
3186.91699219	77.3512268066
3188.21069336	76.7379684448
3189.50439453	76.3317871094
3190.7980957	76.2606277466
3192.09179688	75.9597015381
3193.38549805	76.1253585815
3194.67919922	75.6752700806
3195.97314453	73.9984664917
3197.2668457	75.0563354492
3198.56054688	73.5918121338
3199.85424805	74.2189331055
3201.14794922	73.4641647339
3202.44165039	72.6944961548
3203.73535156	71.8567886353
3205.02905273	70.9218978882
3206.32299805	70.8878860474
3207.61669922	70.0550460815
3208.91040039	71.0110473633
3210.20410156	71.469581604
3211.49780273	69.419960022
3212.79150391	68.3545608521
3214.08520508	68.3076324463
3215.37890625	69.034942627
3216.67285156	69.5873718262
3217.96655273	69.5512008667
3219.26025391	68.7453079224
3220.55395508	68.4145126343
3221.84765625	68.8415298462
3223.14135742	68.6045913696
3224.43505859	68.6318817139
3225.72875977	69.7265701294
3227.02270508	70.757850647
3228.31640625	69.9760284424
3229.61010742	68.4180603027
3230.90380859	69.5604095459
3232.19750977	70.0533218384
3233.49121094	69.3755874634
3234.78491211	69.3304672241
3236.07861328	68.0191879272
3237.37255859	66.9149093628
3238.66625977	66.7486724854
3239.95996094	65.0916366577
3241.25366211	64.3191375732
3242.54736328	63.3824615479
3243.84106445	62.939453125
3245.13476563	61.5862464905
3246.4284668	60.5047645569
3247.72241211	61.3093185425
3249.01611328	59.753578186
3250.30981445	58.8556594849
3251.60351563	58.0400238037
3252.8972168	57.8209228516
3254.19091797	56.4151229858
3255.48461914	56.6640205383
3256.77832031	54.6948547363
3258.07226563	54.5284156799
3259.3659668	54.2206993103
3260.65966797	54.0153388977
3261.95336914	53.9456825256
3263.24707031	53.7689476013
3264.54077148	54.0508117676
3265.83447266	52.7059631348
3267.12817383	52.4046401978
3268.42211914	51.7280769348
3269.71582031	52.4144554138
3271.00952148	51.8154258728
3272.30322266	52.3308563232
3273.59692383	51.4741859436
3274.890625	51.5587234497
3276.18432617	50.4738922119
3277.47802734	51.6607475281
3278.77197266	51.37317276
3280.06567383	51.3089370728
3281.359375	50.813205719
3282.65307617	51.2588615417
3283.94677734	49.9917526245
3285.24047852	51.0649147034
3286.53417969	51.860622406
3287.82788086	51.7578201294
3289.12182617	51.2054023743
3290.41552734	49.5866012573
3291.70922852	49.8145332336
3293.00292969	49.9630393982
3294.29663086	50.1954193115
3295.59033203	50.0690155029
3296.8840332	49.6827125549
3298.17773438	50.3132171631
3299.47167969	50.3063354492
3300.76538086	50.3102378845
3302.05908203	49.465637207
3303.3527832	50.1508712769
3304.64648438	50.4575386047
3305.94018555	49.6805152893
3307.23388672	49.8978004456
3308.52758789	49.3777236938
3309.8215332	49.9299659729
3311.11523438	50.5940170288
3312.40893555	50.6662330627
3313.70263672	49.6746520996
3314.99633789	50.1094169617
3316.29003906	50.4531440735
3317.58374023	49.9712677002
3318.87744141	49.2793464661
3320.17138672	49.3804626465
3321.46508789	49.336139679
3322.75878906	49.8544311523
3324.05249023	50.2664985657
3325.34619141	50.6048202515
3326.63989258	49.870388031
3327.93359375	50.4690475464
3329.22729492	49.3166770935
3330.52124023	50.4366569519
3331.81494141	50.6268310547
3333.10864258	50.4345397949
3334.40234375	49.6389350891
3335.69604492	49.7998085022
3336.98974609	49.5740432739
3338.28344727	50.0050392151
3339.57714844	49.0502319336
3340.87109375	50.2285041809
3342.16479492	49.936126709
3343.45849609	49.5221977234
3344.75219727	50.5005645752
3346.04589844	50.068611145
3347.33959961	49.79114151
3348.63330078	49.9471473694
3349.92700195	49.9548149109
3351.22094727	49.9637451172
3352.51464844	49.7977485657
3353.80834961	49.6531829834
3355.10205078	49.8341941833
3356.39575195	50.4971580505
3357.68945313	49.6603927612
3358.9831543	49.7802886963
3360.27685547	50.4774284363
3361.57080078	50.0581970215
3362.86450195	49.5361595154
3364.15820313	49.8335571289
3365.4519043	50.0267601013
3366.74560547	50.410282135
3368.03930664	50.8456954956
3369.33300781	49.649066925
3370.62670898	50.4666252136
3371.9206543	49.3790664673
3373.21435547	49.0693778992
3374.50805664	49.1705703735
3375.80175781	49.9513168335
3377.09545898	49.2958259583
3378.38916016	51.1344833374
3379.68286133	49.6741371155
3380.9765625	48.7725563049
3382.27050781	49.8569793701
3383.56420898	49.8546333313
3384.85791016	49.8429908752
3386.15161133	50.5125694275
3387.4453125	48.7330207825
3388.73901367	49.2538414001
3390.03271484	49.4935417175
3391.32641602	48.8957710266
3392.62036133	50.0371742249
3393.9140625	49.3167724609
3395.20776367	49.1783294678
3396.50146484	48.847492218
3397.79516602	49.3469810486
3399.08886719	49.8576774597
3400.38256836	50.1930732727
3401.67626953	50.1289596558
3402.97021484	49.1881637573
3404.26391602	48.7268638611
3405.55761719	49.5570220947
3406.85131836	49.2836875916
3408.14501953	49.1478424072
3409.4387207	49.4967041016
3410.73242188	48.8888092041
3412.02612305	49.2775878906
3413.32006836	48.9694786072
3414.61376953	49.1147232056
3415.9074707	48.889591217
3417.20117188	49.2076148987
3418.49487305	49.1723060608
3419.78857422	48.6310043335
3421.08227539	47.1718978882
3422.37597656	48.6223068237
3423.66992188	48.5164222717
3424.96362305	48.339756012
3426.25732422	49.3390617371
3427.55102539	48.3956756592
3428.84472656	48.3807525635
3430.13842773	49.9771080017
3431.43212891	47.9244194031
3432.72583008	49.3732299805
3434.01977539	48.2078590393
3435.31347656	48.0701179504
3436.60717773	48.8116149902
3437.90087891	49.2824249268
3439.19458008	48.4395103455
3440.48828125	48.1947174072
3441.78198242	49.0829658508
3443.07568359	48.3572692871
3444.36962891	48.1064109802
3445.66333008	49.3077316284
3446.95703125	48.4177818298
3448.25073242	49.1082191467
3449.54443359	49.0404777527
3450.83813477	48.7946014404
3452.13183594	48.6091766357
3453.42553711	48.6986503601
3454.71948242	47.5351448059
3456.01318359	46.9605026245
3457.30688477	48.521774292
3458.60058594	49.0059661865
3459.89428711	49.2326583862
3461.18798828	48.5242767334
3462.48168945	48.7862129211
3463.77539063	48.4698295593
3465.06933594	48.6031646729
3466.36303711	48.7753753662
3467.65673828	48.9105758667
3468.95043945	48.2616539001
3470.24414063	48.6100273132
3471.5378418	48.0637321472
3472.83154297	48.2238616943
3474.12524414	48.9656867981
3475.41918945	48.2657775879
3476.71289063	48.6598472595
3478.0065918	48.266204834
3479.30029297	48.8960151672
3480.59399414	48.3348960876
3481.88769531	49.7606506348
3483.18139648	48.7277793884
3484.47509766	48.8970909119
3485.76904297	49.1793556213
3487.06274414	48.2393455505
3488.35644531	48.5680923462
3489.65014648	49.5309333801
3490.94384766	48.7958106995
3492.23754883	48.1038093567
3493.53125	48.8969573975
3494.82495117	48.93359375
3496.11889648	48.6508750916
3497.41259766	48.9783287048
3498.70629883	48.9241218567
3500	48.5826683044
